9A F9 B1 44 33 23 B6 44 9A 39 B0 44 66 46 A1 44 9A 79 8A 44 33 13 60 44 33 13 29 44 33 B3 EE 43
9A 19 9D 43 00 00 3F 43 9A 99 E2 42 9A 99 85 42 66 66 38 42 CD CC 1E 42 33 33 1B 42 66 66 1C 42
1C C7 29 42 E4 38 1A 42 C7 71 08 42 E4 38 EE 41 55 55 D5 41 C7 71 BC 41 C7 71 BC 41 C7 71 BC 41
E4 38 CE 41 AB AA EA 41 33 33 E7 41 33 33 F3 41 CD CC F8 41 00 00 EC 41 66 66 D2 41 CD CC B8 41
66 66 92 41 CD CC 6C 41 72 1C 47 41 00 00 18 41 92 24 E9 40 AB AA BA 40 33 33 73 40 CD CC 0C 40
CD CC CC 3F 00 00 80 3F 00 00 80 3F 00 00 80 3F 00 00 C0 3F DB B6 ED 3F 00 00 08 40 55 55 15 40
00 00 20 40 33 33 33 40 66 66 46 40 9A 99 59 40 9A 99 59 40 9A 99 59 40 66 66 46 40 33 33 33 40
00 00 20 40 CD CC 0C 40 33 33 F3 3F CD CC CC 3F 66 66 A6 3F 00 00 80 3F 00 00 80 3F 00 00 80 3F
00 00 80 3F 00 00 80 3F 00 00 80 3F 00 00 80 3F 00 00 80 3F 00 00 80 3F 00 00 80 3F 00 00 80 3F
00 00 80 3F 00 00 80 3F 00 00 80 3F 00 00 80 3F 00 00 80 3F 00 00 80 3F 00 00 80 3F 00 00 80 3F
00 00 80 3F 00 00 80 3F 00 00 80 3F 00 00 80 3F 00 00 80 3F 00 00 80 3F 00 00 80 3F 00 00 80 3F
00 00 80 3F 00 00 00 00 00 00 00 00 00 00 00 00 00 00 00 00 00 00 00 00 00 00 00 00 00 00 00 00
00 00 00 00 00 00 00 00 00 00 00 00 00 00 00 00 00 00 00 00 00 00 00 00 00 00 00 00 00 00 00 00
00 00 00 00 00 00 00 00 00 00 00 00 00 00 00 00 00 00 00 00 00 00 00 00 00 00 00 00 00 00 00 00
00 00 00 00 00 00 00 00 00 00 00 00 00 00 00 00 00 00 00 00 00 00 00 00 00 00 00 00 00 00 00 00
00 00 00 00 00 00 00 00 00 00 00 00 00 00 00 00 00 00 00 00 00 00 00 00 00 00 00 00 00 00 00 00
00 00 00 00 00 00 00 00 00 00 00 00 00 00 00 00 00 00 00 00 00 00 00 00 00 00 00 00 00 00 00 00
00 00 00 00 00 00 00 00 00 00 00 00 00 00 00 00 00 00 00 00 00 00 00 00 00 00 00 00 00 00 00 00
00 00 00 00 00 00 00 00 00 00 00 00 00 00 00 00 00 00 00 00 00 00 00 00 00 00 80 3F 00 00 80 3F
00 00 00 40 00 00 70 40 66 66 C6 40 AB AA 32 41 DB B6 95 41 00 00 D4 41 00 00 14 42 CD CC 48 42
33 33 91 42 33 33 C4 42 33 33 FD 42 9A 99 1A 43 66 E6 35 43 66 E6 4B 43 00 00 5C 43 00 80 67 43
CD 4C 6C 43 00 80 67 43 9A 19 59 43 66 66 44 43 00 00 2A 43 00 00 0E 43 66 66 E2 42 66 66 AF 42
33 33 84 42 00 00 44 42 00 00 14 42 66 66 FA 41 CD CC 04 42 9A 99 21 42 33 33 51 42 9A 99 88 42
9A 99 AF 42 66 66 DC 42 CD CC 03 43 66 E6 1A 43 66 E6 32 43 66 E6 4C 43 CD 4C 63 43 CD 4C 7B 43
00 80 88 43 9A 19 92 43 00 80 98 43 33 73 9D 43 00 00 9F 43 33 73 9D 43 33 73 97 43 CD 4C 8D 43
CD 4C 80 43 9A 19 60 43 9A 99 3D 43 66 E6 19 43 00 00 07 43 8E E3 C6 42 00 00 90 42 72 1C 43 42
72 1C 03 42 8E E3 B0 41 E4 38 8E 41 C7 71 84 41 C7 71 8C 41 72 1C 9F 41 00 00 9C 41 9A 99 A5 41
9A 99 A5 41 00 00 A0 41 33 33 8F 41 CD CC 7C 41 33 33 5B 41 CD CC 34 41 66 66 0E 41 00 00 D0 40
00 00 A0 40 00 00 60 40 CD CC 2C 40 33 33 F3 3F CD CC CC 3F AB AA AA 3F 00 00 80 3F 00 00 80 3F
00 00 80 3F 92 24 09 40 00 00 10 41 B7 6D 13 42 DB B6 D3 42 B7 6D 87 43 DB F6 15 44 00 40 7F 44
C7 F1 C5 44 CD D4 0C 45 CD 94 4C 45 33 B7 88 45 33 13 A9 45 9A E9 C2 45 33 83 D2 45 66 B6 D6 45
33 C3 D0 45 33 E3 C4 45 33 C7 B8 45 9A E9 B1 45 CD 7C B4 45 9A A5 C3 45 33 83 DF 45 66 EE 02 46
9A E1 19 46 33 9D 31 46 9A 1D 47 46 00 7A 56 46 66 06 5D 46 66 C6 58 46 00 B0 49 46 33 55 31 46
33 25 13 46 66 4A E6 45 00 E8 A9 45 00 48 6E 45 00 E0 21 45 33 33 E1 44 00 D0 AC 44 66 F6 9A 44
9A D9 9D 44 CD 8C A9 44 CD 0C B4 44 66 E6 B6 44 66 96 AF 44 9A C9 9E 44 9A C9 86 44 00 C0 70 44
55 D5 33 44 72 1C FE 43 C7 F1 A7 43 8E E3 4E 43 72 1C F1 42 C7 71 90 42 72 1C 3F 42 1C C7 1D 42
AB AA 1A 42 9A 99 0B 42 00 00 14 42 1C C7 05 42 00 00 E8 41 55 55 BD 41 AB AA 9A 41 55 55 85 41
72 1C 77 41 72 1C 77 41 1C C7 89 41 72 1C 9F 41 00 00 9C 41 9A 99 A5 41 9A 99 A5 41 00 00 A0 41
33 33 8F 41 CD CC 7C 41 66 66 56 41 00 00 30 41 9A 99 09 41 66 66 C6 40 66 66 96 40 CD CC 4C 40
9A 99 19 40 CD CC CC 3F 66 66 A6 3F 00 00 80 3F 00 00 80 3F 00 00 80 3F 00 00 80 3F 00 00 80 3F
00 00 80 3F 00 00 80 3F 00 00 80 3F 00 00 80 3F 00 00 80 3F 00 00 80 3F 00 00 80 3F 00 00 80 3F
00 00 80 3F 00 00 80 3F 00 00 80 3F 66 66 A6 3F CD CC CC 3F 33 33 F3 3F CD CC 2C 40 66 66 86 40
33 33 D3 40 9A 99 21 41 66 66 6E 41 9A 99 A9 41 00 00 DC 41 CD CC 0C 42 33 33 33 42 9A 99 59 42
00 00 7E 42 CD CC 8F 42 CD CC 9E 42 9A 99 AB 42 00 00 B2 42 66 66 B5 42 CD CC B8 42 66 66 B5 42
33 33 AE 42 00 00 A4 42 CD CC 99 42 9A 99 8F 42 CD CC 82 42 00 00 6C 42 00 00 5A 42 00 00 48 42
00 00 36 42 CD CC 2A 42 9A 99 1F 42 66 66 1A 42 33 33 15 42 00 00 10 42 00 00 10 42 00 00 10 42
00 00 10 42 00 00 10 42 00 00 10 42 9A 99 0B 42 33 33 07 42 CD CC 02 42 CD CC FC 41 CD CC EC 41
CD CC DC 41 CD CC CC 41 CD CC BC 41 CD CC AC 41 CD CC 9C 41 00 00 90 41 33 33 83 41 CD CC 6C 41
33 33 53 41 00 00 40 41 00 00 28 41 E4 38 1E 41 8E E3 08 41 8E E3 08 41 C7 71 2C 41 72 1C 87 41
AB AA EA 41 C7 71 48 42 72 1C 9B 42 E4 38 E2 42 C7 71 1D 43 9A 19 3E 43 9A 99 72 43 33 F3 92 43
33 F3 AD 43 33 33 C5 43 9A 99 D9 43 00 00 E8 43 00 40 F1 43 CD 0C F5 43 9A 19 F3 43 9A 19 EB 43
9A 19 DF 43 33 73 D1 43 66 E6 BF 43 33 B3 B0 43 CD 0C A0 43 CD 4C 90 43 33 B3 82 43 CD CC 6B 43
9A 19 56 43 CD CC 41 43 00 00 31 43 66 66 21 43 00 00 13 43 66 E6 02 43 66 66 E8 42 CD CC CD 42
33 33 AF 42 33 33 94 42 33 33 6F 42 33 33 3F 42 66 66 10 42 9A 99 DD 41 CD CC B0 41 66 66 9A 41
00 00 90 41 66 66 9A 41 CD CC B4 41 CD CC D4 41 33 33 FB 41 CD CC 10 42 CD CC 22 42 CD CC 2A 42
33 33 2F 42 CD CC 2A 42 66 66 26 42 33 33 19 42 00 00 0C 42 9A 99 FD 41 9A 99 DD 41 9A 99 BD 41
9A 99 9D 41 00 00 88 41 CD CC 64 41 33 33 4B 41 9A 99 31 41 66 66 26 41 33 33 1B 41 00 00 10 41
00 00 10 41 00 00 10 41 00 00 10 41 00 00 10 41 00 00 10 41 00 00 10 41 00 00 10 41 00 00 10 41
00 00 10 41 00 00 08 41 00 00 00 41 00 00 F0 40 00 00 E0 40 00 00 D0 40 00 00 C0 40 00 00 B0 40
00 00 A0 40 00 00 90 40 00 00 80 40 00 00 80 40 00 00 80 40 00 00 80 40 00 00 80 40 00 00 80 40
00 00 80 40 00 00 80 40 00 00 80 40 CD CC 6C 40 9A 99 59 40 66 66 46 40 33 33 33 40 00 00 20 40
CD CC 0C 40 33 33 F3 3F CD CC CC 3F 66 66 A6 3F 00 00 80 3F 00 00 80 3F 00 00 80 3F 00 00 80 3F
00 00 80 3F 00 00 80 3F 00 00 80 3F 00 00 80 3F 00 00 80 3F 00 00 80 3F 00 00 80 3F 00 00 80 3F
00 00 80 3F 00 00 80 3F 00 00 80 3F 00 00 80 3F 00 00 80 3F 00 00 80 3F 00 00 80 3F 00 00 80 3F
00 00 80 3F 00 00 80 3F 00 00 80 3F 00 00 80 3F 00 00 80 3F 00 00 80 3F 00 00 80 3F 00 00 80 3F
00 00 80 3F 00 00 80 3F 00 00 80 3F 00 00 80 3F 00 00 80 3F 00 00 80 3F 00 00 80 3F 00 00 80 3F
00 00 80 3F 00 00 80 3F 00 00 80 3F 00 00 80 3F 00 00 80 3F 00 00 80 3F 00 00 80 3F 00 00 80 3F
00 00 80 3F 00 00 80 3F 00 00 80 3F 00 00 80 3F 00 00 00 00 00 00 00 00 00 00 00 00 00 00 00 00
00 00 00 00 00 00 00 00 00 00 00 00 00 00 00 00 00 00 00 00 00 00 00 00 00 00 00 00 00 00 00 00
00 00 00 00 00 00 00 00 00 00 00 00 00 00 00 00 00 00 00 00 00 00 00 00 00 00 00 00 00 00 00 00
00 00 00 00 00 00 00 00 00 00 00 00 00 00 00 00 00 00 00 00 00 00 00 00 00 00 00 00 00 00 00 00
00 00 00 00 00 00 00 00 00 00 00 00 00 00 00 00 00 00 00 00 00 00 00 00 00 00 00 00 00 00 00 00
00 00 00 00 00 00 00 00 00 00 00 00 00 00 00 00 00 00 00 00 00 00 00 00 00 00 00 00 00 00 00 00
00 00 00 00 00 00 00 00 00 00 00 00 00 00 00 00 00 00 00 00 00 00 00 00 00 00 00 00 00 00 00 00
00 00 00 00 00 00 00 00 00 00 00 00 00 00 00 00 00 00 00 00 00 00 00 00 00 00 00 00 00 00 00 00
00 00 00 00 00 00 00 00 00 00 00 00 00 00 00 00 00 00 00 00 00 00 00 00 00 00 00 00 00 00 00 00
00 00 00 00 00 00 00 00 00 00 00 00 00 00 00 00 00 00 00 00 00 00 00 00 00 00 00 00 00 00 00 00
00 00 00 00 00 00 00 00 00 00 00 00 00 00 00 00 00 00 00 00 00 00 00 00 00 00 00 00 00 00 00 00
00 00 00 00 00 00 00 00 00 00 00 00 00 00 00 00 00 00 00 00 00 00 00 00 00 00 00 00 00 00 00 00
00 00 00 00 00 00 00 00 00 00 00 00 00 00 00 00 00 00 00 00 00 00 00 00 00 00 00 00 00 00 00 00
00 00 00 00 00 00 00 00 00 00 00 00 00 00 00 00 00 00 00 00 00 00 00 00 00 00 00 00 00 00 00 00
00 00 00 00 00 00 00 00 00 00 80 3F 00 00 80 3F 00 00 00 40 00 00 70 40 66 66 C6 40 55 55 15 41
00 00 70 41 00 00 BA 41 C7 71 08 42 66 66 34 42 33 33 81 42 00 00 AE 42 66 66 E0 42 33 33 0C 43
00 80 27 43 9A 99 3E 43 33 33 50 43 33 B3 5B 43 00 80 60 43 33 33 5E 43 33 B3 52 43 9A 19 41 43
00 00 2A 43 00 00 0E 43 66 66 E2 42 66 66 AF 42 33 33 84 42 00 00 44 42 00 00 14 42 66 66 FA 41
66 66 FA 41 9A 99 11 42 00 00 38 42 00 00 6E 42 9A 99 98 42 9A 99 BF 42 CD CC EA 42 00 80 0C 43
00 80 24 43 00 00 3B 43 CD 4C 53 43 66 66 6D 43 33 B3 82 43 CD 8C 8D 43 66 26 97 43 CD 8C 9D 43
00 C0 A0 43 00 C0 A0 43 9A 19 9C 43 9A D9 94 43 33 B3 88 43 33 33 72 43 33 B3 4F 43 00 00 2C 43
00 00 17 43 8E E3 E6 42 AB AA A8 42 AB AA 66 42 AB AA 1A 42 39 8E CB 41 1C C7 99 41 C7 71 84 41
C7 71 8C 41 72 1C 9F 41 00 00 9C 41 9A 99 A5 41 9A 99 A5 41 00 00 A0 41 33 33 8F 41 CD CC 7C 41
66 66 56 41 00 00 30 41 9A 99 09 41 66 66 C6 40 66 66 96 40 CD CC 4C 40 9A 99 19 40 CD CC CC 3F
66 66 A6 3F 00 00 80 3F 00 00 80 3F 00 00 80 3F 00 00 80 3F 00 00 00 40 00 00 CC 40 00 00 C2 41
00 40 94 42 00 20 42 43 00 00 DA 43 00 C0 59 44 55 D5 AC 44 9A 59 FC 44 CD 6C 3B 45 33 23 80 45
33 D3 A1 45 00 94 BD 45 CD D4 CF 45 CD A0 D6 45 33 DB D2 45 66 0E C8 45 66 B2 BB 45 00 40 B3 45
00 40 B3 45 CD 8C BE 45 CD 8C D6 45 9A 25 FB 45 00 C6 13 46 00 C6 2B 46 00 46 42 46 00 76 53 46
9A 5F 5C 46 9A E5 5A 46 CD 56 4E 46 00 38 38 46 33 55 1B 46 CD 64 F6 45 66 9A B8 45 66 DA 82 45
CD 2C 32 45 CD FC F4 44 9A 49 B6 44 66 66 9C 44 CD 5C 9B 44 33 83 A5 44 66 A6 B0 44 CD BC B5 44
66 E6 B0 44 66 36 A2 44 CD 9C 8C 44 9A 59 64 44 9A 39 2D 44 33 73 F6 43 9A D9 A4 43 00 00 4D 43
CD CC F2 42 66 66 89 42 9A 99 2D 42 33 33 07 42 66 66 FE 41 66 66 00 42 8E E3 0C 42 E4 38 02 42
C7 71 DC 41 8E E3 B8 41 E4 38 8E 41 1C C7 71 41 E4 38 5E 41 E4 38 5E 41 E4 38 6E 41 1C C7 89 41
00 00 90 41 00 00 9C 41 9A 99 A5 41 9A 99 A5 41 00 00 A0 41 33 33 8F 41 CD CC 7C 41 66 66 56 41
00 00 30 41 9A 99 09 41 66 66 C6 40 66 66 96 40 CD CC 4C 40 9A 99 19 40 CD CC CC 3F 66 66 A6 3F
00 00 80 3F 00 00 80 3F 00 00 80 3F 00 00 80 3F 00 00 80 3F 00 00 80 3F 00 00 80 3F 00 00 80 3F
00 00 80 3F 00 00 80 3F 00 00 80 3F 00 00 80 3F 00 00 80 3F 00 00 80 3F 00 00 80 3F 66 66 A6 3F
CD CC CC 3F 33 33 F3 3F CD CC 2C 40 66 66 86 40 66 66 B6 40 9A 99 01 41 9A 99 39 41 33 33 83 41
9A 99 B5 41 33 33 F3 41 00 00 20 42 66 66 46 42 CD CC 6A 42 33 33 86 42 00 00 97 42 00 00 A6 42
CD CC B2 42 33 33 B9 42 9A 99 BC 42 33 33 B9 42 00 00 B2 42 CD CC AA 42 9A 99 A0 42 66 66 96 42
9A 99 89 42 9A 99 79 42 00 00 60 42 00 00 4E 42 00 00 3C 42 CD CC 30 42 9A 99 25 42 66 66 1A 42
33 33 15 42 00 00 10 42 00 00 10 42 00 00 10 42 00 00 10 42 9A 99 0B 42 33 33 07 42 CD CC 02 42
CD CC FC 41 00 00 F4 41 00 00 E4 41 00 00 D4 41 00 00 C4 41 00 00 B4 41 00 00 A4 41 CD CC 9C 41
9A 99 95 41 66 66 8E 41 33 33 87 41 CD CC 74 41 9A 99 69 41 66 66 56 41 33 33 43 41 C7 71 3C 41
1C C7 21 41 55 55 15 41 55 55 25 41 AB AA 7A 41 00 00 C8 41 72 1C 2B 42 39 8E 85 42 AB AA CC 42
55 55 12 43 CD CC 2F 43 9A 19 60 43 CD 0C 8A 43 9A 99 A5 43 33 33 BF 43 66 A6 D4 43 66 A6 E6 43
9A 99 F3 43 33 73 F9 43 33 73 F9 43 33 73 F5 43 33 73 ED 43 33 73 E1 43 33 73 D1 43 66 E6 BF 43
00 40 AF 43 9A 99 9E 43 9A D9 8E 43 00 40 81 43 66 E6 68 43 33 33 53 43 66 E6 3E 43 00 00 2C 43
66 66 1C 43 00 00 0E 43 CD CC 00 43 9A 99 E1 42 CD CC C4 42 CD CC A4 42 CD CC 88 42 00 00 70 42
00 00 3C 42 39 8E 13 42 C7 71 DC 41 AB AA AA 41 1C C7 91 41 55 55 9D 41 AB AA B2 41 E4 38 D6 41
E4 38 FE 41 00 00 06 42 00 00 18 42 CD CC 22 42 CD CC 2A 42 33 33 2F 42 CD CC 2A 42 33 33 21 42
00 00 14 42 CD CC 06 42 33 33 F3 41 33 33 D3 41 33 33 B3 41 9A 99 9D 41 00 00 88 41 CD CC 64 41
33 33 4B 41 9A 99 31 41 66 66 26 41 33 33 1B 41 00 00 10 41 00 00 10 41 00 00 10 41 00 00 10 41
00 00 10 41 00 00 10 41 00 00 10 41 00 00 10 41 00 00 10 41 00 00 10 41 00 00 08 41 00 00 00 41
00 00 F0 40 00 00 E0 40 00 00 D0 40 00 00 C0 40 00 00 B0 40 00 00 A0 40 00 00 90 40 00 00 80 40
00 00 80 40 00 00 80 40 00 00 80 40 00 00 80 40 00 00 80 40 00 00 80 40 00 00 80 40 CD CC 6C 40
9A 99 59 40 66 66 46 40 33 33 33 40 00 00 20 40 CD CC 0C 40 33 33 F3 3F CD CC CC 3F 66 66 A6 3F
00 00 80 3F 00 00 80 3F 00 00 80 3F 00 00 80 3F 00 00 80 3F 00 00 80 3F 00 00 80 3F 00 00 80 3F
00 00 80 3F 00 00 80 3F 00 00 80 3F 00 00 80 3F 00 00 80 3F 00 00 80 3F 00 00 80 3F 00 00 80 3F
00 00 80 3F 00 00 80 3F 00 00 80 3F 00 00 80 3F 00 00 80 3F 00 00 80 3F 00 00 80 3F 00 00 80 3F
00 00 80 3F 00 00 80 3F 00 00 80 3F 00 00 80 3F 00 00 80 3F 00 00 80 3F 00 00 80 3F 00 00 80 3F
00 00 80 3F 00 00 80 3F 00 00 80 3F 00 00 80 3F 00 00 80 3F 00 00 80 3F 00 00 80 3F 00 00 80 3F
00 00 80 3F 00 00 80 3F 00 00 80 3F 00 00 80 3F 00 00 80 3F 00 00 80 3F 00 00 80 3F 00 00 80 3F
00 00 00 00 00 00 00 00 00 00 00 00 00 00 00 00 00 00 00 00 00 00 00 00 00 00 00 00 00 00 00 00
00 00 00 00 00 00 00 00 00 00 00 00 00 00 00 00 00 00 00 00 00 00 00 00 00 00 00 00 00 00 00 00
00 00 00 00 00 00 00 00 00 00 00 00 00 00 00 00 00 00 00 00 00 00 00 00 00 00 00 00 00 00 00 00
00 00 00 00 00 00 00 00 00 00 00 00 00 00 00 00 00 00 00 00 00 00 00 00 00 00 00 00 00 00 00 00
00 00 00 00 00 00 00 00 00 00 00 00 00 00 00 00 00 00 00 00 00 00 00 00 00 00 00 00 00 00 00 00
00 00 00 00 00 00 00 00 00 00 00 00 00 00 00 00 00 00 00 00 00 00 00 00 00 00 00 00 00 00 00 00
00 00 00 00 00 00 00 00 00 00 00 00 00 00 00 00 00 00 00 00 00 00 00 00 00 00 00 00 00 00 00 00
00 00 00 00 00 00 00 00 00 00 00 00 00 00 00 00 00 00 00 00 00 00 00 00 00 00 00 00 00 00 00 00
00 00 00 00 00 00 00 00 00 00 00 00 00 00 00 00 00 00 00 00 00 00 00 00 00 00 00 00 00 00 00 00
00 00 00 00 00 00 00 00 00 00 00 00 00 00 00 00 00 00 00 00 00 00 00 00 00 00 00 00 00 00 00 00
00 00 00 00 00 00 00 00 00 00 00 00 00 00 00 00 00 00 00 00 00 00 00 00 00 00 00 00 00 00 00 00
00 00 00 00 00 00 00 00 00 00 00 00 00 00 00 00 00 00 00 00 00 00 00 00 00 00 00 00 00 00 00 00
00 00 00 00 00 00 00 00 00 00 00 00 00 00 00 00 00 00 00 00 00 00 00 00 00 00 00 00 00 00 00 00
00 00 00 00 00 00 00 00 00 00 00 00 00 00 00 00 00 00 00 00 00 00 00 00 00 00 00 00 00 00 80 3F
00 00 80 3F 00 00 00 40 00 00 70 40 00 00 00 41 AB AA 4A 41 00 00 A0 41 00 00 F0 41 AB AA 2A 42
33 33 5D 42 66 66 9B 42 66 66 CE 42 33 B3 03 43 33 B3 1F 43 CD CC 36 43 CD CC 4C 43 66 E6 5C 43
CD CC 63 43 CD CC 63 43 66 E6 5C 43 CD CC 4C 43 CD CC 36 43 00 80 1B 43 00 00 FE 42 55 55 E1 42
55 55 A9 42 1C C7 75 42 AB AA 3A 42 72 1C 17 42 AB AA 0E 42 AB AA 1E 42 AB AA 4E 42 55 55 89 42
00 00 AE 42 CD CC C3 42 00 00 F0 42 00 00 10 43 CD 4C 29 43 CD CC 3F 43 9A 19 58 43 00 80 6E 43
9A 19 82 43 33 B3 8B 43 CD 4C 95 43 33 B3 9B 43 66 E6 9E 43 66 E6 9E 43 00 40 9A 43 00 00 93 43
CD CC 87 43 9A 19 74 43 00 80 52 43 CD 4C 2F 43 CD 4C 0B 43 00 00 D6 42 00 00 9E 42 00 00 5C 42
9A 99 17 42 00 00 D0 41 00 00 94 41 CD CC 80 41 CD CC 80 41 9A 99 8D 41 9A 99 99 41 9A 99 A5 41
9A 99 A5 41 00 00 A0 41 33 33 8F 41 CD CC 7C 41 33 33 5B 41 CD CC 34 41 66 66 0E 41 00 00 D0 40
00 00 A0 40 00 00 60 40 CD CC 2C 40 33 33 F3 3F CD CC CC 3F AB AA AA 3F 00 00 80 3F 00 00 80 3F
00 00 80 3F 6E DB B6 3F B7 6D 9B 40 00 00 98 41 49 92 70 42 92 24 24 43 25 49 C4 43 00 68 34 44
72 3C 94 44 CD 9C DD 44 66 66 28 45 9A F9 6B 45 CD 5C 98 45 9A AD B6 45 66 5A CC 45 00 E0 D6 45
33 27 D6 45 00 D0 CC 45 33 F3 BF 45 33 87 B5 45 66 0A B2 45 9A 91 B9 45 CD 90 CD 45 33 F3 ED 45
00 16 0C 46 00 E0 23 46 00 56 3B 46 00 88 4E 46 00 88 5A 46 00 98 5C 46 66 B0 53 46 00 40 40 46
CD 26 25 46 CD BE 05 46 00 34 CC 45 66 3A 93 45 00 90 4A 45 66 36 0A 45 CD 3C C6 44 CD AC A1 44
66 C6 9A 44 66 06 A3 44 00 D0 AE 44 66 76 B6 44 CD EC B4 44 CD 6C A9 44 66 06 95 44 66 86 77 44
66 66 40 44 00 20 0C 44 00 40 BE 43 00 80 72 43 00 80 12 43 9A 99 AA 42 66 66 58 42 33 33 23 42
00 00 16 42 00 00 16 42 CD CC 14 42 33 33 0B 42 66 66 F2 41 66 66 C6 41 00 00 A0 41 CD CC 80 41
33 33 5B 41 9A 99 49 41 00 00 58 41 9A 99 79 41 00 00 90 41 00 00 9C 41 9A 99 A5 41 9A 99 A5 41
00 00 A0 41 33 33 8F 41 CD CC 7C 41 66 66 56 41 00 00 30 41 9A 99 09 41 66 66 C6 40 66 66 96 40
CD CC 4C 40 9A 99 19 40 CD CC CC 3F 66 66 A6 3F 00 00 80 3F 00 00 80 3F 00 00 80 3F 00 00 80 3F
00 00 80 3F 00 00 80 3F 00 00 80 3F 00 00 80 3F 00 00 80 3F 00 00 80 3F 00 00 80 3F 00 00 80 3F
00 00 80 3F 00 00 80 3F 00 00 80 3F 00 00 80 3F 66 66 A6 3F CD CC CC 3F 9A 99 19 40 CD CC 4C 40
66 66 96 40 33 33 E3 40 9A 99 29 41 66 66 76 41 9A 99 AD 41 9A 99 ED 41 9A 99 15 42 00 00 3C 42
66 66 60 42 66 66 82 42 33 33 93 42 33 33 A2 42 00 00 AF 42 33 33 B9 42 9A 99 BC 42 9A 99 BC 42
33 33 B9 42 00 00 B2 42 CD CC A7 42 9A 99 9D 42 66 66 93 42 9A 99 86 42 9A 99 73 42 00 00 5A 42
00 00 48 42 00 00 36 42 CD CC 2A 42 9A 99 1F 42 66 66 1A 42 33 33 15 42 00 00 10 42 00 00 10 42
00 00 10 42 00 00 10 42 9A 99 0B 42 33 33 07 42 CD CC 02 42 CD CC FC 41 00 00 F4 41 00 00 E4 41
00 00 D4 41 00 00 C4 41 00 00 B4 41 00 00 A4 41 CD CC 9C 41 9A 99 95 41 66 66 8E 41 9A 99 81 41
9A 99 69 41 66 66 5E 41 33 33 4B 41 33 33 33 41 33 33 1B 41 00 00 10 41 66 66 1E 41 33 33 53 41
CD CC AC 41 66 66 0C 42 CD CC 62 42 66 66 A9 42 CD CC F0 42 66 66 24 43 33 B3 54 43 9A 59 84 43
66 E6 9F 43 00 40 BA 43 33 B3 CF 43 33 F3 E2 43 66 E6 EF 43 00 80 F7 43 33 73 F9 43 33 73 F5 43
33 73 ED 43 33 73 E1 43 33 73 D1 43 66 E6 BF 43 00 40 AF 43 9A 99 9E 43 9A D9 8E 43 00 40 81 43
66 E6 68 43 33 33 53 43 66 E6 3E 43 00 00 2C 43 66 66 1C 43 00 00 0E 43 CD CC 00 43 33 33 E4 42
66 66 C7 42 CD CC A8 42 CD CC 8C 42 66 66 60 42 66 66 30 42 00 00 0A 42 CD CC D0 41 00 00 A4 41
9A 99 8D 41 33 33 83 41 66 66 96 41 CD CC B0 41 CD CC D4 41 33 33 FB 41 CD CC 10 42 9A 99 1D 42
9A 99 25 42 00 00 2A 42 9A 99 25 42 33 33 21 42 00 00 14 42 CD CC 06 42 33 33 F3 41 33 33 D3 41
33 33 B3 41 9A 99 9D 41 00 00 88 41 CD CC 64 41 33 33 4B 41 9A 99 31 41 66 66 26 41 33 33 1B 41
00 00 10 41 00 00 10 41 00 00 10 41 00 00 10 41 00 00 10 41 00 00 10 41 00 00 10 41 00 00 10 41
00 00 10 41 00 00 08 41 00 00 00 41 00 00 F0 40 00 00 E0 40 00 00 D0 40 00 00 C0 40 00 00 B0 40
00 00 A0 40 00 00 90 40 00 00 80 40 00 00 80 40 00 00 80 40 00 00 80 40 00 00 80 40 00 00 80 40
00 00 80 40 00 00 80 40 00 00 80 40 CD CC 6C 40 9A 99 59 40 66 66 46 40 33 33 33 40 00 00 20 40
CD CC 0C 40 33 33 F3 3F CD CC CC 3F 66 66 A6 3F 00 00 80 3F 00 00 80 3F 00 00 80 3F 00 00 80 3F
00 00 80 3F 00 00 80 3F 00 00 80 3F 00 00 80 3F 00 00 80 3F 00 00 80 3F 00 00 80 3F 00 00 80 3F
00 00 80 3F 00 00 80 3F 00 00 80 3F 00 00 80 3F 00 00 80 3F 00 00 80 3F 00 00 80 3F 00 00 80 3F
00 00 80 3F 00 00 80 3F 00 00 80 3F 00 00 80 3F 00 00 80 3F 00 00 80 3F 00 00 80 3F 00 00 80 3F
00 00 80 3F 00 00 80 3F 00 00 80 3F 00 00 80 3F 00 00 80 3F 00 00 80 3F 00 00 80 3F 00 00 80 3F
00 00 80 3F 00 00 80 3F 00 00 80 3F 00 00 80 3F 00 00 80 3F 00 00 00 00 00 00 00 00 00 00 00 00
00 00 00 00 00 00 00 00 00 00 00 00 00 00 00 00 00 00 00 00 00 00 00 00 00 00 00 00 00 00 00 00
00 00 00 00 00 00 00 00 00 00 00 00 00 00 00 00 00 00 00 00 00 00 00 00 00 00 00 00 00 00 00 00
00 00 00 00 00 00 00 00 00 00 00 00 00 00 00 00 00 00 00 00 00 00 00 00 00 00 00 00 00 00 00 00
00 00 00 00 00 00 00 00 00 00 00 00 00 00 00 00 00 00 00 00 00 00 00 00 00 00 00 00 00 00 00 00
00 00 00 00 00 00 00 00 00 00 00 00 00 00 00 00 00 00 00 00 00 00 00 00 00 00 00 00 00 00 00 00
00 00 00 00 00 00 00 00 00 00 00 00 00 00 00 00 00 00 00 00 00 00 00 00 00 00 00 00 00 00 00 00
00 00 00 00 00 00 00 00 00 00 00 00 00 00 00 00 00 00 00 00 00 00 00 00 00 00 00 00 00 00 00 00
00 00 00 00 00 00 00 00 00 00 00 00 00 00 00 00 00 00 00 00 00 00 00 00 00 00 00 00 00 00 00 00
00 00 00 00 00 00 00 00 00 00 00 00 00 00 00 00 00 00 00 00 00 00 00 00 00 00 00 00 00 00 00 00
00 00 00 00 00 00 00 00 00 00 00 00 00 00 00 00 00 00 00 00 00 00 00 00 00 00 00 00 00 00 00 00
00 00 00 00 00 00 00 00 00 00 00 00 00 00 00 00 00 00 00 00 00 00 00 00 00 00 00 00 00 00 00 00
00 00 00 00 00 00 00 00 00 00 00 00 00 00 00 00 00 00 00 00 00 00 00 00 00 00 00 00 00 00 00 00
00 00 00 00 00 00 00 00 00 00 00 00 00 00 00 00 00 00 00 00 00 00 00 00 00 00 00 00 00 00 00 00
00 00 00 00 00 00 00 00 00 00 00 00 00 00 00 00 00 00 00 00 00 00 00 00 00 00 00 00 00 00 00 00
00 00 00 00 00 00 00 00 00 00 00 00 00 00 80 3F 00 00 80 3F 00 00 00 40 00 00 70 40 66 66 C6 40
AB AA 32 41 DB B6 95 41 00 00 D4 41 00 00 14 42 CD CC 48 42 66 66 8B 42 33 33 B8 42 9A 99 EA 42
00 00 0E 43 00 00 26 43 00 00 3C 43 9A 19 4C 43 66 E6 54 43 33 33 57 43 CD 4C 50 43 9A 19 43 43
33 33 30 43 33 33 18 43 00 00 FE 42 00 00 CB 42 00 00 98 42 9A 99 59 42 00 00 20 42 00 00 F4 41
33 33 D7 41 CD CC E4 41 66 66 14 42 9A 99 47 42 CD CC 84 42 CD CC AB 42 9A 99 D8 42 00 00 05 43
9A 19 1C 43 9A 19 34 43 9A 19 4E 43 66 66 66 43 66 66 7E 43 CD 0C 8A 43 66 A6 93 43 CD 0C 9A 43
00 00 9F 43 00 00 9F 43 33 73 9D 43 33 73 97 43 CD 4C 8D 43 CD 4C 80 43 9A 19 60 43 9A 99 3D 43
66 E6 19 43 00 00 07 43 8E E3 C6 42 00 00 90 42 72 1C 43 42 72 1C 03 42 8E E3 B0 41 E4 38 8E 41
C7 71 84 41 C7 71 8C 41 72 1C 9F 41 00 00 9C 41 9A 99 A5 41 9A 99 A5 41 00 00 A0 41 33 33 8F 41
CD CC 7C 41 33 33 5B 41 CD CC 34 41 66 66 0E 41 00 00 D0 40 00 00 A0 40 00 00 60 40 CD CC 2C 40
33 33 F3 3F CD CC CC 3F AB AA AA 3F 00 00 80 3F 00 00 80 3F 00 00 80 3F 92 24 09 40 25 49 32 41
00 00 1C 42 6E DB E4 42 92 A4 90 43 25 09 1E 44 00 24 85 44 1C 07 CD 44 9A 29 11 45 66 2E 52 45
00 84 8B 45 00 D4 AB 45 00 18 C5 45 00 18 D4 45 33 2B D7 45 9A 91 D0 45 9A 91 C4 45 9A 91 B8 45
33 9F B2 45 33 E3 B5 45 66 D6 C5 45 00 B4 E1 45 00 50 04 46 CD 0C 1B 46 CD D2 32 46 CD C2 47 46
CD AC 56 46 00 6E 5C 46 00 14 57 46 66 1A 47 46 CD 40 2E 46 00 12 10 46 66 3E E0 45 66 BE A4 45
CD 9C 65 45 00 28 1C 45 00 40 D8 44 66 A6 A6 44 66 A6 97 44 66 56 9C 44 9A F9 A7 44 9A B9 B1 44
9A 29 B4 44 66 76 AC 44 CD 6C 9B 44 CD 6C 83 44 1C 47 69 44 C7 F1 2E 44 55 55 F4 43 AB 2A 9E 43
00 00 43 43 00 00 E6 42 55 55 85 42 AB AA 36 42 1C C7 1D 42 AB AA 1A 42 9A 99 0B 42 00 00 14 42
1C C7 05 42 00 00 E8 41 55 55 BD 41 AB AA 9A 41 55 55 85 41 72 1C 77 41 72 1C 77 41 1C C7 89 41
72 1C 9F 41 00 00 9C 41 9A 99 A5 41 9A 99 A5 41 00 00 A0 41 33 33 8F 41 CD CC 7C 41 66 66 56 41
00 00 30 41 9A 99 09 41 66 66 C6 40 66 66 96 40 CD CC 4C 40 9A 99 19 40 CD CC CC 3F 66 66 A6 3F
00 00 80 3F 00 00 80 3F 00 00 80 3F 00 00 80 3F 00 00 80 3F 00 00 80 3F 00 00 80 3F 00 00 80 3F
00 00 80 3F 00 00 80 3F 00 00 80 3F 00 00 80 3F 00 00 80 3F 00 00 80 3F 00 00 80 3F 00 00 80 3F
00 00 80 3F 66 66 A6 3F CD CC CC 3F 9A 99 19 40 9A 99 79 40 9A 99 C9 40 CD CC 1C 41 9A 99 69 41
33 33 A7 41 9A 99 D9 41 CD CC 0C 42 33 33 33 42 9A 99 59 42 00 00 7E 42 00 00 94 42 00 00 A3 42
CD CC AF 42 00 00 BA 42 66 66 BD 42 CD CC C0 42 66 66 BD 42 33 33 B6 42 00 00 AC 42 CD CC A1 42
CD CC 90 42 00 00 84 42 66 66 6E 42 CD CC 54 42 CD CC 42 42 CD CC 30 42 9A 99 25 42 66 66 1A 42
33 33 15 42 00 00 10 42 00 00 10 42 00 00 10 42 00 00 10 42 00 00 10 42 00 00 10 42 00 00 10 42
9A 99 0B 42 33 33 07 42 CD CC 02 42 9A 99 F5 41 9A 99 E5 41 9A 99 D5 41 9A 99 C5 41 9A 99 B5 41
9A 99 A5 41 9A 99 95 41 CD CC 88 41 00 00 78 41 66 66 5E 41 33 33 53 41 00 00 40 41 00 00 28 41
E4 38 1E 41 8E E3 08 41 8E E3 08 41 C7 71 2C 41 E4 38 96 41 1C C7 F9 41 00 00 50 42 8E E3 9E 42
00 00 E6 42 55 55 1F 43 CD CC 3F 43 CD 4C 74 43 CD CC 93 43 CD CC AE 43 33 33 C5 43 9A 99 D9 43
00 00 E8 43 00 40 F1 43 CD 0C F5 43 9A 19 F3 43 9A 19 EB 43 9A 19 DF 43 33 73 D1 43 66 E6 BF 43
33 B3 B0 43 CD 0C A0 43 CD 4C 90 43 33 B3 82 43 CD CC 6B 43 9A 19 56 43 CD CC 41 43 00 00 31 43
66 66 21 43 00 00 13 43 66 E6 02 43 66 66 E8 42 CD CC CD 42 33 33 AF 42 33 33 93 42 33 33 6D 42
33 33 3D 42 66 66 0E 42 9A 99 D9 41 CD CC AC 41 66 66 96 41 00 00 8C 41 66 66 96 41 CD CC B0 41
CD CC D4 41 33 33 FB 41 CD CC 10 42 9A 99 1D 42 9A 99 25 42 00 00 2A 42 9A 99 25 42 33 33 21 42
00 00 14 42 CD CC 06 42 33 33 F3 41 33 33 D3 41 33 33 B3 41 9A 99 9D 41 00 00 88 41 CD CC 64 41
33 33 4B 41 9A 99 31 41 66 66 26 41 33 33 1B 41 00 00 10 41 00 00 10 41 00 00 10 41 00 00 10 41
00 00 10 41 00 00 10 41 00 00 10 41 00 00 10 41 00 00 10 41 00 00 08 41 00 00 00 41 00 00 F0 40
00 00 E0 40 00 00 D0 40 00 00 C0 40 00 00 B0 40 00 00 A0 40 00 00 90 40 00 00 80 40 00 00 80 40
00 00 80 40 00 00 80 40 00 00 80 40 00 00 80 40 00 00 80 40 00 00 80 40 00 00 80 40 00 00 80 40
CD CC 6C 40 9A 99 59 40 66 66 46 40 33 33 33 40 00 00 20 40 CD CC 0C 40 33 33 F3 3F CD CC CC 3F
66 66 A6 3F 00 00 80 3F 00 00 80 3F 00 00 80 3F 00 00 80 3F 00 00 80 3F 00 00 80 3F 00 00 80 3F
00 00 80 3F 00 00 80 3F 00 00 80 3F 00 00 80 3F 00 00 80 3F 00 00 80 3F 00 00 80 3F 00 00 80 3F
00 00 80 3F 00 00 80 3F 00 00 80 3F 00 00 80 3F 00 00 80 3F 00 00 80 3F 00 00 80 3F 00 00 80 3F
00 00 80 3F 00 00 80 3F 00 00 80 3F 00 00 80 3F 00 00 80 3F 00 00 80 3F 00 00 80 3F 00 00 80 3F
00 00 80 3F 00 00 80 3F 00 00 80 3F 00 00 80 3F 00 00 80 3F 00 00 80 3F 00 00 80 3F 00 00 80 3F
00 00 80 3F 00 00 80 3F 00 00 80 3F 00 00 80 3F 00 00 80 3F 00 00 80 3F 00 00 80 3F 00 00 80 3F
00 00 80 3F 00 00 00 00 00 00 00 00 00 00 00 00 00 00 00 00 00 00 00 00 00 00 00 00 00 00 00 00
00 00 00 00 00 00 00 00 00 00 00 00 00 00 00 00 00 00 00 00 00 00 00 00 00 00 00 00 00 00 00 00
00 00 00 00 00 00 00 00 00 00 00 00 00 00 00 00 00 00 00 00 00 00 00 00 00 00 00 00 00 00 00 00
00 00 00 00 00 00 00 00 00 00 00 00 00 00 00 00 00 00 00 00 00 00 00 00 00 00 00 00 00 00 00 00
00 00 00 00 00 00 00 00 00 00 00 00 00 00 00 00 00 00 00 00 00 00 00 00 00 00 00 00 00 00 00 00
00 00 00 00 00 00 00 00 00 00 00 00 00 00 00 00 00 00 00 00 00 00 00 00 00 00 00 00 00 00 00 00
00 00 00 00 00 00 00 00 00 00 00 00 00 00 00 00 00 00 00 00 00 00 00 00 00 00 00 00 00 00 00 00
00 00 00 00 00 00 00 00 00 00 00 00 00 00 00 00 00 00 00 00 00 00 00 00 00 00 00 00 00 00 00 00
00 00 00 00 00 00 00 00 00 00 00 00 00 00 00 00 00 00 00 00 00 00 00 00 00 00 00 00 00 00 00 00
00 00 00 00 00 00 00 00 00 00 00 00 00 00 00 00 00 00 00 00 00 00 00 00 00 00 00 00 00 00 00 00
00 00 00 00 00 00 00 00 00 00 00 00 00 00 00 00 00 00 00 00 00 00 00 00 00 00 00 00 00 00 00 00
00 00 00 00 00 00 00 00 00 00 00 00 00 00 00 00 00 00 00 00 00 00 00 00 00 00 00 00 00 00 00 00
00 00 00 00 00 00 00 00 00 00 00 00 00 00 00 00 00 00 00 00 00 00 00 00 00 00 00 00 00 00 00 00
00 00 00 00 00 00 00 00 00 00 00 00 00 00 00 00 00 00 00 00 00 00 00 00 00 00 00 00 00 00 80 3F
00 00 80 3F 00 00 00 40 00 00 70 40 66 66 C6 40 55 55 15 41 00 00 70 41 00 00 BA 41 C7 71 08 42
66 66 34 42 33 33 81 42 00 00 AE 42 66 66 E0 42 33 33 0C 43 00 80 27 43 9A 99 3E 43 33 33 50 43
33 B3 5B 43 00 80 60 43 33 33 5E 43 33 B3 52 43 9A 19 41 43 00 00 2A 43 00 00 0E 43 66 66 E2 42
66 66 AF 42 33 33 84 42 00 00 44 42 CD CC 0E 42 00 00 F0 41 00 00 F0 41 CD CC 14 42 66 66 44 42
33 33 82 42 33 33 A9 42 33 33 D0 42 66 66 FB 42 CD CC 14 43 9A 19 2E 43 9A 19 48 43 66 66 60 43
66 66 78 43 CD 0C 87 43 66 A6 90 43 66 E6 98 43 CD 4C 9F 43 00 80 A2 43 33 F3 A0 43 33 F3 9A 43
CD CC 90 43 66 A6 84 43 CD CC 68 43 CD 4C 46 43 9A 99 22 43 39 8E 0C 43 00 00 D2 42 1C C7 93 42
AB AA 4A 42 AB AA 0A 42 1C C7 C9 41 1C C7 A1 41 1C C7 A1 41 1C C7 A9 41 C7 71 BC 41 9A 99 BD 41
33 33 C7 41 33 33 C7 41 9A 99 C1 41 CD CC B0 41 33 33 97 41 66 66 76 41 66 66 3E 41 00 00 18 41
33 33 E3 40 39 8E A3 40 00 00 70 40 00 00 40 40 00 00 00 40 CD CC CC 3F 00 00 80 3F 00 00 80 3F
00 00 80 3F 00 00 80 3F 00 00 A0 40 55 55 9D 41 00 00 64 42 66 66 0E 43 55 15 96 43 92 E4 0B 44
00 88 72 44 8E 23 BE 44 00 30 08 45 66 AE 46 45 00 C4 85 45 00 C4 A6 45 9A D9 C1 45 9A DD D2 45
9A 3D D8 45 00 48 D3 45 9A 85 C7 45 9A C5 BA 45 9A 09 B3 45 CD 4C B4 45 9A E5 C1 45 9A 41 DC 45
CD B8 00 46 CD F6 16 46 9A A1 2E 46 00 4E 44 46 33 C1 54 46 33 5F 5C 46 9A 65 59 46 66 84 4B 46
66 0E 34 46 33 4D 16 46 9A 81 EC 45 9A C5 AF 45 00 E0 77 45 66 6E 29 45 33 B3 E8 44 33 43 B0 44
00 10 9B 44 00 10 9D 44 CD DC A7 44 CD 5C B2 44 9A 29 B6 44 00 40 B0 44 33 63 A0 44 66 96 89 44
E4 F8 76 44 72 DC 39 44 72 9C 02 44 39 8E AA 43 72 1C 54 43 39 8E FB 42 8E E3 90 42 00 00 40 42
AB AA 1E 42 39 8E 17 42 CD CC 08 42 00 00 14 42 1C C7 05 42 00 00 E8 41 55 55 BD 41 AB AA 9A 41
55 55 85 41 72 1C 77 41 72 1C 77 41 1C C7 89 41 72 1C 9F 41 00 00 9C 41 9A 99 A5 41 9A 99 A5 41
00 00 A0 41 33 33 8F 41 CD CC 7C 41 33 33 5B 41 CD CC 34 41 66 66 0E 41 00 00 D0 40 00 00 A0 40
00 00 60 40 CD CC 2C 40 33 33 F3 3F CD CC CC 3F 66 66 A6 3F 00 00 80 3F 00 00 80 3F 00 00 80 3F
00 00 80 3F 00 00 80 3F 00 00 80 3F 00 00 80 3F 00 00 80 3F 00 00 80 3F 00 00 80 3F 00 00 80 3F
00 00 80 3F 00 00 80 3F 00 00 80 3F 00 00 80 3F 00 00 80 3F 66 66 A6 3F CD CC CC 3F 9A 99 19 40
9A 99 79 40 CD CC AC 40 9A 99 F9 40 CD CC 34 41 CD CC 80 41 33 33 B3 41 33 33 F3 41 00 00 20 42
66 66 46 42 CD CC 6A 42 33 33 86 42 00 00 97 42 00 00 A6 42 CD CC B2 42 33 33 B9 42 9A 99 BC 42
33 33 B9 42 00 00 B2 42 CD CC A7 42 9A 99 9D 42 66 66 93 42 9A 99 86 42 9A 99 73 42 00 00 5A 42
00 00 48 42 00 00 36 42 CD CC 2A 42 9A 99 1F 42 66 66 1A 42 33 33 15 42 00 00 10 42 00 00 10 42
00 00 10 42 00 00 10 42 00 00 10 42 9A 99 0B 42 33 33 07 42 CD CC 02 42 CD CC FC 41 CD CC EC 41
CD CC DC 41 CD CC CC 41 CD CC BC 41 CD CC AC 41 CD CC 9C 41 9A 99 95 41 66 66 8E 41 9A 99 81 41
9A 99 69 41 66 66 5E 41 33 33 4B 41 33 33 33 41 AB AA 2A 41 00 00 10 41 39 8E 03 41 72 1C 27 41
C7 71 7C 41 72 1C CF 41 AB AA 2E 42 55 55 87 42 C7 71 CE 42 39 8E 13 43 66 E6 30 43 33 33 61 43
9A 99 8A 43 9A 99 A5 43 33 33 BF 43 66 A6 D4 43 66 A6 E6 43 9A 99 F3 43 33 73 F9 43 33 73 F9 43
33 73 F5 43 33 73 ED 43 33 73 E1 43 33 73 D1 43 66 E6 BF 43 00 40 AF 43 9A 99 9E 43 9A D9 8E 43
00 40 81 43 66 E6 68 43 33 33 53 43 66 E6 3E 43 00 00 2C 43 66 66 1C 43 00 00 0E 43 9A 99 FE 42
9A 99 DE 42 00 00 C0 42 00 00 A0 42 66 66 83 42 00 00 64 42 00 00 30 42 39 8E 07 42 C7 71 CC 41
AB AA 9A 41 72 1C 8F 41 AB AA 9A 41 00 00 B8 41 39 8E DB 41 72 1C 03 42 9A 99 09 42 9A 99 1B 42
66 66 26 42 CD CC 2A 42 CD CC 2A 42 66 66 26 42 CD CC 1C 42 9A 99 0F 42 66 66 02 42 CD CC E4 41
CD CC C4 41 CD CC A4 41 33 33 8F 41 33 33 73 41 9A 99 59 41 00 00 40 41 66 66 26 41 33 33 1B 41
00 00 10 41 00 00 10 41 00 00 10 41 00 00 10 41 00 00 10 41 00 00 10 41 00 00 10 41 00 00 10 41
00 00 10 41 00 00 10 41 00 00 08 41 00 00 00 41 00 00 F0 40 00 00 E0 40 00 00 D0 40 00 00 C0 40
00 00 B0 40 00 00 A0 40 00 00 90 40 00 00 80 40 00 00 80 40 00 00 80 40 00 00 80 40 00 00 80 40
00 00 80 40 00 00 80 40 00 00 80 40 00 00 80 40 CD CC 6C 40 9A 99 59 40 66 66 46 40 33 33 33 40
00 00 20 40 CD CC 0C 40 33 33 F3 3F CD CC CC 3F 66 66 A6 3F 00 00 80 3F 00 00 80 3F 00 00 80 3F
00 00 80 3F 00 00 80 3F 00 00 80 3F 00 00 80 3F 00 00 80 3F 00 00 80 3F 00 00 80 3F 00 00 80 3F
00 00 80 3F 00 00 80 3F 00 00 80 3F 00 00 80 3F 00 00 80 3F 00 00 80 3F 00 00 80 3F 00 00 80 3F
00 00 80 3F 00 00 80 3F 00 00 80 3F 00 00 80 3F 00 00 80 3F 00 00 80 3F 00 00 80 3F 00 00 80 3F
00 00 80 3F 00 00 80 3F 00 00 80 3F 00 00 80 3F 00 00 80 3F 00 00 80 3F 00 00 80 3F 00 00 80 3F
00 00 80 3F 00 00 80 3F 00 00 80 3F 00 00 80 3F 00 00 80 3F 00 00 80 3F 00 00 80 3F 00 00 80 3F
00 00 80 3F 00 00 80 3F 00 00 80 3F 00 00 80 3F 00 00 80 3F 00 00 80 3F 00 00 80 3F 00 00 80 3F
00 00 00 00 00 00 00 00 00 00 00 00 00 00 00 00 00 00 00 00 00 00 00 00 00 00 00 00 00 00 00 00
00 00 00 00 00 00 00 00 00 00 00 00 00 00 00 00 00 00 00 00 00 00 00 00 00 00 00 00 00 00 00 00
00 00 00 00 00 00 00 00 00 00 00 00 00 00 00 00 00 00 00 00 00 00 00 00 00 00 00 00 00 00 00 00
00 00 00 00 00 00 00 00 00 00 00 00 00 00 00 00 00 00 00 00 00 00 00 00 00 00 00 00 00 00 00 00
00 00 00 00 00 00 00 00 00 00 00 00 00 00 00 00 00 00 00 00 00 00 00 00 00 00 00 00 00 00 00 00
00 00 00 00 00 00 00 00 00 00 00 00 00 00 00 00 00 00 00 00 00 00 00 00 00 00 00 00 00 00 00 00
00 00 00 00 00 00 00 00 00 00 00 00 00 00 00 00 00 00 00 00 00 00 00 00 00 00 00 00 00 00 00 00
00 00 00 00 00 00 00 00 00 00 00 00 00 00 00 00 00 00 00 00 00 00 00 00 00 00 00 00 00 00 00 00
00 00 00 00 00 00 00 00 00 00 00 00 00 00 00 00 00 00 00 00 00 00 00 00 00 00 00 00 00 00 00 00
00 00 00 00 00 00 00 00 00 00 00 00 00 00 00 00 00 00 00 00 00 00 00 00 00 00 00 00 00 00 00 00
00 00 00 00 00 00 00 00 00 00 00 00 00 00 00 00 00 00 00 00 00 00 00 00 00 00 00 00 00 00 00 00
00 00 00 00 00 00 00 00 00 00 00 00 00 00 00 00 00 00 00 00 00 00 00 00 00 00 00 00 00 00 00 00
00 00 00 00 00 00 00 00 00 00 00 00 00 00 00 00 00 00 00 00 00 00 00 00 00 00 00 00 00 00 00 00
00 00 00 00 00 00 00 00 00 00 00 00 00 00 00 00 00 00 80 3F 00 00 80 3F 00 00 00 40 00 00 B0 40
66 66 16 41 00 00 80 41 6E DB B6 41 00 00 02 42 39 8E 33 42 00 00 70 42 CD CC A4 42 CD CC D7 42
66 66 08 43 33 B3 23 43 CD CC 3A 43 00 80 4F 43 33 B3 5C 43 9A 99 63 43 CD 4C 61 43 CD CC 55 43
33 B3 45 43 9A 99 2E 43 9A 99 12 43 9A 99 EB 42 9A 99 B8 42 33 33 87 42 66 66 46 42 33 33 11 42
CD CC F4 41 CD CC F4 41 CD CC 08 42 66 66 38 42 66 66 78 42 33 33 A3 42 00 00 D0 42 33 33 FB 42
9A 99 15 43 66 E6 2E 43 66 E6 48 43 33 33 61 43 CD 4C 7B 43 00 80 88 43 9A 19 92 43 9A 59 9A 43
CD 4C 9F 43 00 80 A2 43 33 F3 A0 43 33 F3 9A 43 CD CC 90 43 66 A6 84 43 9A 19 6A 43 00 80 48 43
CD CC 24 43 00 00 0F 43 E4 38 D6 42 00 00 98 42 72 1C 53 42 72 1C 0F 42 8E E3 C8 41 72 1C 97 41
1C C7 81 41 1C C7 81 41 C7 71 94 41 66 66 92 41 66 66 9E 41 66 66 9E 41 CD CC 98 41 33 33 8F 41
CD CC 7C 41 33 33 5B 41 CD CC 34 41 66 66 0E 41 00 00 D0 40 00 00 A0 40 00 00 60 40 CD CC 2C 40
33 33 F3 3F CD CC CC 3F AB AA AA 3F 00 00 80 3F 00 00 80 3F 00 00 80 3F 6E DB B6 3F DB B6 CD 40
49 92 BC 41 00 00 96 42 B7 6D 4B 43 DB B6 E9 43 00 60 4F 44 E4 38 A8 44 33 33 F8 44 9A 59 39 45
33 3B 7E 45 9A CD A0 45 9A 39 BD 45 9A 99 D0 45 CD 4C D8 45 9A 55 D5 45 9A D9 CA 45 9A C9 BD 45
33 77 B4 45 9A 3D B3 45 9A C9 BD 45 9A C9 D5 45 00 E4 F8 45 33 25 12 46 00 CA 29 46 66 68 40 46
33 F3 51 46 33 7B 5B 46 CD A4 5A 46 CD D4 4E 46 66 28 39 46 66 48 1C 46 CD 1C F9 45 9A 29 BB 45
CD 30 85 45 66 4E 35 45 CD 9C F8 44 66 C6 B7 44 66 46 9C 44 66 36 9B 44 66 B6 A5 44 33 C3 B0 44
9A 29 B6 44 66 F6 B1 44 9A 29 A4 44 00 90 8E 44 00 40 68 44 00 20 31 44 00 40 FE 43 00 80 A8 43
00 80 4E 43 CD CC F5 42 66 66 8C 42 9A 99 33 42 33 33 0D 42 66 66 02 42 9A 99 03 42 C7 71 10 42
1C C7 05 42 39 8E E3 41 8E E3 B8 41 E4 38 8E 41 1C C7 71 41 E4 38 5E 41 E4 38 5E 41 AB AA 7A 41
00 00 90 41 66 66 8E 41 66 66 9A 41 66 66 9E 41 CD CC 98 41 33 33 8F 41 CD CC 7C 41 33 33 5B 41
CD CC 34 41 66 66 0E 41 00 00 D0 40 00 00 A0 40 00 00 60 40 CD CC 2C 40 33 33 F3 3F CD CC CC 3F
66 66 A6 3F 00 00 80 3F 00 00 80 3F 00 00 80 3F 00 00 80 3F 00 00 80 3F 00 00 80 3F 00 00 80 3F
00 00 80 3F 00 00 80 3F 00 00 80 3F 00 00 80 3F 00 00 80 3F 00 00 80 3F 00 00 80 3F 00 00 80 3F
66 66 A6 3F CD CC CC 3F 33 33 F3 3F CD CC 2C 40 66 66 86 40 66 66 B6 40 9A 99 01 41 9A 99 39 41
33 33 83 41 9A 99 B5 41 33 33 F3 41 66 66 18 42 CD CC 3E 42 33 33 63 42 66 66 82 42 33 33 93 42
33 33 A2 42 00 00 AF 42 66 66 B5 42 CD CC B8 42 66 66 B5 42 00 00 B2 42 CD CC A7 42 9A 99 9D 42
66 66 93 42 33 33 89 42 CD CC 78 42 33 33 5F 42 33 33 4D 42 33 33 3B 42 00 00 30 42 CD CC 24 42
9A 99 1F 42 66 66 1A 42 33 33 15 42 00 00 10 42 00 00 10 42 00 00 10 42 00 00 10 42 9A 99 0B 42
33 33 07 42 CD CC 02 42 CD CC FC 41 CD CC EC 41 CD CC DC 41 CD CC CC 41 CD CC BC 41 CD CC AC 41
CD CC 9C 41 9A 99 95 41 66 66 8E 41 33 33 87 41 00 00 80 41 CD CC 74 41 9A 99 69 41 66 66 56 41
66 66 3E 41 66 66 26 41 33 33 1B 41 9A 99 29 41 66 66 5E 41 66 66 B2 41 66 66 16 42 CD CC 6C 42
66 66 B5 42 CD 4C 02 43 CD 4C 2E 43 9A 19 63 43 CD 8C 8B 43 9A 19 A7 43 33 73 C1 43 00 40 D9 43
00 40 EB 43 33 33 F8 43 CD 0C FE 43 CD 0C FE 43 CD 0C FA 43 CD CC EF 43 CD CC E3 43 CD CC D3 43
00 40 C2 43 00 40 AF 43 00 40 9D 43 00 80 8D 43 CD 4C 7D 43 33 B3 63 43 33 B3 4B 43 66 66 37 43
00 80 24 43 00 00 13 43 9A 99 04 43 CD CC EB 42 33 33 D1 42 66 66 B4 42 66 66 99 42 CD CC 7A 42
8E E3 60 42 39 8E 2B 42 72 1C 03 42 C7 71 CC 41 AB AA 9A 41 72 1C 8F 41 AB AA 9A 41 00 00 B0 41
39 8E D3 41 39 8E FB 41 CD CC 04 42 00 00 18 42 CD CC 22 42 CD CC 2A 42 33 33 2F 42 CD CC 2A 42
33 33 21 42 00 00 14 42 CD CC 06 42 33 33 F3 41 33 33 D3 41 33 33 B3 41 9A 99 9D 41 00 00 88 41
CD CC 64 41 33 33 4B 41 9A 99 31 41 66 66 26 41 33 33 1B 41 00 00 10 41 00 00 10 41 00 00 10 41
00 00 10 41 00 00 10 41 00 00 10 41 00 00 10 41 00 00 10 41 00 00 10 41 00 00 08 41 00 00 00 41
00 00 F0 40 00 00 E0 40 00 00 D0 40 00 00 C0 40 00 00 B0 40 00 00 A0 40 00 00 90 40 00 00 80 40
00 00 80 40 00 00 80 40 00 00 80 40 00 00 80 40 00 00 80 40 00 00 80 40 00 00 80 40 00 00 80 40
00 00 80 40 CD CC 6C 40 9A 99 59 40 66 66 46 40 33 33 33 40 00 00 20 40 CD CC 0C 40 33 33 F3 3F
CD CC CC 3F 66 66 A6 3F 00 00 80 3F 00 00 80 3F 00 00 80 3F 00 00 80 3F 00 00 80 3F 00 00 80 3F
00 00 80 3F 00 00 80 3F 00 00 80 3F 00 00 80 3F 00 00 80 3F 00 00 80 3F 00 00 80 3F 00 00 80 3F
00 00 80 3F 00 00 80 3F 00 00 80 3F 00 00 80 3F 00 00 80 3F 00 00 80 3F 00 00 80 3F 00 00 80 3F
00 00 80 3F 00 00 80 3F 00 00 80 3F 00 00 80 3F 00 00 80 3F 00 00 80 3F 00 00 80 3F 00 00 80 3F
00 00 80 3F 00 00 80 3F 00 00 80 3F 00 00 80 3F 00 00 80 3F 00 00 80 3F 00 00 80 3F 00 00 80 3F
00 00 80 3F 00 00 80 3F 00 00 00 00 00 00 00 00 00 00 00 00 00 00 00 00 00 00 00 00 00 00 00 00
00 00 00 00 00 00 00 00 00 00 00 00 00 00 00 00 00 00 00 00 00 00 00 00 00 00 00 00 00 00 00 00
00 00 00 00 00 00 00 00 00 00 00 00 00 00 00 00 00 00 00 00 00 00 00 00 00 00 00 00 00 00 00 00
00 00 00 00 00 00 00 00 00 00 00 00 00 00 00 00 00 00 00 00 00 00 00 00 00 00 00 00 00 00 00 00
00 00 00 00 00 00 00 00 00 00 00 00 00 00 00 00 00 00 00 00 00 00 00 00 00 00 00 00 00 00 00 00
00 00 00 00 00 00 00 00 00 00 00 00 00 00 00 00 00 00 00 00 00 00 00 00 00 00 00 00 00 00 00 00
00 00 00 00 00 00 00 00 00 00 00 00 00 00 00 00 00 00 00 00 00 00 00 00 00 00 00 00 00 00 00 00
00 00 00 00 00 00 00 00 00 00 00 00 00 00 00 00 00 00 00 00 00 00 00 00 00 00 00 00 00 00 00 00
00 00 00 00 00 00 00 00 00 00 00 00 00 00 00 00 00 00 00 00 00 00 00 00 00 00 00 00 00 00 00 00
00 00 00 00 00 00 00 00 00 00 00 00 00 00 00 00 00 00 00 00 00 00 00 00 00 00 00 00 00 00 00 00
00 00 00 00 00 00 00 00 00 00 00 00 00 00 00 00 00 00 00 00 00 00 00 00 00 00 00 00 00 00 00 00
00 00 00 00 00 00 00 00 00 00 00 00 00 00 00 00 00 00 00 00 00 00 00 00 00 00 00 00 00 00 00 00
00 00 00 00 00 00 00 00 00 00 00 00 00 00 00 00 00 00 00 00 00 00 00 00 00 00 00 00 00 00 00 00
00 00 00 00 00 00 00 00 00 00 00 00 00 00 00 00 00 00 00 00 00 00 00 00 00 00 00 00 00 00 00 00
00 00 00 00 00 00 00 00 00 00 00 00 00 00 00 00 00 00 00 00 00 00 00 00 00 00 00 00 00 00 00 00
00 00 80 3F 00 00 80 3F 00 00 00 40 00 00 70 40 00 00 00 41 AB AA 4A 41 00 00 A0 41 00 00 F0 41
AB AA 2A 42 33 33 5D 42 66 66 9B 42 66 66 CE 42 33 B3 03 43 33 B3 1F 43 CD CC 36 43 CD CC 4C 43
66 E6 5C 43 CD CC 63 43 CD CC 63 43 66 E6 5C 43 CD CC 4C 43 CD CC 36 43 00 80 1B 43 00 00 FE 42
55 55 E1 42 55 55 A9 42 1C C7 75 42 AB AA 3A 42 72 1C 17 42 AB AA 0E 42 AB AA 1E 42 AB AA 4E 42
55 55 89 42 00 00 AE 42 CD CC C3 42 00 00 F0 42 00 00 10 43 CD 4C 29 43 CD CC 3F 43 9A 19 58 43
00 80 6E 43 9A 19 82 43 33 B3 8B 43 CD 4C 95 43 33 B3 9B 43 66 E6 9E 43 66 E6 9E 43 00 40 9A 43
00 00 93 43 CD CC 87 43 9A 19 74 43 00 80 52 43 CD 4C 2F 43 CD 4C 0B 43 00 00 D6 42 00 00 9E 42
00 00 5C 42 00 00 14 42 CD CC C8 41 CD CC 8C 41 33 33 73 41 33 33 73 41 66 66 86 41 66 66 92 41
66 66 9E 41 66 66 9E 41 CD CC 98 41 33 33 8F 41 CD CC 7C 41 33 33 5B 41 CD CC 34 41 66 66 0E 41
00 00 D0 40 00 00 A0 40 00 00 60 40 CD CC 2C 40 33 33 F3 3F CD CC CC 3F AB AA AA 3F 00 00 80 3F
00 00 80 3F 00 00 80 3F 6E DB B6 3F B7 6D 9B 40 00 00 98 41 25 49 82 42 00 00 31 43 00 80 D0 43
00 38 3D 44 72 1C 9A 44 66 26 E7 44 00 60 2E 45 33 F3 71 45 9A 59 9B 45 CD 0C B9 45 66 16 CE 45
66 A6 D7 45 9A 39 D6 45 00 74 CC 45 00 B4 BF 45 00 64 B5 45 00 04 B3 45 66 FE BB 45 33 A7 D1 45
33 8B F3 45 9A 25 0F 46 9A E5 26 46 00 CA 3D 46 CD 56 50 46 66 7E 5B 46 9A 51 5C 46 9A 41 52 46
66 EC 3D 46 9A F1 21 46 00 26 02 46 66 26 C5 45 00 40 8D 45 00 C8 41 45 00 C0 04 45 CD DC BF 44
33 83 A0 44 33 F3 9A 44 CD 9C A3 44 33 03 AF 44 33 93 B5 44 33 03 B3 44 CD 5C A6 44 CD CC 91 44
CD CC 6E 44 CD AC 37 44 66 66 03 44 CD 0C B1 43 9A 99 5F 43 66 E6 05 43 9A 99 9B 42 33 33 49 42
9A 99 19 42 9A 99 11 42 9A 99 11 42 00 00 20 42 55 55 15 42 55 55 01 42 00 00 D8 41 55 55 AD 41
AB AA 8A 41 AB AA 6A 41 AB AA 6A 41 AB AA 7A 41 00 00 90 41 9A 99 95 41 9A 99 A1 41 33 33 AB 41
9A 99 A5 41 00 00 9C 41 33 33 8B 41 CD CC 74 41 66 66 4E 41 00 00 28 41 9A 99 01 41 66 66 B6 40
66 66 86 40 CD CC 2C 40 33 33 F3 3F CD CC CC 3F 66 66 A6 3F 00 00 80 3F 00 00 80 3F 00 00 80 3F
00 00 80 3F 00 00 80 3F 00 00 80 3F 00 00 80 3F 00 00 80 3F 00 00 80 3F 00 00 80 3F 00 00 80 3F
00 00 80 3F 00 00 80 3F 00 00 80 3F 00 00 80 3F 00 00 80 3F 66 66 A6 3F CD CC CC 3F 9A 99 19 40
CD CC 4C 40 66 66 96 40 33 33 E3 40 9A 99 29 41 66 66 76 41 9A 99 AD 41 9A 99 ED 41 9A 99 15 42
00 00 3C 42 66 66 60 42 66 66 82 42 33 33 93 42 33 33 A2 42 00 00 AF 42 33 33 B9 42 9A 99 BC 42
9A 99 BC 42 33 33 B9 42 00 00 B2 42 CD CC A7 42 9A 99 9D 42 66 66 93 42 9A 99 86 42 9A 99 73 42
00 00 5A 42 00 00 48 42 00 00 36 42 CD CC 2A 42 9A 99 1F 42 66 66 1A 42 33 33 15 42 00 00 10 42
00 00 10 42 00 00 10 42 00 00 10 42 9A 99 0B 42 33 33 07 42 CD CC 02 42 CD CC FC 41 CD CC EC 41
CD CC DC 41 CD CC CC 41 CD CC BC 41 CD CC AC 41 CD CC 9C 41 9A 99 95 41 66 66 8E 41 33 33 87 41
00 00 80 41 CD CC 74 41 9A 99 69 41 66 66 56 41 66 66 3E 41 66 66 26 41 33 33 1B 41 9A 99 29 41
66 66 5E 41 66 66 B2 41 66 66 16 42 CD CC 6C 42 66 66 AE 42 9A 99 FD 42 CD CC 2A 43 9A 19 5B 43
CD 8C 87 43 9A 19 A3 43 33 73 BD 43 66 E6 D2 43 66 E6 E4 43 9A D9 F1 43 33 73 F9 43 33 73 F9 43
33 73 F5 43 33 73 ED 43 33 73 E1 43 33 73 D1 43 66 E6 BF 43 00 40 AF 43 9A 99 9E 43 9A D9 8E 43
00 00 80 43 66 66 66 43 66 66 4E 43 9A 19 3A 43 33 33 27 43 9A 99 17 43 33 33 09 43 00 00 F8 42
00 00 D8 42 33 33 BB 42 9A 99 A1 42 9A 99 85 42 72 1C 73 42 1C C7 3D 42 55 55 15 42 00 00 E0 41
E4 38 AE 41 55 55 95 41 55 55 95 41 AB AA AA 41 00 00 C8 41 00 00 F0 41 33 33 FF 41 CD CC 12 42
9A 99 1D 42 9A 99 25 42 00 00 2A 42 9A 99 25 42 33 33 21 42 00 00 14 42 CD CC 06 42 33 33 F3 41
33 33 D3 41 33 33 B3 41 9A 99 9D 41 00 00 88 41 CD CC 64 41 33 33 4B 41 9A 99 31 41 66 66 26 41
33 33 1B 41 00 00 10 41 00 00 10 41 00 00 10 41 00 00 10 41 00 00 10 41 00 00 10 41 00 00 10 41
00 00 10 41 00 00 10 41 00 00 10 41 00 00 08 41 00 00 00 41 00 00 F0 40 00 00 E0 40 00 00 D0 40
00 00 C0 40 00 00 B0 40 00 00 A0 40 00 00 90 40 00 00 80 40 00 00 80 40 00 00 80 40 00 00 80 40
00 00 80 40 00 00 80 40 00 00 80 40 00 00 80 40 CD CC 6C 40 9A 99 59 40 66 66 46 40 33 33 33 40
00 00 20 40 CD CC 0C 40 33 33 F3 3F CD CC CC 3F 66 66 A6 3F 00 00 80 3F 00 00 80 3F 00 00 80 3F
00 00 80 3F 00 00 80 3F 00 00 80 3F 00 00 80 3F 00 00 80 3F 00 00 80 3F 00 00 80 3F 00 00 80 3F
00 00 80 3F 00 00 80 3F 00 00 80 3F 00 00 80 3F 00 00 80 3F 00 00 80 3F 00 00 80 3F 00 00 80 3F
00 00 80 3F 00 00 80 3F 00 00 80 3F 00 00 80 3F 00 00 80 3F 00 00 80 3F 00 00 80 3F 00 00 80 3F
00 00 80 3F 00 00 80 3F 00 00 80 3F 00 00 80 3F 00 00 80 3F 00 00 80 3F 00 00 80 3F 00 00 80 3F
00 00 80 3F 00 00 80 3F 00 00 80 3F 00 00 80 3F 00 00 80 3F 00 00 80 3F 00 00 00 00 00 00 00 00
00 00 00 00 00 00 00 00 00 00 00 00 00 00 00 00 00 00 00 00 00 00 00 00 00 00 00 00 00 00 00 00
00 00 00 00 00 00 00 00 00 00 00 00 00 00 00 00 00 00 00 00 00 00 00 00 00 00 00 00 00 00 00 00
00 00 00 00 00 00 00 00 00 00 00 00 00 00 00 00 00 00 00 00 00 00 00 00 00 00 00 00 00 00 00 00
00 00 00 00 00 00 00 00 00 00 00 00 00 00 00 00 00 00 00 00 00 00 00 00 00 00 00 00 00 00 00 00
00 00 00 00 00 00 00 00 00 00 00 00 00 00 00 00 00 00 00 00 00 00 00 00 00 00 00 00 00 00 00 00
00 00 00 00 00 00 00 00 00 00 00 00 00 00 00 00 00 00 00 00 00 00 00 00 00 00 00 00 00 00 00 00
00 00 00 00 00 00 00 00 00 00 00 00 00 00 00 00 00 00 00 00 00 00 00 00 00 00 00 00 00 00 00 00
00 00 00 00 00 00 00 00 00 00 00 00 00 00 00 00 00 00 00 00 00 00 00 00 00 00 00 00 00 00 00 00
00 00 00 00 00 00 00 00 00 00 00 00 00 00 00 00 00 00 00 00 00 00 00 00 00 00 00 00 00 00 00 00
00 00 00 00 00 00 00 00 00 00 00 00 00 00 00 00 00 00 00 00 00 00 00 00 00 00 00 00 00 00 00 00
00 00 00 00 00 00 00 00 00 00 00 00 00 00 00 00 00 00 00 00 00 00 00 00 00 00 00 00 00 00 00 00
00 00 00 00 00 00 00 00 00 00 00 00 00 00 00 00 00 00 00 00 00 00 00 00 00 00 00 00 00 00 00 00
00 00 00 00 00 00 00 00 00 00 00 00 00 00 00 00 00 00 00 00 00 00 00 00 00 00 00 00 00 00 00 00
00 00 00 00 00 00 00 00 00 00 00 00 00 00 00 00 00 00 00 00 00 00 00 00 00 00 00 00 00 00 00 00
00 00 00 00 00 00 00 00 00 00 00 00 00 00 00 00 00 00 80 3F 00 00 80 3F 00 00 00 40 00 00 70 40
00 00 00 41 AB AA 4A 41 00 00 A0 41 00 00 F0 41 AB AA 2A 42 33 33 5D 42 66 66 9B 42 66 66 CE 42
66 66 00 43 66 66 1C 43 00 80 33 43 00 80 49 43 9A 99 59 43 00 80 60 43 00 80 60 43 9A 99 59 43
00 80 49 43 00 80 33 43 00 80 1B 43 00 00 FE 42 55 55 E1 42 55 55 A9 42 1C C7 75 42 1C C7 35 42
39 8E 0B 42 72 1C 03 42 72 1C 13 42 8E E3 38 42 1C C7 71 42 39 8E 9D 42 00 00 B5 42 33 33 E1 42
9A 99 08 43 00 00 23 43 00 00 3B 43 CD 4C 53 43 66 66 6D 43 33 B3 82 43 CD 8C 8D 43 66 26 97 43
CD 8C 9D 43 00 C0 A0 43 00 C0 A0 43 9A 19 9C 43 9A D9 94 43 66 A6 89 43 9A 19 74 43 00 80 52 43
CD 4C 2F 43 CD 4C 0B 43 00 00 D6 42 00 00 9D 42 00 00 5A 42 9A 99 15 42 00 00 CC 41 00 00 90 41
9A 99 79 41 9A 99 79 41 9A 99 89 41 CD CC 9C 41 CD CC A8 41 66 66 B2 41 CD CC AC 41 00 00 A0 41
33 33 8F 41 CD CC 7C 41 66 66 56 41 00 00 30 41 9A 99 09 41 66 66 C6 40 66 66 96 40 CD CC 4C 40
9A 99 19 40 55 55 D5 3F 00 00 B0 3F 00 00 80 3F 00 00 80 3F 00 00 80 3F 00 00 C0 3F 00 00 B0 40
AB AA 96 41 AB AA 85 42 55 55 33 43 00 80 B9 43 00 F0 28 44 39 4E 8B 44 CD 7C D3 44 CD 24 22 45
CD 6C 64 45 66 96 94 45 9A 95 B3 45 9A 55 CA 45 9A D5 D5 45 CD 14 D6 45 CD 80 CD 45 9A 01 C1 45
9A FD B5 45 CD FC B1 45 CD BC B8 45 9A E9 CB 45 66 CA EA 45 00 F8 09 46 00 5A 21 46 9A 73 38 46
9A 4D 4C 46 33 D7 58 46 33 AF 5B 46 00 A6 53 46 66 1A 41 46 00 72 26 46 33 75 07 46 66 7E CF 45
CD 50 96 45 33 3B 50 45 CD 14 0D 45 9A A9 C9 44 00 50 A3 44 9A E9 99 44 CD AC A1 44 9A 09 AE 44
00 E0 B5 44 CD 5C B5 44 CD AC AA 44 9A 79 97 44 CD 8C 7C 44 9A 59 45 44 9A D9 10 44 CD 0C C7 43
66 E6 7A 43 66 66 14 43 66 66 AE 42 66 66 50 42 33 33 1B 42 00 00 08 42 00 00 08 42 00 00 08 42
00 00 02 42 66 66 EA 41 66 66 CA 41 00 00 A4 41 CD CC 84 41 33 33 63 41 9A 99 51 41 00 00 60 41
9A 99 79 41 CD CC 88 41 CD CC 94 41 66 66 9E 41 66 66 9E 41 CD CC 98 41 00 00 88 41 66 66 6E 41
00 00 48 41 9A 99 21 41 66 66 F6 40 66 66 C6 40 66 66 96 40 CD CC 4C 40 9A 99 19 40 CD CC CC 3F
66 66 A6 3F 00 00 80 3F 00 00 80 3F 00 00 80 3F 00 00 80 3F 00 00 80 3F 00 00 80 3F 00 00 80 3F
00 00 80 3F 00 00 80 3F 00 00 80 3F 00 00 80 3F 00 00 80 3F 00 00 80 3F 00 00 80 3F 00 00 80 3F
00 00 80 3F 66 66 A6 3F CD CC CC 3F 9A 99 19 40 CD CC 4C 40 66 66 96 40 33 33 E3 40 9A 99 29 41
66 66 76 41 9A 99 AD 41 9A 99 ED 41 9A 99 15 42 00 00 3C 42 66 66 60 42 66 66 82 42 33 33 93 42
33 33 A2 42 00 00 AF 42 66 66 B5 42 CD CC B8 42 66 66 B5 42 00 00 B2 42 CD CC AA 42 9A 99 A0 42
66 66 96 42 9A 99 89 42 9A 99 79 42 00 00 60 42 00 00 4E 42 00 00 3C 42 CD CC 30 42 9A 99 25 42
66 66 1A 42 33 33 15 42 00 00 10 42 00 00 10 42 00 00 10 42 00 00 10 42 00 00 10 42 00 00 10 42
9A 99 0B 42 33 33 07 42 CD CC 02 42 9A 99 F5 41 9A 99 E5 41 9A 99 D5 41 9A 99 C5 41 9A 99 B5 41
9A 99 A5 41 9A 99 95 41 66 66 8E 41 33 33 87 41 00 00 80 41 CD CC 74 41 9A 99 69 41 66 66 56 41
66 66 3E 41 66 66 26 41 33 33 13 41 33 33 13 41 00 00 48 41 00 00 98 41 66 66 FE 41 00 00 4A 42
00 00 9D 42 66 66 E4 42 33 33 1E 43 00 80 4E 43 00 80 81 43 00 80 9D 43 9A D9 B7 43 9A 99 D0 43
9A D9 E3 43 00 40 F2 43 9A D9 F9 43 CD CC FB 43 CD CC F7 43 CD CC EF 43 CD CC E3 43 CD CC D3 43
00 40 C2 43 00 40 AF 43 9A 99 9E 43 9A D9 8E 43 00 00 80 43 66 66 66 43 66 66 4E 43 9A 19 3A 43
33 33 27 43 9A 99 17 43 33 33 09 43 00 00 F8 42 00 00 D8 42 33 33 BB 42 9A 99 A1 42 9A 99 85 42
72 1C 73 42 1C C7 3D 42 72 1C 13 42 39 8E DB 41 1C C7 A9 41 8E E3 90 41 8E E3 90 41 E4 38 A6 41
39 8E C3 41 39 8E EB 41 33 33 FB 41 CD CC 10 42 9A 99 1D 42 9A 99 25 42 00 00 2A 42 9A 99 25 42
33 33 21 42 00 00 14 42 CD CC 06 42 33 33 F3 41 33 33 D3 41 33 33 B3 41 9A 99 9D 41 00 00 88 41
CD CC 64 41 33 33 4B 41 9A 99 31 41 66 66 26 41 33 33 1B 41 00 00 10 41 00 00 10 41 00 00 10 41
00 00 10 41 00 00 10 41 00 00 10 41 00 00 10 41 00 00 10 41 00 00 10 41 00 00 10 41 00 00 08 41
00 00 00 41 00 00 F0 40 00 00 E0 40 00 00 D0 40 00 00 C0 40 00 00 B0 40 00 00 A0 40 00 00 90 40
00 00 80 40 00 00 80 40 00 00 80 40 00 00 80 40 00 00 80 40 00 00 80 40 00 00 80 40 00 00 80 40
CD CC 6C 40 9A 99 59 40 66 66 46 40 33 33 33 40 00 00 20 40 CD CC 0C 40 33 33 F3 3F CD CC CC 3F
66 66 A6 3F 00 00 80 3F 00 00 80 3F 00 00 80 3F 00 00 80 3F 00 00 80 3F 00 00 80 3F 00 00 80 3F
00 00 80 3F 00 00 80 3F 00 00 80 3F 00 00 80 3F 00 00 80 3F 00 00 80 3F 00 00 80 3F 00 00 80 3F
00 00 80 3F 00 00 80 3F 00 00 80 3F 00 00 80 3F 00 00 80 3F 00 00 80 3F 00 00 80 3F 00 00 80 3F
00 00 80 3F 00 00 80 3F 00 00 80 3F 00 00 80 3F 00 00 80 3F 00 00 80 3F 00 00 80 3F 00 00 80 3F
00 00 80 3F 00 00 80 3F 00 00 80 3F 00 00 80 3F 00 00 80 3F 00 00 80 3F 00 00 80 3F 00 00 80 3F
00 00 80 3F 00 00 80 3F 00 00 80 3F 00 00 80 3F 00 00 80 3F 00 00 80 3F 00 00 80 3F 00 00 80 3F
00 00 00 00 00 00 00 00 00 00 00 00 00 00 00 00 00 00 00 00 00 00 00 00 00 00 00 00 00 00 00 00
00 00 00 00 00 00 00 00 00 00 00 00 00 00 00 00 00 00 00 00 00 00 00 00 00 00 00 00 00 00 00 00
00 00 00 00 00 00 00 00 00 00 00 00 00 00 00 00 00 00 00 00 00 00 00 00 00 00 00 00 00 00 00 00
00 00 00 00 00 00 00 00 00 00 00 00 00 00 00 00 00 00 80 3F 00 00 80 3F 00 00 80 3F 00 00 80 3F
00 00 80 3F 00 00 80 3F 00 00 80 3F 00 00 80 3F 00 00 80 3F 00 00 80 3F 00 00 80 3F 00 00 80 3F
00 00 00 00 00 00 00 00 00 00 00 00 00 00 00 00 00 00 00 00 00 00 00 00 00 00 00 00 00 00 00 00
00 00 00 00 00 00 00 00 00 00 00 00 00 00 00 00 00 00 00 00 00 00 00 00 00 00 00 00 00 00 00 00
00 00 00 00 00 00 00 00 00 00 00 00 00 00 00 00 00 00 00 00 00 00 00 00 00 00 00 00 00 00 00 00
00 00 00 00 00 00 00 00 00 00 00 00 00 00 00 00 00 00 00 00 00 00 00 00 00 00 00 00 00 00 00 00
00 00 00 00 00 00 00 00 00 00 00 00 00 00 00 00 00 00 00 00 00 00 00 00 00 00 00 00 00 00 00 00
00 00 00 00 00 00 00 00 00 00 00 00 00 00 00 00 00 00 00 00 00 00 00 00 00 00 00 00 00 00 00 00
00 00 00 00 00 00 00 00 00 00 00 00 00 00 00 00 00 00 00 00 00 00 00 00 00 00 00 00 00 00 00 00
00 00 00 00 00 00 00 00 00 00 00 00 00 00 00 00 00 00 00 00 00 00 00 00 00 00 00 00 00 00 00 00
00 00 00 00 00 00 00 00 00 00 00 00 00 00 00 00 00 00 00 00 00 00 00 00 00 00 00 00 00 00 00 00
00 00 80 3F 00 00 80 3F 00 00 00 40 00 00 70 40 66 66 C6 40 AB AA 32 41 49 92 84 41 00 00 C5 41
55 55 0D 42 CD CC 42 42 66 66 88 42 66 66 BB 42 CD CC ED 42 66 E6 12 43 33 33 2E 43 33 33 44 43
CD CC 55 43 CD 4C 61 43 9A 99 63 43 33 B3 5C 43 00 80 4F 43 00 80 39 43 00 80 21 43 00 00 05 43
55 55 E7 42 AB AA AE 42 55 55 7D 42 55 55 31 42 72 1C 07 42 E4 38 EE 41 72 1C 07 42 8E E3 2C 42
1C C7 65 42 39 8E 97 42 9A 99 AF 42 66 66 DC 42 66 E6 06 43 CD 4C 21 43 CD 4C 39 43 CD 4C 53 43
66 66 6D 43 33 B3 82 43 CD 8C 8D 43 66 26 97 43 CD 8C 9D 43 00 80 A2 43 00 80 A2 43 CD 4C 9F 43
CD 4C 99 43 9A 19 8E 43 00 80 7E 43 00 00 5E 43 CD CC 3A 43 CD CC 16 43 00 00 ED 42 00 00 AD 42
33 33 77 42 9A 99 23 42 00 00 D4 41 00 00 98 41 9A 99 71 41 00 00 60 41 9A 99 79 41 00 00 90 41
33 33 A3 41 CD CC AC 41 CD CC AC 41 33 33 A7 41 66 66 96 41 9A 99 85 41 CD CC 64 41 66 66 3E 41
00 00 18 41 33 33 E3 40 66 66 96 40 CD CC 4C 40 39 8E 23 40 00 00 E0 3F 6E DB B6 3F 00 00 80 3F
00 00 80 3F 00 00 80 3F 00 00 80 3F 00 00 98 40 00 00 A4 41 00 00 99 42 66 66 30 43 00 80 B5 43
49 12 27 44 00 28 8D 44 E4 98 D8 44 66 86 17 45 33 8B 58 45 9A 55 8F 45 9A A5 AF 45 9A 41 C8 45
9A 35 D6 45 9A C5 D8 45 9A A9 D1 45 00 10 C5 45 66 02 B9 45 66 82 B3 45 00 20 B8 45 66 36 C8 45
33 F3 E4 45 9A AB 06 46 9A DB 1D 46 9A 5D 35 46 00 0A 4A 46 00 8A 58 46 00 94 5D 46 66 8A 57 46
66 C8 46 46 33 7D 2D 46 9A E3 0E 46 66 16 DD 45 9A C5 A1 45 33 CB 61 45 33 CB 19 45 66 26 D7 44
CD 7C A7 44 00 E0 99 44 CD 6C 9F 44 CD 6C AB 44 66 06 B5 44 CD 7C B6 44 CD 0C AE 44 CD 0C 9C 44
CD 0C 84 44 66 E6 50 44 66 66 1C 44 CD CC D9 43 00 40 8C 43 CD 4C 2B 43 9A 99 C6 42 66 66 70 42
CD CC 24 42 CD CC 0A 42 00 00 08 42 00 00 08 42 00 00 02 42 66 66 EA 41 66 66 CA 41 00 00 A4 41
CD CC 84 41 33 33 63 41 9A 99 51 41 00 00 60 41 9A 99 79 41 00 00 90 41 00 00 9C 41 9A 99 A5 41
9A 99 A5 41 00 00 A0 41 33 33 8F 41 CD CC 7C 41 66 66 56 41 00 00 30 41 9A 99 09 41 66 66 C6 40
66 66 96 40 CD CC 4C 40 9A 99 19 40 CD CC CC 3F 66 66 A6 3F 00 00 80 3F 00 00 80 3F 00 00 80 3F
00 00 80 3F 00 00 80 3F 00 00 80 3F 00 00 80 3F 00 00 80 3F 00 00 80 3F 00 00 80 3F 00 00 80 3F
00 00 80 3F 00 00 80 3F 00 00 80 3F 00 00 80 3F 00 00 80 3F 00 00 80 3F 66 66 A6 3F CD CC CC 3F
9A 99 19 40 9A 99 79 40 9A 99 C9 40 CD CC 1C 41 9A 99 69 41 33 33 A7 41 9A 99 D9 41 CD CC 0C 42
33 33 33 42 9A 99 59 42 00 00 7E 42 00 00 94 42 00 00 A3 42 CD CC AF 42 00 00 BA 42 66 66 BD 42
CD CC C0 42 66 66 BD 42 33 33 B6 42 00 00 AC 42 CD CC A1 42 66 66 93 42 9A 99 86 42 9A 99 73 42
00 00 5A 42 00 00 48 42 00 00 36 42 CD CC 2A 42 9A 99 1F 42 66 66 1A 42 33 33 15 42 00 00 10 42
00 00 10 42 00 00 10 42 00 00 10 42 00 00 10 42 9A 99 0B 42 33 33 07 42 CD CC 02 42 CD CC FC 41
CD CC EC 41 CD CC DC 41 CD CC CC 41 CD CC BC 41 CD CC AC 41 CD CC 9C 41 9A 99 95 41 66 66 8E 41
9A 99 81 41 9A 99 69 41 66 66 5E 41 33 33 4B 41 33 33 33 41 AB AA 2A 41 55 55 15 41 55 55 15 41
8E E3 38 41 E4 38 96 41 1C C7 F9 41 00 00 50 42 8E E3 9E 42 00 00 E6 42 55 55 1F 43 CD CC 3F 43
CD 4C 74 43 66 26 96 43 66 26 B1 43 66 E6 C9 43 CD 4C DE 43 33 B3 EC 43 33 F3 F5 43 00 C0 F9 43
CD CC F7 43 CD CC EF 43 CD CC E3 43 CD CC D3 43 00 40 C2 43 00 40 AF 43 9A 99 9E 43 9A D9 8E 43
00 40 81 43 66 E6 68 43 33 33 53 43 66 E6 3E 43 9A 19 2E 43 00 80 1E 43 9A 19 10 43 66 E6 02 43
66 66 E8 42 CD CC CD 42 33 33 AF 42 33 33 93 42 33 33 6D 42 33 33 3D 42 66 66 0E 42 9A 99 D9 41
CD CC AC 41 66 66 96 41 00 00 8C 41 66 66 96 41 CD CC B0 41 CD CC D4 41 33 33 FB 41 CD CC 10 42
9A 99 1D 42 9A 99 25 42 00 00 2A 42 9A 99 25 42 33 33 21 42 00 00 14 42 CD CC 06 42 33 33 F3 41
33 33 D3 41 33 33 B3 41 9A 99 9D 41 00 00 88 41 CD CC 64 41 33 33 4B 41 9A 99 31 41 66 66 26 41
33 33 1B 41 00 00 10 41 00 00 10 41 00 00 10 41 00 00 10 41 00 00 10 41 00 00 10 41 00 00 10 41
00 00 10 41 00 00 10 41 00 00 08 41 00 00 00 41 00 00 F0 40 00 00 E0 40 00 00 D0 40 00 00 C0 40
00 00 B0 40 00 00 A0 40 00 00 90 40 00 00 80 40 00 00 80 40 00 00 80 40 00 00 80 40 00 00 80 40
00 00 80 40 00 00 80 40 00 00 80 40 00 00 80 40 00 00 80 40 CD CC 6C 40 9A 99 59 40 66 66 46 40
33 33 33 40 00 00 20 40 CD CC 0C 40 33 33 F3 3F CD CC CC 3F 66 66 A6 3F 00 00 80 3F 00 00 80 3F
00 00 80 3F 00 00 80 3F 00 00 80 3F 00 00 80 3F 00 00 80 3F 00 00 80 3F 00 00 80 3F 00 00 80 3F
00 00 80 3F 00 00 80 3F 00 00 80 3F 00 00 80 3F 00 00 80 3F 00 00 80 3F 00 00 80 3F 00 00 80 3F
00 00 80 3F 00 00 80 3F 00 00 80 3F 00 00 80 3F 00 00 80 3F 00 00 80 3F 00 00 80 3F 00 00 80 3F
00 00 80 3F 00 00 80 3F 00 00 80 3F 00 00 80 3F 00 00 80 3F 00 00 80 3F 00 00 80 3F 00 00 80 3F
00 00 80 3F 00 00 80 3F 00 00 80 3F 00 00 80 3F 00 00 80 3F 00 00 80 3F 00 00 80 3F 00 00 80 3F
00 00 80 3F 00 00 80 3F 00 00 80 3F 00 00 80 3F 00 00 80 3F 00 00 80 3F 00 00 00 00 00 00 00 00
00 00 00 00 00 00 00 00 00 00 00 00 00 00 00 00 00 00 00 00 00 00 00 00 00 00 00 00 00 00 00 00
00 00 00 00 00 00 00 00 00 00 00 00 00 00 00 00 00 00 00 00 00 00 00 00 00 00 00 00 00 00 00 00
00 00 00 00 00 00 00 00 00 00 00 00 00 00 00 00 00 00 00 00 00 00 00 00 00 00 00 00 00 00 00 00
00 00 00 00 00 00 00 00 00 00 00 00 00 00 00 00 00 00 00 00 00 00 00 00 00 00 00 00 00 00 00 00
00 00 00 00 00 00 00 00 00 00 00 00 00 00 00 00 00 00 00 00 00 00 00 00 00 00 00 00 00 00 00 00
00 00 00 00 00 00 00 00 00 00 00 00 00 00 00 00 00 00 00 00 00 00 00 00 00 00 00 00 00 00 00 00
00 00 00 00 00 00 00 00 00 00 00 00 00 00 00 00 00 00 00 00 00 00 00 00 00 00 00 00 00 00 00 00
00 00 00 00 00 00 00 00 00 00 00 00 00 00 00 00 00 00 00 00 00 00 00 00 00 00 00 00 00 00 00 00
00 00 00 00 00 00 00 00 00 00 00 00 00 00 00 00 00 00 00 00 00 00 00 00 00 00 00 00 00 00 00 00
00 00 00 00 00 00 00 00 00 00 00 00 00 00 00 00 00 00 00 00 00 00 00 00 00 00 00 00 00 00 00 00
00 00 00 00 00 00 00 00 00 00 00 00 00 00 00 00 00 00 00 00 00 00 00 00 00 00 00 00 00 00 00 00
00 00 00 00 00 00 00 00 00 00 00 00 00 00 00 00 00 00 00 00 00 00 00 00 00 00 00 00 00 00 00 00
00 00 00 00 00 00 00 00 00 00 00 00 00 00 00 00 00 00 00 00 00 00 00 00 00 00 00 00 00 00 00 00
00 00 00 00 00 00 00 00 00 00 00 00 00 00 00 00 00 00 00 00 00 00 80 3F 00 00 20 40 00 00 40 40
00 00 90 40 9A 99 09 41 AB AA 52 41 B7 6D A3 41 00 00 F3 41 00 00 2C 42 33 33 69 42 66 66 A1 42
CD CC D3 42 66 66 06 43 66 66 22 43 00 80 39 43 00 80 4F 43 9A 99 5F 43 00 80 66 43 33 33 64 43
9A 99 5A 43 00 80 4A 43 00 80 34 43 00 80 18 43 66 66 F7 42 66 66 C4 42 00 00 93 42 66 66 52 42
33 33 1D 42 66 66 06 42 9A 99 FD 41 33 33 0D 42 33 33 2F 42 33 33 65 42 33 33 94 42 33 33 BB 42
66 66 E6 42 33 33 0B 43 33 33 21 43 33 B3 37 43 00 00 50 43 9A 19 6A 43 CD 0C 81 43 66 E6 8B 43
00 80 95 43 66 E6 9B 43 9A 19 9F 43 9A 19 9F 43 9A 19 9C 43 9A D9 94 43 66 A6 89 43 9A 19 74 43
00 80 52 43 CD 4C 2F 43 CD 4C 0B 43 00 00 D6 42 00 00 9E 42 00 00 5C 42 9A 99 17 42 00 00 D0 41
00 00 94 41 CD CC 80 41 CD CC 80 41 9A 99 8D 41 9A 99 99 41 9A 99 A5 41 9A 99 A5 41 00 00 A0 41
33 33 8F 41 CD CC 7C 41 66 66 56 41 00 00 30 41 9A 99 09 41 66 66 C6 40 66 66 96 40 CD CC 4C 40
9A 99 19 40 CD CC CC 3F 66 66 A6 3F 00 00 80 3F 00 00 80 3F 00 00 80 3F 00 00 80 3F 00 00 00 40
00 00 A0 40 00 00 8B 41 00 00 67 42 00 A0 1B 43 00 D0 B6 43 00 E8 39 44 8E A3 98 44 00 B0 E3 44
CD A4 2C 45 00 30 70 45 00 78 9A 45 33 2B B8 45 00 BC CD 45 00 B0 D7 45 00 7C D6 45 CD 14 CD 45
CD F4 BF 45 00 64 B5 45 00 70 B2 45 00 B0 BA 45 33 83 CF 45 33 67 F1 45 00 D0 0D 46 CD CC 25 46
00 FA 3C 46 00 34 50 46 00 D4 5B 46 66 7A 5D 46 66 DA 53 46 9A F7 3F 46 9A 6D 24 46 66 9A 04 46
33 0F CA 45 33 4B 91 45 9A 49 48 45 9A 81 08 45 CD 1C C5 44 00 50 A2 44 00 A0 9C 44 00 90 A5 44
00 90 B1 44 CD 5C B8 44 33 43 B6 44 CD 9C A9 44 66 36 95 44 00 A0 75 44 00 80 3E 44 9A 39 0A 44
33 73 BA 43 66 E6 6A 43 66 E6 0A 43 9A 99 A5 42 66 66 4E 42 CD CC 1E 42 9A 99 11 42 9A 99 11 42
66 66 10 42 CD CC 06 42 9A 99 E9 41 9A 99 BD 41 33 33 97 41 00 00 70 41 9A 99 49 41 9A 99 49 41
00 00 58 41 9A 99 79 41 00 00 90 41 00 00 9C 41 9A 99 A5 41 9A 99 A5 41 00 00 A0 41 33 33 8F 41
CD CC 7C 41 66 66 56 41 00 00 30 41 9A 99 09 41 66 66 C6 40 66 66 96 40 CD CC 4C 40 9A 99 19 40
CD CC CC 3F 66 66 A6 3F 00 00 80 3F 00 00 80 3F 00 00 80 3F 00 00 80 3F 00 00 80 3F 00 00 80 3F
00 00 80 3F 00 00 80 3F 00 00 80 3F 00 00 80 3F 00 00 80 3F 00 00 80 3F 00 00 80 3F 00 00 80 3F
00 00 80 3F 00 00 80 3F 66 66 A6 3F CD CC CC 3F 9A 99 19 40 CD CC 4C 40 66 66 96 40 33 33 E3 40
9A 99 29 41 66 66 76 41 9A 99 AD 41 9A 99 ED 41 33 33 1D 42 9A 99 43 42 00 00 68 42 33 33 86 42
00 00 97 42 00 00 A6 42 CD CC B2 42 33 33 B9 42 9A 99 BC 42 33 33 B9 42 00 00 B2 42 CD CC A7 42
9A 99 9D 42 66 66 93 42 9A 99 86 42 9A 99 73 42 00 00 5A 42 00 00 48 42 00 00 36 42 CD CC 2A 42
9A 99 1F 42 66 66 1A 42 33 33 15 42 00 00 10 42 00 00 10 42 00 00 10 42 00 00 10 42 00 00 10 42
00 00 10 42 9A 99 0B 42 33 33 07 42 CD CC 02 42 CD CC FC 41 00 00 F4 41 00 00 E4 41 00 00 D4 41
00 00 C4 41 00 00 B4 41 00 00 A4 41 CD CC 9C 41 9A 99 95 41 CD CC 88 41 00 00 78 41 66 66 5E 41
33 33 4B 41 33 33 33 41 33 33 1B 41 00 00 10 41 66 66 1E 41 33 33 53 41 CD CC AC 41 66 66 0C 42
CD CC 62 42 66 66 A9 42 CD CC F0 42 66 66 24 43 33 B3 54 43 9A 59 84 43 66 E6 9F 43 00 40 BA 43
33 B3 CF 43 33 F3 E2 43 66 E6 EF 43 00 80 F7 43 33 73 F9 43 33 73 F5 43 33 73 ED 43 33 73 E1 43
33 73 D1 43 66 E6 BF 43 00 40 AF 43 9A 99 9E 43 9A D9 8E 43 00 40 81 43 66 E6 68 43 33 33 53 43
66 E6 3E 43 9A 19 2E 43 00 80 1E 43 9A 19 10 43 66 E6 02 43 66 66 E8 42 9A 99 CB 42 9A 99 AB 42
9A 99 8F 42 72 1C 7F 42 1C C7 49 42 00 00 18 42 55 55 E5 41 39 8E B3 41 AB AA 9A 41 AB AA 9A 41
00 00 B0 41 39 8E D3 41 39 8E FB 41 CD CC 04 42 00 00 18 42 CD CC 22 42 CD CC 2A 42 CD CC 2A 42
66 66 26 42 CD CC 1C 42 9A 99 0F 42 66 66 02 42 66 66 EA 41 66 66 CA 41 66 66 AA 41 CD CC 94 41
66 66 7E 41 CD CC 64 41 33 33 4B 41 9A 99 31 41 66 66 26 41 33 33 1B 41 00 00 10 41 00 00 10 41
00 00 10 41 00 00 10 41 00 00 10 41 00 00 10 41 00 00 10 41 00 00 10 41 00 00 10 41 00 00 08 41
00 00 00 41 00 00 F0 40 00 00 E0 40 00 00 D0 40 00 00 C0 40 00 00 B0 40 00 00 A0 40 00 00 90 40
00 00 80 40 00 00 80 40 00 00 80 40 00 00 80 40 00 00 80 40 00 00 80 40 00 00 80 40 00 00 80 40
CD CC 6C 40 9A 99 59 40 66 66 46 40 33 33 33 40 00 00 20 40 CD CC 0C 40 33 33 F3 3F CD CC CC 3F
66 66 A6 3F 00 00 80 3F 00 00 80 3F 00 00 80 3F 00 00 80 3F 00 00 80 3F 00 00 80 3F 00 00 80 3F
