EF 09 EF 09 EF 09 EF 09 EF 09 EF 09 EF 09 F0 09 EF 09 EF 09 EF 09 EF 09 3B 18 01 00 83 40 82 3C
00 00 00 00 00 00 00 00 00 00 00 00 00 00 00 00 00 00 00 00 00 00 00 00 00 00 00 00 00 00 00 00
00 00 00 00 00 00 00 00 00 00 00 00 00 00 00 00 00 00 00 00 00 00 00 00 00 00 00 00 00 00 00 00
00 00 00 00 00 00 00 00 00 00 00 00 00 00 00 00 00 00 00 00 00 00 00 00 00 00 00 00 00 00 00 00
00 00 00 00 00 00 00 00 00 00 00 00 00 00 00 00 00 00 00 00 00 00 00 00 00 00 00 00 00 00 00 00
00 00 00 00 00 00 00 00 00 00 00 00 00 00 00 00 00 00 00 00 00 00 00 00 00 00 00 00 00 00 00 00
00 00 00 00 00 00 00 00 00 00 00 00 00 00 00 00 00 00 00 00 00 00 00 00 00 00 00 00 00 00 00 00
00 00 00 00 00 00 00 00 00 00 00 00 00 00 00 00 00 00 00 00 00 00 00 00 00 00 00 00 00 00 00 00
00 00 00 00 00 00 00 00 00 00 00 00 00 00 00 00 00 00 00 00 00 00 00 00 00 00 00 00 00 00 00 00
00 00 00 00 00 00 00 00 00 00 00 00 00 00 00 00 00 00 00 00 00 00 00 00 00 00 00 00 00 00 00 00
00 00 00 00 00 00 00 00 00 00 00 00 00 00 00 00 00 00 00 00 00 00 00 00 00 00 00 00 00 00 00 00
00 00 00 00 00 00 00 00 00 00 00 00 00 00 00 00 00 00 00 00 00 00 00 00 00 00 00 00 00 00 00 00
00 00 00 00 00 00 00 00 00 00 00 00 00 00 00 00 00 00 00 00 00 00 00 00 00 00 00 00 00 00 00 00
00 00 00 00 00 00 00 00 00 00 00 00 00 00 00 00 00 00 00 00 00 00 00 00 00 00 00 00 00 00 00 00
00 00 00 00 00 00 00 00 00 00 00 00 00 00 00 00 00 00 00 00 00 00 00 00 00 00 00 00 00 00 00 00
00 00 00 00 00 00 00 00 00 00 00 00 00 00 00 00 00 00 00 00 00 00 00 00 00 00 00 00 00 00 00 00
00 00 00 00 00 00 00 00 00 00 00 00 00 00 00 00 00 00 00 00 00 00 00 00 00 00 00 00 00 00 00 00
00 00 00 00 00 00 00 00 00 00 00 00 00 00 00 00 00 00 00 00 00 00 00 00 00 00 00 00 00 00 00 00
00 00 00 00 00 00 00 00 00 00 00 00 00 00 00 00 00 00 00 00 00 00 00 00 00 00 00 00 00 00 00 00
00 00 00 00 00 00 00 00 00 00 00 00 00 00 00 00 00 00 00 00 00 00 00 00 00 00 00 00 00 00 00 00
00 00 00 00 00 00 00 00 00 00 00 00 00 00 00 00 00 00 00 00 00 00 00 00 00 00 00 00 00 00 00 00
00 00 00 00 00 00 00 00 00 00 00 00 00 00 00 00 00 00 00 00 00 00 00 00 00 00 00 00 00 00 00 00
00 00 00 00 00 00 80 3F 00 00 80 3F 00 00 80 3F 00 00 80 3F 00 00 80 3F 00 00 80 3F 00 00 80 3F
00 00 80 3F 00 00 80 3F 00 00 80 3F 00 00 80 3F 00 00 80 3F 00 00 80 3F 00 00 80 3F 00 00 80 3F
00 00 80 3F 00 00 80 3F 00 00 80 3F 00 00 80 3F 00 00 80 3F 6E DB B6 3F 00 00 E0 3F 00 00 00 40
33 33 F3 3F 33 33 F3 3F 33 33 F3 3F 33 33 F3 3F 33 33 F3 3F 33 33 F3 3F 00 00 00 40 00 00 E0 3F
6E DB B6 3F 00 00 80 3F 00 00 80 3F 00 00 80 3F 00 00 80 3F 00 00 80 3F 00 00 80 3F 00 00 80 3F
00 00 80 3F 00 00 80 3F 00 00 80 3F 00 00 80 3F 00 00 80 3F 00 00 80 3F 00 00 80 3F 00 00 80 3F
00 00 80 3F 00 00 80 3F 00 00 80 3F 00 00 80 3F 00 00 80 3F 00 00 80 3F 00 00 80 3F 00 00 80 3F
00 00 80 3F 00 00 80 3F 00 00 80 3F 00 00 80 3F 00 00 80 3F 00 00 80 3F 00 00 80 3F 00 00 80 3F
00 00 80 3F 00 00 80 3F 00 00 80 3F 00 00 80 3F 00 00 80 3F 00 00 80 3F 00 00 80 3F 00 00 80 3F
00 00 80 3F 00 00 80 3F 00 00 80 3F 00 00 80 3F 00 00 80 3F 00 00 80 3F 00 00 80 3F 00 00 80 3F
00 00 80 3F 00 00 00 00 00 00 00 00 00 00 00 00 00 00 00 00 00 00 00 00 00 00 00 00 00 00 00 00
00 00 00 00 00 00 00 00 00 00 00 00 00 00 00 00 00 00 00 00 00 00 00 00 00 00 00 00 00 00 00 00
00 00 00 00 00 00 00 00 00 00 00 00 00 00 00 00 00 00 00 00 00 00 00 00 00 00 00 00 00 00 00 00
00 00 00 00 00 00 00 00 00 00 00 00 00 00 00 00 00 00 00 00 00 00 00 00 00 00 00 00 00 00 00 00
00 00 00 00 00 00 00 00 00 00 00 00 00 00 00 00 00 00 00 00 00 00 00 00 00 00 00 00 00 00 00 00
00 00 00 00 00 00 00 00 00 00 00 00 00 00 00 00 00 00 00 00 00 00 00 00 00 00 00 00 00 00 00 00
00 00 00 00 00 00 00 00 00 00 00 00 00 00 00 00 00 00 00 00 00 00 00 00 00 00 00 00 00 00 80 3F
00 00 80 3F 00 00 80 3F 00 00 80 3F 00 00 80 3F 00 00 80 3F 00 00 80 3F 00 00 80 3F 00 00 80 3F
00 00 80 3F 00 00 80 3F 00 00 80 3F 00 00 80 3F 00 00 80 3F 00 00 80 3F 00 00 80 3F 00 00 80 3F
00 00 80 3F 00 00 80 3F 00 00 80 3F 00 00 80 3F 00 00 80 3F 00 00 80 3F 00 00 80 3F 00 00 80 3F
00 00 80 3F 00 00 80 3F 00 00 80 3F 00 00 80 3F 00 00 80 3F 00 00 80 3F 00 00 80 3F 00 00 80 3F
00 00 80 3F 00 00 80 3F 00 00 80 3F 00 00 80 3F 00 00 80 3F 00 00 80 3F 00 00 80 3F 00 00 80 3F
00 00 80 3F 00 00 80 3F 00 00 80 3F 00 00 80 3F 00 00 80 3F 00 00 80 3F 00 00 80 3F 00 00 80 3F
00 00 80 3F 00 00 80 3F 00 00 80 3F 00 00 80 3F 00 00 80 3F 00 00 80 3F 00 00 80 3F 00 00 80 3F
00 00 80 3F 00 00 80 3F 00 00 80 3F 00 00 80 3F 00 00 80 3F 00 00 80 3F 00 00 80 3F 00 00 80 3F
00 00 80 3F 00 00 80 3F 00 00 80 3F 00 00 80 3F 00 00 80 3F 00 00 80 3F 00 00 80 3F 00 00 80 3F
00 00 80 3F 00 00 80 3F 00 00 80 3F 00 00 80 3F 00 00 80 3F 00 00 80 3F 00 00 80 3F 00 00 80 3F
00 00 80 3F 00 00 00 00 00 00 00 00 00 00 00 00 00 00 00 00 00 00 00 00 00 00 00 00 00 00 00 00
00 00 00 00 00 00 00 00 00 00 00 00 00 00 00 00 00 00 00 00 00 00 00 00 00 00 00 00 00 00 00 00
00 00 00 00 00 00 00 00 00 00 00 00 00 00 00 00 00 00 00 00 00 00 00 00 00 00 00 00 00 00 00 00
00 00 00 00 00 00 00 00 00 00 00 00 00 00 00 00 00 00 00 00 00 00 00 00 00 00 00 00 00 00 00 00
00 00 00 00 00 00 00 00 00 00 00 00 00 00 00 00 00 00 00 00 00 00 00 00 00 00 00 00 00 00 00 00
00 00 00 00 00 00 00 00 00 00 00 00 00 00 00 00 00 00 00 00 00 00 00 00 00 00 00 00 00 00 00 00
00 00 00 00 00 00 00 00 00 00 00 00 00 00 00 00 00 00 00 00 00 00 00 00 00 00 00 00 00 00 00 00
00 00 00 00 00 00 00 00 00 00 00 00 00 00 00 00 00 00 00 00 00 00 00 00 00 00 00 00 00 00 00 00
00 00 00 00 00 00 00 00 00 00 00 00 00 00 00 00 00 00 00 00 00 00 00 00 00 00 00 00 00 00 00 00
00 00 00 00 00 00 00 00 00 00 00 00 00 00 00 00 00 00 00 00 00 00 80 3F 00 00 80 3F 00 00 80 3F
00 00 80 3F 00 00 80 3F 00 00 80 3F 00 00 80 3F 00 00 80 3F 00 00 80 3F 00 00 80 3F 00 00 80 3F
00 00 80 3F 00 00 80 3F 00 00 80 3F 00 00 80 3F 00 00 80 3F 00 00 80 3F 00 00 80 3F 00 00 80 3F
00 00 80 3F 00 00 80 3F 00 00 80 3F 00 00 80 3F 00 00 80 3F 00 00 80 3F 00 00 80 3F 00 00 80 3F
00 00 80 3F 00 00 80 3F 00 00 80 3F 00 00 80 3F 00 00 80 3F 00 00 80 3F 00 00 80 3F 00 00 80 3F
00 00 80 3F 00 00 80 3F 00 00 80 3F 00 00 80 3F 00 00 80 3F 00 00 80 3F 00 00 80 3F 00 00 80 3F
00 00 80 3F 00 00 80 3F 00 00 80 3F 00 00 80 3F 00 00 80 3F 00 00 80 3F 00 00 80 3F 00 00 80 3F
00 00 80 3F 00 00 80 3F 00 00 80 3F 00 00 80 3F 00 00 80 3F 00 00 80 3F 00 00 80 3F 00 00 80 3F
00 00 80 3F 00 00 80 3F 00 00 80 3F 00 00 80 3F 00 00 80 3F 00 00 80 3F 00 00 00 00 00 00 00 00
00 00 00 00 00 00 00 00 00 00 00 00 00 00 00 00 00 00 00 00 00 00 00 00 00 00 00 00 00 00 00 00
00 00 00 00 00 00 00 00 00 00 00 00 00 00 00 00 00 00 00 00 00 00 00 00 00 00 00 00 00 00 00 00
00 00 00 00 00 00 00 00 00 00 00 00 00 00 00 00 00 00 00 00 00 00 00 00 00 00 00 00 00 00 00 00
00 00 00 00 00 00 00 00 00 00 00 00 00 00 00 00 00 00 00 00 00 00 00 00 00 00 00 00 00 00 00 00
00 00 00 00 00 00 00 00 00 00 00 00 00 00 00 00 00 00 00 00 00 00 00 00 00 00 00 00 00 00 00 00
00 00 00 00 00 00 00 00 00 00 00 00 00 00 00 00 00 00 00 00 00 00 00 00 00 00 00 00 00 00 00 00
00 00 00 00 00 00 00 00 00 00 00 00 00 00 00 00 00 00 00 00 00 00 00 00 00 00 00 00 00 00 00 00
00 00 00 00 00 00 00 00 00 00 00 00 00 00 00 00 00 00 00 00 00 00 00 00 00 00 00 00 00 00 00 00
00 00 00 00 00 00 00 00 00 00 00 00 00 00 00 00 00 00 00 00 00 00 00 00 00 00 00 00 00 00 00 00
00 00 00 00 00 00 00 00 00 00 00 00 00 00 00 00 00 00 00 00 00 00 00 00 00 00 00 00 00 00 00 00
00 00 00 00 00 00 00 00 00 00 00 00 00 00 00 00 00 00 00 00 00 00 00 00 00 00 00 00 00 00 00 00
00 00 00 00 00 00 00 00 00 00 00 00 00 00 00 00 00 00 00 00 00 00 00 00 00 00 00 00 00 00 00 00
00 00 00 00 00 00 00 00 00 00 00 00 00 00 00 00 00 00 00 00 00 00 00 00 00 00 80 3F 00 00 80 3F
00 00 80 3F 00 00 80 3F 00 00 80 3F 00 00 80 3F 00 00 80 3F 00 00 80 3F 00 00 80 3F 00 00 80 3F
00 00 80 3F 00 00 80 3F 00 00 80 3F 00 00 80 3F 00 00 80 3F 00 00 80 3F 00 00 80 3F 00 00 80 3F
00 00 80 3F 00 00 80 3F 00 00 80 3F 00 00 80 3F 00 00 80 3F 00 00 80 3F 00 00 80 3F 00 00 80 3F
00 00 80 3F 00 00 80 3F 00 00 80 3F 00 00 80 3F 00 00 80 3F 00 00 80 3F 00 00 80 3F 00 00 80 3F
00 00 80 3F 00 00 80 3F 00 00 80 3F 00 00 80 3F 00 00 80 3F 00 00 80 3F 00 00 80 3F 00 00 80 3F
00 00 80 3F 00 00 80 3F 00 00 80 3F 00 00 80 3F 00 00 80 3F 00 00 80 3F 6E DB B6 3F DB B6 ED 3F
25 49 12 40 DB B6 2D 40 00 00 38 40 00 00 40 40 66 66 46 40 66 66 46 40 66 66 46 40 66 66 46 40
33 33 33 40 AB AA 2A 40 00 00 20 40 25 49 12 40 DB B6 ED 3F 6E DB B6 3F 00 00 80 3F 00 00 80 3F
00 00 80 3F 00 00 80 3F 00 00 80 3F 00 00 80 3F 00 00 80 3F 00 00 80 3F 00 00 80 3F 00 00 80 3F
00 00 80 3F 00 00 80 3F 00 00 80 3F 00 00 80 3F 00 00 80 3F 00 00 80 3F 00 00 80 3F 00 00 80 3F
00 00 80 3F 00 00 80 3F 00 00 80 3F 00 00 80 3F 00 00 80 3F 00 00 80 3F 00 00 80 3F 00 00 80 3F
00 00 80 3F 00 00 80 3F 00 00 80 3F 00 00 80 3F 00 00 80 3F 00 00 80 3F 00 00 80 3F 00 00 80 3F
00 00 80 3F 00 00 80 3F 00 00 80 3F 00 00 80 3F 00 00 80 3F 00 00 80 3F 00 00 80 3F 00 00 80 3F
00 00 80 3F 00 00 80 3F 00 00 80 3F 00 00 80 3F 00 00 80 3F 00 00 80 3F 00 00 80 3F 00 00 80 3F
00 00 80 3F 00 00 80 3F 00 00 80 3F 00 00 80 3F 00 00 80 3F 00 00 80 3F 00 00 80 3F 00 00 80 3F
00 00 80 3F 00 00 80 3F 00 00 80 3F 00 00 80 3F 00 00 80 3F 00 00 80 3F 00 00 80 3F 00 00 80 3F
00 00 80 3F 00 00 80 3F 00 00 80 3F 00 00 80 3F 00 00 80 3F 00 00 80 3F 00 00 80 3F 00 00 80 3F
00 00 00 00 00 00 00 00 00 00 00 00 00 00 00 00 00 00 00 00 00 00 00 00 00 00 00 00 00 00 00 00
00 00 00 00 00 00 00 00 00 00 00 00 00 00 00 00 00 00 00 00 00 00 00 00 00 00 00 00 00 00 00 00
00 00 00 00 00 00 00 00 00 00 00 00 00 00 00 00 00 00 00 00 00 00 00 00 00 00 00 00 00 00 00 00
00 00 00 00 00 00 00 00 00 00 00 00 00 00 00 00 00 00 00 00 00 00 00 00 00 00 00 00 00 00 00 00
00 00 00 00 00 00 00 00 00 00 00 00 00 00 00 00 00 00 00 00 00 00 00 00 00 00 00 00 00 00 00 00
00 00 00 00 00 00 00 00 00 00 00 00 00 00 00 00 00 00 00 00 00 00 00 00 00 00 00 00 00 00 00 00
00 00 00 00 00 00 00 00 00 00 00 00 00 00 00 00 00 00 00 00 00 00 00 00 00 00 00 00 00 00 00 00
00 00 00 00 00 00 00 00 00 00 00 00 00 00 00 00 00 00 00 00 00 00 00 00 00 00 00 00 00 00 00 00
00 00 00 00 00 00 00 00 00 00 00 00 00 00 00 00 00 00 00 00 00 00 00 00 00 00 00 00 00 00 00 00
00 00 00 00 00 00 00 00 00 00 00 00 00 00 00 00 00 00 00 00 00 00 00 00 00 00 00 00 00 00 00 00
00 00 00 00 00 00 00 00 00 00 00 00 00 00 00 00 00 00 00 00 00 00 00 00 00 00 00 00 00 00 00 00
00 00 00 00 00 00 00 00 00 00 00 00 00 00 00 00 00 00 00 00 00 00 00 00 00 00 00 00 00 00 00 00
00 00 00 00 00 00 00 00 00 00 00 00 00 00 00 00 00 00 00 00 00 00 00 00 00 00 00 00 00 00 00 00
00 00 00 00 00 00 00 00 00 00 00 00 00 00 00 00 00 00 00 00 00 00 00 00 00 00 00 00 00 00 00 00
00 00 00 00 00 00 00 00 00 00 00 00 00 00 00 00 00 00 00 00 00 00 00 00 00 00 00 00 00 00 00 00
00 00 00 00 00 00 00 00 00 00 00 00 00 00 00 00 00 00 00 00 00 00 00 00 00 00 00 00 00 00 00 00
00 00 00 00 00 00 00 00 00 00 00 00 00 00 00 00 00 00 00 00 00 00 00 00 00 00 00 00 00 00 00 00
00 00 00 00 00 00 00 00 00 00 00 00 00 00 00 00 00 00 00 00 00 00 00 00 00 00 00 00 00 00 00 00
00 00 00 00 00 00 00 00 00 00 00 00 00 00 00 00 00 00 00 00 00 00 00 00 00 00 00 00 00 00 00 00
00 00 00 00 00 00 00 00 00 00 00 00 00 00 00 00 00 00 00 00 00 00 00 00 00 00 00 00 00 00 00 00
00 00 00 00 00 00 00 00 00 00 00 00 00 00 00 00 00 00 00 00 00 00 00 00 00 00 00 00 00 00 00 00
00 00 00 00 00 00 00 00 00 00 00 00 00 00 00 00 00 00 00 00 00 00 00 00 00 00 00 00 00 00 00 00
00 00 00 00 00 00 00 00 00 00 00 00 00 00 00 00 00 00 00 00 00 00 00 00 00 00 00 00 00 00 00 00
00 00 00 00 00 00 00 00 00 00 00 00 00 00 00 00 00 00 00 00 00 00 00 00 00 00 00 00 00 00 00 00
00 00 00 00 00 00 00 00 00 00 00 00 00 00 00 00 00 00 00 00 00 00 00 00 00 00 00 00 00 00 00 00
00 00 00 00 00 00 00 00 00 00 00 00 00 00 00 00 00 00 00 00 00 00 00 00 00 00 00 00 00 00 00 00
00 00 00 00 00 00 00 00 00 00 00 00 00 00 00 00 00 00 00 00 00 00 00 00 00 00 00 00 00 00 00 00
00 00 00 00 00 00 00 00 00 00 00 00 00 00 00 00 00 00 00 00 00 00 00 00 00 00 00 00 00 00 00 00
00 00 00 00 00 00 00 00 00 00 00 00 00 00 00 00 00 00 00 00 00 00 00 00 00 00 00 00 00 00 00 00
00 00 00 00 00 00 00 00 00 00 00 00 00 00 00 00 00 00 00 00 00 00 00 00 00 00 00 00 00 00 00 00
00 00 00 00 00 00 00 00 00 00 00 00 00 00 00 00 00 00 00 00 00 00 00 00 00 00 00 00 00 00 00 00
00 00 00 00 00 00 00 00 00 00 00 00 00 00 00 00 00 00 00 00 00 00 00 00 00 00 00 00 00 00 00 00
00 00 00 00 00 00 00 00 00 00 00 00 00 00 00 00 00 00 00 00 00 00 00 00 00 00 00 00 00 00 00 00
00 00 00 00 00 00 00 00 00 00 00 00 00 00 00 00 00 00 00 00 00 00 00 00 00 00 00 00 00 00 00 00
00 00 00 00 00 00 00 00 00 00 00 00 00 00 00 00 00 00 00 00 00 00 00 00 00 00 00 00 00 00 00 00
00 00 00 00 00 00 00 00 00 00 00 00 00 00 00 00 00 00 80 3F 00 00 80 3F 00 00 80 3F 00 00 80 3F
00 00 80 3F 00 00 80 3F 00 00 80 3F 00 00 80 3F 00 00 80 3F 00 00 80 3F 00 00 80 3F 00 00 80 3F
00 00 80 3F 00 00 80 3F 00 00 80 3F 00 00 80 3F 00 00 80 3F 00 00 00 00 00 00 00 00 00 00 00 00
00 00 00 00 00 00 00 00 00 00 00 00 00 00 00 00 00 00 00 00 00 00 00 00 00 00 00 00 00 00 00 00
00 00 00 00 00 00 00 00 00 00 00 00 00 00 00 00 00 00 00 00 00 00 00 00 00 00 00 00 00 00 00 00
00 00 00 00 00 00 00 00 00 00 00 00 00 00 00 00 00 00 00 00 00 00 00 00 00 00 00 00 00 00 00 00
00 00 00 00 00 00 00 00 00 00 00 00 00 00 00 00 00 00 00 00 00 00 00 00 00 00 00 00 00 00 00 00
00 00 00 00 00 00 00 00 00 00 00 00 00 00 00 00 00 00 00 00 00 00 00 00 00 00 00 00 00 00 00 00
00 00 00 00 00 00 00 00 00 00 00 00 00 00 00 00 00 00 00 00 00 00 00 00 00 00 00 00 00 00 00 00
00 00 00 00 00 00 00 00 00 00 00 00 00 00 00 00 00 00 00 00 00 00 00 00 00 00 00 00 00 00 00 00
00 00 00 00 00 00 00 00 00 00 00 00 00 00 00 00 00 00 00 00 00 00 00 00 00 00 00 00 00 00 00 00
00 00 00 00 00 00 00 00 00 00 00 00 00 00 00 00 00 00 00 00 00 00 00 00 00 00 00 00 00 00 00 00
00 00 00 00 00 00 00 00 00 00 00 00 00 00 00 00 00 00 00 00 00 00 00 00 00 00 00 00 00 00 00 00
00 00 00 00 00 00 00 00 00 00 00 00 00 00 00 00 00 00 00 00 00 00 00 00 00 00 00 00 00 00 00 00
00 00 00 00 00 00 00 00 00 00 00 00 00 00 00 00 00 00 00 00 00 00 00 00 00 00 00 00 00 00 00 00
00 00 00 00 00 00 00 00 00 00 00 00 00 00 00 00 00 00 00 00 00 00 00 00 00 00 00 00 00 00 00 00
00 00 00 00 00 00 00 00 00 00 00 00 00 00 00 00 00 00 80 3F 00 00 80 3F 00 00 80 3F 00 00 80 3F
00 00 80 3F 00 00 80 3F 00 00 80 3F 00 00 80 3F 00 00 80 3F 00 00 80 3F 00 00 80 3F 00 00 80 3F
00 00 80 3F 00 00 80 3F 00 00 80 3F 00 00 80 3F 00 00 80 3F 00 00 80 3F 00 00 80 3F 00 00 80 3F
00 00 80 3F 00 00 80 3F 00 00 80 3F 00 00 80 3F 00 00 80 3F 00 00 80 3F 00 00 80 3F 00 00 80 3F
00 00 80 3F 00 00 80 3F 00 00 80 3F 00 00 80 3F 00 00 80 3F 00 00 80 3F 00 00 80 3F 00 00 80 3F
00 00 80 3F 00 00 80 3F 00 00 80 3F 00 00 80 3F 00 00 80 3F 00 00 80 3F 00 00 80 3F 00 00 80 3F
00 00 80 3F 00 00 80 3F 00 00 80 3F 00 00 80 3F 00 00 80 3F 00 00 80 3F 00 00 80 3F 00 00 80 3F
00 00 80 3F 00 00 80 3F 00 00 00 00 00 00 80 3F 00 00 80 3F 00 00 80 3F 00 00 80 3F 00 00 80 3F
00 00 80 3F 00 00 80 3F 00 00 80 3F 00 00 80 3F 00 00 80 3F 00 00 80 3F 00 00 00 00 00 00 00 00
00 00 00 00 00 00 00 00 00 00 00 00 00 00 00 00 00 00 00 00 00 00 00 00 00 00 00 00 00 00 00 00
00 00 00 00 00 00 00 00 00 00 00 00 00 00 00 00 00 00 00 00 00 00 00 00 00 00 00 00 00 00 00 00
00 00 00 00 00 00 00 00 00 00 00 00 00 00 00 00 00 00 00 00 00 00 00 00 00 00 00 00 00 00 00 00
00 00 00 00 00 00 00 00 00 00 00 00 00 00 00 00 00 00 00 00 00 00 00 00 00 00 00 00 00 00 00 00
00 00 00 00 00 00 00 00 00 00 00 00 00 00 00 00 00 00 00 00 00 00 00 00 00 00 00 00 00 00 00 00
00 00 00 00 00 00 00 00 00 00 00 00 00 00 00 00 00 00 00 00 00 00 00 00 00 00 00 00 00 00 00 00
00 00 00 00 00 00 00 00 00 00 00 00 00 00 00 00 00 00 00 00 00 00 00 00 00 00 00 00 00 00 00 00
00 00 00 00 00 00 00 00 00 00 00 00 00 00 00 00 00 00 00 00 00 00 00 00 00 00 00 00 00 00 00 00
00 00 00 00 00 00 00 00 00 00 00 00 00 00 00 00 00 00 00 00 00 00 00 00 00 00 00 00 00 00 00 00
00 00 00 00 00 00 00 00 00 00 00 00 00 00 00 00 00 00 00 00 00 00 00 00 00 00 00 00 00 00 00 00
00 00 00 00 00 00 00 00 00 00 80 3F 00 00 80 3F 00 00 80 3F 00 00 80 3F 00 00 80 3F 00 00 80 3F
00 00 80 3F 00 00 80 3F 00 00 80 3F 00 00 80 3F 00 00 80 3F 00 00 80 3F 00 00 80 3F 00 00 80 3F
00 00 80 3F 00 00 80 3F 00 00 00 40 00 00 70 40 00 00 00 41 AB AA 8A 41 00 00 1C 42 00 80 B2 42
55 55 33 43 00 80 B1 43 00 C0 35 44 9A E9 AE 44 CD 54 20 45 00 84 8C 45 33 F7 E9 45 9A 1B 3B 46
CD 08 8F 46 CD 37 D2 46 80 DB 14 47 66 08 4B 47 26 9F 85 47 26 C7 A9 47 66 4A D0 47 26 EE F6 47
E0 4B 0D 48 60 FC 1B 48 60 0A 26 48 93 1D 2A 48 66 79 27 48 60 21 1E 48 FA 12 0F 48 F3 B4 F8 47
B3 F2 D1 47 1A 29 B1 47 80 A1 9E 47 80 29 A2 47 8D 39 C2 47 C6 7C 01 48 C6 8D 32 48 46 BE 72 48
1A 48 9F 48 6A 55 C8 48 5D 27 F1 48 EA 1A 0B 49 2A FF 19 49 F2 C0 23 49 70 5F 27 49 70 6B 24 49
F0 27 1B 49 F0 8A 0C 49 DD 13 F4 48 F3 14 CB 48 90 45 A2 48 BA 02 7B 48 66 31 40 48 66 B7 18 48
CD 6D 06 48 B3 81 08 48 B3 BC 1B 48 A0 BE 3A 48 06 15 5F 48 53 1D 81 48 EA 0B 8F 48 DA 22 97 48
66 11 98 48 CA B2 91 48 3D F0 84 48 1A 22 67 48 E6 AB 3F 48 E0 73 18 48 00 25 EC 47 33 C4 B7 47
33 D8 97 47 00 94 8C 47 CD D1 93 47 00 49 A8 47 40 5D C3 47 73 4C DE 47 DA DA F2 47 1A BE FC 47
80 C6 F9 47 80 30 EA 47 80 89 D0 47 80 12 B1 47 E6 88 90 47 66 9D 67 47 B3 A7 3D 47 B3 AB 27 47
4D 29 27 47 33 6B 39 47 E6 17 59 47 80 B9 7E 47 33 4E 91 47 DA D0 9E 47 B3 46 A5 47 80 7A A3 47
1A 94 99 47 1A 2C 89 47 1A 36 69 47 4D A9 3D 47 33 8A 15 47 00 89 EB 46 33 6C C2 46 33 94 B1 46
33 E3 B6 46 CD 49 CC 46 CD FE E9 46 9A BE 03 47 9A A4 0E 47 00 1B 13 47 66 F5 0F 47 1A 97 05 47
00 A3 EB 46 33 BD C6 46 CD 92 A2 46 CD F5 84 46 CD 9C 64 46 66 5C 59 46 66 76 67 46 00 D9 84 46
00 09 9C 46 CD 08 B4 46 CD 03 C8 46 00 17 D4 46 00 C4 D5 46 00 94 CC 46 00 E0 B9 46 CD 91 A0 46
CD 89 84 46 9A 73 53 46 9A C3 26 46 33 17 08 46 9A 95 F2 45 00 C0 F1 45 00 F0 03 46 CD 84 15 46
9A 39 28 46 66 9C 36 46 66 CC 3C 46 66 62 39 46 33 8F 2C 46 00 AA 18 46 00 10 01 46 9A A5 D4 45
9A E5 AF 45 00 50 99 45 33 27 93 45 33 DB 9C 45 33 67 B3 45 33 FB CF 45 9A 9D EC 45 CD 46 01 46
CD B0 06 46 00 3E 05 46 9A 11 FA 45 33 17 DF 45 66 A6 BD 45 CD 6C 9B 45 33 5B 7B 45 66 8E 51 45
9A 89 3C 45 00 98 3D 45 00 D8 50 45 33 23 6F 45 00 FC 87 45 66 F6 95 45 66 BA 9D 45 66 F6 9D 45
66 C2 95 45 CD E4 86 45 00 30 68 45 66 6E 41 45 66 EE 1F 45 66 96 09 45 66 6E 01 45 9A 99 07 45
CD 24 1A 45 66 46 34 45 66 66 50 45 66 66 68 45 00 40 77 45 00 E0 79 45 33 AB 6F 45 33 6B 5A 45
66 BE 3D 45 66 46 1E 45 66 66 01 45 CD CC D5 44 9A A9 BB 44 00 20 B7 44 9A A9 C6 44 00 20 E3 44
CD FC 02 45 9A 61 13 45 66 B6 1E 45 33 C3 22 45 33 4B 1E 45 CD 24 12 45 00 B0 00 45 00 10 D9 44
00 20 B2 44 9A B9 94 44 CD FC 83 44 00 70 81 44 00 70 8D 44 66 46 A4 44 00 90 C0 44 9A 29 DB 44
9A F9 EF 44 33 63 FA 44 33 E3 F7 44 33 E3 E8 44 00 A0 CF 44 CD 2C B1 44 CD 1C 92 44 CD 8C 6D 44
9A D9 46 44 66 A6 35 44 9A B9 37 44 9A B9 4A 44 9A 99 69 44 33 B3 85 44 9A 19 94 44 9A 69 9C 44
00 E0 9C 44 66 46 95 44 66 D6 86 44 00 40 69 44 CD 8C 43 44 9A B9 23 44 00 20 0E 44 9A B9 06 44
CD EC 0D 44 33 B3 23 44 33 B3 40 44 66 E6 5F 44 9A 19 7B 44 CD 8C 86 44 CD DC 88 44 CD 1C 84 44
00 A0 72 44 9A 19 54 44 00 80 32 44 9A B9 11 44 9A D9 F1 43 9A 99 D4 43 33 33 CE 43 33 73 DD 43
9A 99 00 44 CD 4C 15 44 66 E6 2A 44 33 B3 3B 44 9A 39 44 44 00 A0 42 44 00 00 37 44 00 80 23 44
9A 19 0C 44 CD CC E7 43 33 73 BC 43 CD 4C 9F 43 CD 8C 91 43 33 33 94 43 9A 59 A5 43 CD 4C C1 43
66 E6 DF 43 66 26 FA 43 33 73 06 44 CD 0C 09 44 33 53 04 44 66 66 F3 43 33 33 D4 43 33 33 B2 43
33 33 92 43 9A 99 6F 43 9A 19 50 43 9A 99 4B 43 00 80 58 43 66 E6 76 43 66 E6 90 43 66 26 A6 43
CD 4C B6 43 66 A6 BD 43 33 73 BB 43 33 73 B0 43 33 73 9E 43 CD 0C 87 43 9A 99 5F 43 9A 19 39 43
33 B3 1A 43 00 80 0B 43 33 33 0F 43 33 B3 1F 43 CD CC 39 43 9A 99 56 43 9A 19 70 43 66 66 7F 43
00 80 81 43 33 33 78 43 9A 19 62 43 CD 4C 45 43 33 B3 23 43 00 00 06 43 00 00 DC 42 66 66 C2 42
33 33 BC 42 9A 99 CD 42 CD CC EC 42 CD 4C 09 43 00 80 1C 43 CD CC 2A 43 66 66 30 43 66 E6 2E 43
33 B3 23 43 72 1C 20 43 72 1C 08 43 55 55 DF 42 AB AA B4 42 39 8E 9D 42 00 00 92 42 39 8E 97 42
72 1C AB 42 1C C7 C5 42 1C C7 E3 42 33 33 E5 42 9A 99 F3 42 9A 99 F3 42 00 00 EA 42 00 00 D2 42
66 66 B5 42 CD CC 96 42 66 66 78 42 66 66 4E 42 CD CC 3C 42 CD CC 3C 42 CD CC 4C 42 CD CC 6E 42
33 33 88 42 33 33 98 42 CD CC A4 42 CD CC A8 42 CD CC A4 42 CD CC 98 42 39 8E 93 42 72 1C 73 42
C7 71 44 42 AB AA 1E 42 AB AA 0E 42 AB AA 0E 42 E4 38 16 42 E4 38 2A 42 72 1C 47 42 1C C7 61 42
CD CC 5E 42 9A 99 6B 42 9A 99 6B 42 CD CC 5E 42 9A 99 45 42 9A 99 25 42 CD CC 08 42 9A 99 DD 41
9A 99 B9 41 33 33 A3 41 33 33 A3 41 9A 99 AD 41 00 00 C8 41 00 00 EC 41 00 00 04 42 9A 99 0D 42
66 66 10 42 9A 99 0B 42 33 33 FB 41 33 33 DF 41 33 33 BB 41 33 33 9B 41 00 00 88 41 9A 99 69 41
9A 99 69 41 33 33 7B 41 9A 99 8D 41 33 33 A7 41 66 66 BA 41 66 66 C6 41 66 66 CA 41 66 66 C6 41
33 33 B3 41 00 00 A0 41 66 66 86 41 9A 99 61 41 9A 99 41 41 00 00 30 41 00 00 30 41 00 00 50 41
33 33 7B 41 66 66 8E 41 9A 99 A1 41 9A 99 AD 41 9A 99 B1 41 9A 99 AD 41 9A 99 A1 41 55 55 9D 41
00 00 88 41 72 1C 57 41 72 1C 27 41 72 1C 17 41 72 1C 07 41 72 1C 17 41 39 8E 33 41 8E E3 58 41
39 8E 73 41 CD CC 74 41 CD CC 80 41 CD CC 80 41 9A 99 79 41 9A 99 61 41 E4 38 5E 41 39 8E 33 41
E4 38 0E 41 39 8E E3 40 AB AA CA 40 AB AA CA 40 39 8E E3 40 72 1C 07 41 C7 71 1C 41 AB AA 2A 41
00 00 28 41 CD CC 2C 41 CD CC 2C 41 00 00 20 41 1C C7 21 41 72 1C 07 41 8E E3 D8 40 E4 38 AE 40
55 55 95 40 55 55 95 40 55 55 95 40 72 1C A7 40 8E E3 B8 40 55 55 D5 40 CD CC DC 40 66 66 E6 40
00 00 F0 40 66 66 E6 40 00 00 E0 40 00 00 D8 40 00 00 B8 40 00 00 98 40 00 00 84 40 00 00 60 40
00 00 38 40 00 00 60 40 00 00 84 40 00 00 90 40 E4 38 8E 40 CD CC 8C 40 CD CC 8C 40 CD CC 8C 40
E4 38 8E 40 00 00 90 40 00 00 84 40 00 00 48 40 00 00 20 40 00 00 20 40 00 00 20 40 00 00 20 40
00 00 38 40 00 00 50 40 55 55 55 40 9A 99 59 40 9A 99 59 40 9A 99 59 40 55 55 55 40 00 00 50 40
00 00 38 40 00 00 20 40 00 00 08 40 00 00 08 40 00 00 08 40 00 00 08 40 00 00 20 40 00 00 38 40
00 00 40 40 66 66 46 40 66 66 46 40 66 66 46 40 66 66 46 40 00 00 40 40 00 00 38 40 00 00 20 40
00 00 08 40 00 00 E0 3F 00 00 E0 3F 00 00 E0 3F 00 00 08 40 00 00 20 40 00 00 38 40 00 00 40 40
33 33 33 40 33 33 33 40 33 33 33 40 00 00 40 40 00 00 38 40 00 00 20 40 00 00 08 40 00 00 E0 3F
00 00 E0 3F 00 00 E0 3F 00 00 08 40 00 00 20 40 00 00 38 40 00 00 40 40 66 66 46 40 9A 99 59 40
9A 99 59 40 9A 99 59 40 66 66 46 40 00 00 40 40 00 00 38 40 DB B6 2D 40 25 49 12 40 DB B6 ED 3F
6E DB B6 3F 6E DB B6 3F DB B6 ED 3F 25 49 12 40 DB B6 2D 40 00 00 38 40 00 00 40 40 66 66 46 40
66 66 46 40 66 66 46 40 66 66 46 40 33 33 33 40 AB AA 2A 40 00 00 20 40 25 49 12 40 DB B6 ED 3F
6E DB B6 3F 00 00 80 3F 00 00 80 3F 00 00 80 3F 00 00 80 3F 00 00 80 3F 00 00 80 3F 00 00 80 3F
00 00 80 3F 00 00 80 3F 00 00 80 3F 00 00 80 3F 00 00 80 3F 00 00 80 3F 00 00 80 3F 00 00 80 3F
00 00 80 3F 00 00 80 3F 00 00 80 3F 00 00 80 3F 00 00 80 3F 00 00 80 3F 00 00 80 3F 00 00 80 3F
00 00 80 3F 00 00 80 3F 00 00 80 3F 00 00 80 3F 00 00 80 3F 00 00 80 3F 6E DB B6 3F DB B6 ED 3F
25 49 12 40 DB B6 2D 40 00 00 38 40 00 00 40 40 66 66 46 40 9A 99 59 40 CD CC 6C 40 00 00 80 40
CD CC 6C 40 9A 99 59 40 66 66 46 40 00 00 40 40 00 00 38 40 DB B6 2D 40 25 49 12 40 DB B6 ED 3F
6E DB B6 3F 6E DB B6 3F DB B6 ED 3F 25 49 12 40 DB B6 2D 40 00 00 38 40 00 00 40 40 66 66 46 40
9A 99 59 40 9A 99 59 40 9A 99 59 40 66 66 46 40 00 00 40 40 00 00 38 40 DB B6 2D 40 00 00 20 40
00 00 00 40 00 00 C0 3F 00 00 80 3F 00 00 80 3F 00 00 80 3F 00 00 80 3F 00 00 80 3F 00 00 80 3F
00 00 80 3F 00 00 80 3F 00 00 80 3F 00 00 80 3F 00 00 80 3F 00 00 80 3F 00 00 80 3F 00 00 80 3F
00 00 80 3F 00 00 80 3F 00 00 80 3F 00 00 80 3F 00 00 80 3F 00 00 80 3F 00 00 80 3F 00 00 80 3F
00 00 80 3F 00 00 80 3F 00 00 80 3F 00 00 80 3F 00 00 80 3F 00 00 80 3F 00 00 80 3F 00 00 80 3F
00 00 80 3F 00 00 80 3F 00 00 00 00 00 00 00 00 00 00 00 00 00 00 00 00 00 00 00 00 00 00 00 00
00 00 00 00 00 00 00 00 00 00 00 00 00 00 80 3F 00 00 80 3F 00 00 80 3F 00 00 80 3F 00 00 80 3F
00 00 80 3F 00 00 80 3F 00 00 80 3F 00 00 80 3F 00 00 80 3F 00 00 80 3F 00 00 80 3F 00 00 80 3F
00 00 80 3F 00 00 80 3F 00 00 80 3F 00 00 80 3F 00 00 80 3F 00 00 80 3F 00 00 80 3F 00 00 C0 3F
DB B6 ED 3F 00 00 08 40 00 00 00 40 33 33 F3 3F 33 33 F3 3F 33 33 F3 3F 33 33 F3 3F 33 33 F3 3F
00 00 00 40 00 00 E0 3F 6E DB B6 3F 00 00 80 3F 00 00 80 3F 00 00 80 3F 00 00 80 3F 00 00 80 3F
00 00 80 3F 00 00 80 3F 00 00 80 3F 00 00 80 3F 00 00 80 3F 00 00 80 3F 00 00 80 3F 00 00 80 3F
00 00 80 3F 00 00 80 3F 00 00 80 3F 00 00 80 3F 00 00 80 3F 00 00 80 3F 00 00 80 3F 00 00 80 3F
00 00 80 3F 00 00 80 3F 00 00 80 3F 00 00 80 3F 00 00 80 3F 00 00 80 3F 00 00 80 3F 00 00 80 3F
00 00 80 3F 00 00 80 3F 00 00 80 3F 00 00 80 3F 00 00 80 3F 00 00 80 3F 00 00 80 3F 00 00 80 3F
00 00 80 3F 00 00 80 3F 00 00 80 3F 00 00 80 3F 00 00 80 3F 00 00 80 3F 00 00 80 3F 00 00 80 3F
00 00 80 3F 00 00 80 3F 00 00 80 3F 00 00 00 00 00 00 00 00 00 00 00 00 00 00 00 00 00 00 00 00
00 00 00 00 00 00 00 00 00 00 00 00 00 00 00 00 00 00 00 00 00 00 00 00 00 00 00 00 00 00 00 00
00 00 00 00 00 00 00 00 00 00 00 00 00 00 00 00 00 00 00 00 00 00 00 00 00 00 00 00 00 00 00 00
00 00 00 00 00 00 00 00 00 00 00 00 00 00 00 00 00 00 00 00 00 00 00 00 00 00 00 00 00 00 00 00
00 00 00 00 00 00 00 00 00 00 00 00 00 00 00 00 00 00 00 00 00 00 00 00 00 00 00 00 00 00 00 00
00 00 00 00 00 00 00 00 00 00 00 00 00 00 00 00 00 00 00 00 00 00 00 00 00 00 00 00 00 00 00 00
00 00 00 00 00 00 00 00 00 00 00 00 00 00 00 00 00 00 00 00 00 00 00 00 00 00 00 00 00 00 00 00
00 00 00 00 00 00 00 00 00 00 00 00 00 00 00 00 00 00 00 00 00 00 00 00 00 00 00 00 00 00 00 00
00 00 00 00 00 00 00 00 00 00 00 00 00 00 00 00 00 00 00 00 00 00 00 00 00 00 00 00 00 00 00 00
00 00 00 00 00 00 00 00 00 00 00 00 00 00 00 00 00 00 00 00 00 00 00 00 00 00 00 00 00 00 00 00
00 00 80 3F 00 00 80 3F 00 00 80 3F 00 00 80 3F 00 00 80 3F 00 00 80 3F 00 00 80 3F 00 00 80 3F
00 00 80 3F 00 00 80 3F 00 00 80 3F 00 00 80 3F 00 00 80 3F 00 00 80 3F 00 00 80 3F 00 00 80 3F
00 00 80 3F 00 00 80 3F 00 00 80 3F 00 00 80 3F 00 00 80 3F 00 00 80 3F 00 00 80 3F 00 00 80 3F
00 00 80 3F 00 00 80 3F 00 00 80 3F 00 00 80 3F 00 00 80 3F 00 00 80 3F 00 00 80 3F 00 00 80 3F
00 00 80 3F 00 00 80 3F 00 00 80 3F 00 00 80 3F 00 00 80 3F 00 00 80 3F 00 00 80 3F 00 00 80 3F
00 00 80 3F 00 00 80 3F 00 00 80 3F 00 00 80 3F 00 00 80 3F 00 00 80 3F 00 00 80 3F 00 00 80 3F
00 00 80 3F 00 00 80 3F 00 00 80 3F 00 00 80 3F 00 00 80 3F 00 00 80 3F 00 00 00 00 00 00 00 00
00 00 00 00 00 00 00 00 00 00 00 00 00 00 00 00 00 00 00 00 00 00 00 00 00 00 00 00 00 00 00 00
00 00 00 00 00 00 00 00 00 00 00 00 00 00 00 00 00 00 80 3F 00 00 80 3F 00 00 80 3F 00 00 80 3F
00 00 80 3F 00 00 80 3F 00 00 80 3F 00 00 80 3F 00 00 80 3F 00 00 80 3F 00 00 80 3F 00 00 80 3F
00 00 80 3F 00 00 80 3F 00 00 80 3F 00 00 80 3F 00 00 80 3F 00 00 80 3F 00 00 80 3F 00 00 80 3F
00 00 80 3F 00 00 80 3F 00 00 80 3F 00 00 80 3F 00 00 80 3F 00 00 80 3F 00 00 80 3F 00 00 80 3F
00 00 80 3F 00 00 80 3F 00 00 80 3F 00 00 80 3F 00 00 80 3F 00 00 80 3F 00 00 80 3F 00 00 80 3F
00 00 80 3F 00 00 80 3F 00 00 80 3F 00 00 80 3F 00 00 80 3F 00 00 80 3F 00 00 80 3F 00 00 80 3F
00 00 80 3F 00 00 80 3F 00 00 80 3F 00 00 80 3F 00 00 80 3F 00 00 80 3F 00 00 80 3F 00 00 80 3F
00 00 80 3F 00 00 80 3F 00 00 80 3F 00 00 80 3F 00 00 80 3F 00 00 80 3F 00 00 80 3F 00 00 80 3F
00 00 80 3F 00 00 80 3F 00 00 80 3F 00 00 80 3F 00 00 80 3F 00 00 80 3F 00 00 80 3F 00 00 80 3F
00 00 00 00 00 00 00 00 00 00 00 00 00 00 00 00 00 00 00 00 00 00 00 00 00 00 00 00 00 00 00 00
00 00 00 00 00 00 80 3F 00 00 80 3F 00 00 80 3F 00 00 80 3F 00 00 80 3F 00 00 80 3F 00 00 80 3F
00 00 80 3F 00 00 80 3F 00 00 80 3F 00 00 80 3F 00 00 80 3F 00 00 80 3F 00 00 80 3F 00 00 80 3F
00 00 80 3F 00 00 80 3F 00 00 80 3F 00 00 80 3F 00 00 80 3F 00 00 80 3F 00 00 80 3F 00 00 80 3F
00 00 80 3F 00 00 80 3F 00 00 80 3F 00 00 80 3F 00 00 80 3F 00 00 80 3F 00 00 80 3F 00 00 80 3F
00 00 80 3F 00 00 80 3F 00 00 80 3F 00 00 80 3F 00 00 80 3F 00 00 80 3F 00 00 00 00 00 00 00 00
00 00 00 00 00 00 00 00 00 00 00 00 00 00 00 00 00 00 00 00 00 00 00 00 00 00 00 00 00 00 80 3F
00 00 80 3F 00 00 80 3F 00 00 80 3F 00 00 80 3F 00 00 80 3F 00 00 80 3F 00 00 80 3F 00 00 80 3F
00 00 80 3F 00 00 80 3F 00 00 80 3F 00 00 80 3F 00 00 80 3F 00 00 80 3F 00 00 80 3F 00 00 80 3F
00 00 80 3F 00 00 80 3F 00 00 80 3F 00 00 00 00 00 00 00 00 00 00 00 00 00 00 00 00 00 00 00 00
00 00 00 00 00 00 00 00 00 00 00 00 00 00 00 00 00 00 00 00 00 00 00 00 00 00 00 00 00 00 00 00
00 00 00 00 00 00 00 00 00 00 00 00 00 00 00 00 00 00 00 00 00 00 00 00 00 00 00 00 00 00 80 3F
00 00 80 3F 00 00 80 3F 00 00 80 3F 00 00 80 3F 00 00 80 3F 00 00 80 3F 00 00 80 3F 00 00 80 3F
00 00 80 3F 00 00 80 3F 00 00 80 3F 00 00 80 3F 00 00 80 3F 00 00 00 00 00 00 00 00 00 00 00 00
00 00 00 00 00 00 00 00 00 00 00 00 00 00 00 00 00 00 00 00 00 00 00 00 00 00 00 00 00 00 00 00
00 00 00 00 00 00 00 00 00 00 00 00 00 00 00 00 00 00 00 00 00 00 00 00 00 00 00 00 00 00 00 00
00 00 00 00 00 00 00 00 00 00 00 00 00 00 00 00 00 00 00 00 00 00 00 00 00 00 00 00 00 00 00 00
00 00 00 00 00 00 00 00 00 00 00 00 00 00 00 00 00 00 00 00 00 00 00 00 00 00 00 00 00 00 00 00
00 00 00 00 00 00 00 00 00 00 00 00 00 00 00 00 00 00 00 00 00 00 00 00 00 00 00 00 00 00 00 00
00 00 00 00 00 00 00 00 00 00 00 00 00 00 00 00 00 00 00 00 00 00 00 00 00 00 00 00 00 00 00 00
00 00 00 00 00 00 00 00 00 00 00 00 00 00 00 00 00 00 00 00 00 00 00 00 00 00 00 00 00 00 00 00
00 00 00 00 00 00 00 00 00 00 00 00 00 00 00 00 00 00 00 00 00 00 00 00 00 00 00 00 00 00 00 00
00 00 00 00 00 00 00 00 00 00 00 00 00 00 80 3F 00 00 80 3F 00 00 80 3F 00 00 80 3F 00 00 80 3F
00 00 80 3F 00 00 80 3F 00 00 80 3F 00 00 80 3F 00 00 80 3F 00 00 80 3F 00 00 80 3F 00 00 80 3F
00 00 80 3F 00 00 80 3F 00 00 80 3F 00 00 80 3F 00 00 80 3F 00 00 80 3F 00 00 80 3F 00 00 80 3F
00 00 80 3F 00 00 80 3F 00 00 80 3F 00 00 80 3F 00 00 B0 3F AB AA AA 3F 66 66 A6 3F 66 66 A6 3F
66 66 A6 3F 66 66 A6 3F 66 66 A6 3F 66 66 A6 3F AB AA AA 3F 00 00 B0 3F 00 00 80 3F 00 00 80 3F
00 00 80 3F 00 00 80 3F 00 00 80 3F 00 00 80 3F 00 00 80 3F 00 00 80 3F 00 00 80 3F 00 00 80 3F
00 00 80 3F 00 00 80 3F 00 00 80 3F 00 00 80 3F 00 00 80 3F 00 00 80 3F 00 00 80 3F 00 00 80 3F
00 00 80 3F 00 00 80 3F 00 00 80 3F 00 00 80 3F 00 00 80 3F 00 00 80 3F 00 00 80 3F 00 00 80 3F
00 00 80 3F 00 00 80 3F 00 00 80 3F 00 00 80 3F 00 00 80 3F 00 00 80 3F 00 00 80 3F 00 00 80 3F
00 00 80 3F 00 00 00 00 00 00 00 00 00 00 00 00 00 00 00 00 00 00 00 00 00 00 00 00 00 00 00 00
00 00 00 00 00 00 00 00 00 00 00 00 00 00 00 00 00 00 00 00 00 00 00 00 00 00 00 00 00 00 00 00
00 00 00 00 00 00 00 00 00 00 00 00 00 00 00 00 00 00 00 00 00 00 00 00 00 00 00 00 00 00 00 00
00 00 00 00 00 00 00 00 00 00 00 00 00 00 00 00 00 00 00 00 00 00 00 00 00 00 00 00 00 00 00 00
00 00 00 00 00 00 00 00 00 00 00 00 00 00 00 00 00 00 00 00 00 00 00 00 00 00 00 00 00 00 00 00
00 00 00 00 00 00 00 00 00 00 00 00 00 00 00 00 00 00 00 00 00 00 00 00 00 00 00 00 00 00 00 00
00 00 00 00 00 00 00 00 00 00 00 00 00 00 00 00 00 00 00 00 00 00 00 00 00 00 00 00 00 00 00 00
00 00 00 00 00 00 00 00 00 00 00 00 00 00 00 00 00 00 00 00 00 00 00 00 00 00 00 00 00 00 00 00
00 00 00 00 00 00 00 00 00 00 00 00 00 00 00 00 00 00 00 00 00 00 00 00 00 00 00 00 00 00 00 00
00 00 00 00 00 00 00 00 00 00 00 00 00 00 00 00 00 00 00 00 00 00 00 00 00 00 00 00 00 00 00 00
00 00 00 00 00 00 00 00 00 00 00 00 00 00 00 00 00 00 00 00 00 00 00 00 00 00 00 00 00 00 00 00
00 00 00 00 00 00 00 00 00 00 00 00 00 00 00 00 00 00 00 00 00 00 00 00 00 00 00 00 00 00 00 00
00 00 00 00 00 00 00 00 00 00 00 00 00 00 00 00 00 00 00 00 00 00 00 00 00 00 00 00 00 00 00 00
00 00 00 00 00 00 00 00 00 00 00 00 00 00 00 00 00 00 00 00 00 00 00 00 00 00 00 00 00 00 00 00
00 00 00 00 00 00 00 00 00 00 00 00 00 00 00 00 00 00 00 00 00 00 00 00 00 00 00 00 00 00 00 00
00 00 00 00 00 00 00 00 00 00 00 00 00 00 00 00 00 00 00 00 00 00 00 00 00 00 00 00 00 00 00 00
00 00 00 00 00 00 00 00 00 00 00 00 00 00 00 00 00 00 00 00 00 00 00 00 00 00 00 00 00 00 00 00
00 00 00 00 00 00 00 00 00 00 00 00 00 00 00 00 00 00 00 00 00 00 00 00 00 00 00 00 00 00 00 00
00 00 00 00 00 00 00 00 00 00 00 00 00 00 00 00 00 00 00 00 00 00 00 00 00 00 00 00 00 00 00 00
00 00 00 00 00 00 00 00 00 00 00 00 00 00 00 00 00 00 00 00 00 00 00 00 00 00 00 00 00 00 00 00
00 00 00 00 00 00 00 00 00 00 00 00 00 00 00 00 00 00 00 00 00 00 00 00 00 00 00 00 00 00 00 00
00 00 00 00 00 00 00 00 00 00 00 00 00 00 00 00 00 00 00 00 00 00 00 00 00 00 00 00 00 00 00 00
00 00 00 00 00 00 00 00 00 00 00 00 00 00 00 00 00 00 00 00 00 00 00 00 00 00 00 00 00 00 00 00
00 00 00 00 00 00 00 00 00 00 00 00 00 00 00 00 00 00 00 00 00 00 00 00 00 00 00 00 00 00 00 00
00 00 00 00 00 00 00 00 00 00 00 00 00 00 00 00 00 00 00 00 00 00 00 00 00 00 00 00 00 00 00 00
00 00 00 00 00 00 00 00 00 00 00 00 00 00 00 00 00 00 00 00 00 00 00 00 00 00 00 00 00 00 00 00
00 00 00 00 00 00 00 00 00 00 00 00 00 00 00 00 00 00 00 00 00 00 00 00 00 00 00 00 00 00 00 00
00 00 00 00 00 00 00 00 00 00 00 00 00 00 00 00 00 00 00 00 00 00 00 00 00 00 00 00 00 00 00 00
00 00 00 00 00 00 00 00 00 00 00 00 00 00 00 00 00 00 00 00 00 00 00 00 00 00 00 00 00 00 00 00
00 00 00 00 00 00 00 00 00 00 00 00 00 00 00 00 00 00 00 00 00 00 00 00 00 00 00 00 00 00 00 00
00 00 00 00 00 00 00 00 00 00 00 00 00 00 00 00 00 00 00 00 00 00 00 00 00 00 80 3F 00 00 80 3F
00 00 80 3F 00 00 80 3F 00 00 80 3F 00 00 80 3F 00 00 80 3F 00 00 80 3F 00 00 80 3F 00 00 80 3F
00 00 80 3F 00 00 00 00 00 00 00 00 00 00 00 00 00 00 00 00 00 00 80 3F 00 00 80 3F 00 00 80 3F
00 00 80 3F 00 00 80 3F 00 00 80 3F 00 00 80 3F 00 00 80 3F 00 00 80 3F 00 00 80 3F 00 00 80 3F
00 00 80 3F 00 00 80 3F 00 00 80 3F 00 00 80 3F 00 00 80 3F 00 00 80 3F 00 00 80 3F 00 00 00 00
00 00 00 00 00 00 00 00 00 00 00 00 00 00 00 00 00 00 00 00 00 00 00 00 00 00 00 00 00 00 00 00
00 00 00 00 00 00 00 00 00 00 00 00 00 00 00 00 00 00 00 00 00 00 00 00 00 00 00 00 00 00 00 00
00 00 00 00 00 00 00 00 00 00 00 00 00 00 00 00 00 00 00 00 00 00 00 00 00 00 00 00 00 00 00 00
00 00 00 00 00 00 00 00 00 00 00 00 00 00 00 00 00 00 00 00 00 00 00 00 00 00 00 00 00 00 80 3F
00 00 80 3F 00 00 80 3F 00 00 80 3F 00 00 80 3F 00 00 80 3F 00 00 80 3F 00 00 80 3F 00 00 80 3F
00 00 80 3F 00 00 80 3F 00 00 80 3F 00 00 80 3F 00 00 80 3F 00 00 80 3F 00 00 80 3F 00 00 80 3F
00 00 80 3F 00 00 80 3F 00 00 80 3F 00 00 80 3F 00 00 80 3F 00 00 80 3F 00 00 80 3F 00 00 80 3F
00 00 80 3F 00 00 80 3F 00 00 80 3F 00 00 80 3F 00 00 80 3F 00 00 80 3F 00 00 80 3F 00 00 80 3F
00 00 80 3F 00 00 80 3F 00 00 80 3F 00 00 00 00 00 00 00 00 00 00 00 00 00 00 00 00 00 00 00 00
00 00 00 00 00 00 00 00 00 00 00 00 00 00 00 00 00 00 00 00 00 00 00 00 00 00 00 00 00 00 00 00
00 00 00 00 00 00 00 00 00 00 00 00 00 00 00 00 00 00 00 00 00 00 00 00 00 00 00 00 00 00 00 00
00 00 00 00 00 00 00 00 00 00 00 00 00 00 00 00 00 00 00 00 00 00 00 00 00 00 00 00 00 00 00 00
00 00 00 00 00 00 00 00 00 00 00 00 00 00 00 00 00 00 00 00 00 00 00 00 00 00 00 00 00 00 00 00
00 00 00 00 00 00 00 00 00 00 00 00 00 00 00 00 00 00 00 00 00 00 00 00 00 00 00 00 00 00 00 00
00 00 00 00 00 00 00 00 00 00 00 00 00 00 00 00 00 00 00 00 00 00 00 00 00 00 00 00 00 00 00 00
00 00 00 00 00 00 00 00 00 00 00 00 00 00 00 00 00 00 00 00 00 00 00 00 00 00 00 00 00 00 00 00
00 00 00 00 00 00 00 00 00 00 00 00 00 00 00 00 00 00 00 00 00 00 00 00 00 00 00 00 00 00 00 00
00 00 00 00 00 00 00 00 00 00 00 00 00 00 00 00 00 00 00 00 00 00 00 00 00 00 00 00 00 00 00 00
00 00 00 00 00 00 00 00 00 00 00 00 00 00 00 00 00 00 00 00 00 00 00 00 00 00 00 00 00 00 00 00
00 00 00 00 00 00 00 00 00 00 00 00 00 00 00 00 00 00 00 00 00 00 00 00 00 00 00 00 00 00 00 00
00 00 00 00 00 00 00 00 00 00 00 00 00 00 00 00 00 00 00 00 00 00 00 00 00 00 00 00 00 00 00 00
00 00 00 00 00 00 00 00 00 00 00 00 00 00 00 00 00 00 00 00 00 00 00 00 00 00 00 00 00 00 00 00
00 00 00 00 00 00 00 00 00 00 00 00 00 00 00 00 00 00 00 00 00 00 00 00 00 00 00 00 00 00 00 00
00 00 00 00 00 00 00 00 00 00 00 00 00 00 00 00 00 00 00 00 00 00 00 00 00 00 00 00 00 00 00 00
00 00 00 00 00 00 00 00 00 00 00 00 00 00 00 00 00 00 00 00 00 00 00 00 00 00 00 00 00 00 00 00
00 00 00 00 00 00 00 00 00 00 00 00 00 00 00 00 00 00 00 00 00 00 00 00 00 00 00 00 00 00 00 00
00 00 00 00 00 00 00 00 00 00 00 00 00 00 00 00 00 00 00 00 00 00 00 00 00 00 00 00 00 00 00 00
00 00 00 00 00 00 00 00 00 00 00 00 00 00 00 00 00 00 00 00 00 00 00 00 00 00 00 00 00 00 00 00
00 00 00 00 00 00 00 00 00 00 00 00 00 00 00 00 00 00 00 00 00 00 00 00 00 00 00 00 00 00 00 00
00 00 00 00 00 00 00 00 00 00 00 00 00 00 00 00 00 00 00 00 00 00 00 00 00 00 00 00 00 00 00 00
00 00 00 00 00 00 00 00 00 00 00 00 00 00 00 00 00 00 00 00 00 00 00 00 00 00 00 00 00 00 00 00
00 00 00 00 00 00 00 00 00 00 00 00 00 00 00 00 00 00 00 00 00 00 00 00 00 00 00 00 00 00 00 00
00 00 00 00 00 00 00 00 00 00 00 00 00 00 00 00 00 00 00 00 00 00 00 00 00 00 00 00 00 00 00 00
00 00 00 00 00 00 00 00 00 00 00 00 00 00 00 00 00 00 00 00 00 00 00 00 00 00 00 00 00 00 00 00
00 00 00 00 00 00 00 00 00 00 00 00 00 00 00 00 00 00 00 00 00 00 00 00 00 00 00 00 00 00 00 00
00 00 00 00 00 00 00 00 00 00 00 00 00 00 00 00 00 00 00 00 00 00 00 00 00 00 00 00 00 00 00 00
00 00 00 00 00 00 00 00 00 00 00 00 00 00 00 00 00 00 00 00 00 00 00 00 00 00 00 00 00 00 80 3F
00 00 80 3F 00 00 80 3F 00 00 80 3F 00 00 80 3F 00 00 80 3F 00 00 80 3F 00 00 80 3F 00 00 80 3F
00 00 80 3F 00 00 80 3F 00 00 80 3F 00 00 80 3F 00 00 80 3F 00 00 80 3F 00 00 80 3F 00 00 80 3F
00 00 80 3F 00 00 80 3F 00 00 00 00 00 00 00 00 00 00 00 00 00 00 00 00 00 00 00 00 00 00 00 00
00 00 00 00 00 00 00 00 00 00 00 00 00 00 00 00 00 00 00 00 00 00 00 00 00 00 00 00 00 00 00 00
00 00 00 00 00 00 00 00 00 00 00 00 00 00 00 00 00 00 00 00 00 00 00 00 00 00 00 00 00 00 00 00
00 00 00 00 00 00 00 00 00 00 00 00 00 00 00 00 00 00 00 00 00 00 00 00 00 00 00 00 00 00 00 00
00 00 00 00 00 00 00 00 00 00 00 00 00 00 00 00 00 00 00 00 00 00 00 00 00 00 00 00 00 00 00 00
00 00 00 00 00 00 00 00 00 00 00 00 00 00 00 00 00 00 00 00 00 00 00 00 00 00 00 00 00 00 00 00
00 00 00 00 00 00 00 00 00 00 00 00 00 00 00 00 00 00 00 00 00 00 00 00 00 00 00 00 00 00 00 00
00 00 00 00 00 00 00 00 00 00 00 00 00 00 00 00 00 00 00 00 00 00 00 00 00 00 00 00 00 00 00 00
00 00 00 00 00 00 00 00 00 00 00 00 00 00 00 00 00 00 00 00 00 00 00 00 00 00 00 00 00 00 00 00
00 00 00 00 00 00 00 00 00 00 00 00 00 00 00 00 00 00 00 00 00 00 00 00 00 00 00 00 00 00 00 00
00 00 00 00 00 00 00 00 00 00 00 00 00 00 00 00 00 00 00 00 00 00 00 00 00 00 00 00 00 00 00 00
00 00 00 00 00 00 00 00 00 00 00 00 00 00 00 00 00 00 00 00 00 00 00 00 00 00 00 00 00 00 00 00
00 00 00 00 00 00 00 00 00 00 00 00 00 00 80 3F 00 00 80 3F 00 00 80 3F 00 00 80 3F 00 00 80 3F
00 00 80 3F 00 00 80 3F 00 00 80 3F 00 00 80 3F 00 00 80 3F 00 00 80 3F 00 00 80 3F 00 00 80 3F
00 00 80 3F 00 00 80 3F 00 00 80 3F 00 00 80 3F 00 00 80 3F 00 00 80 3F 00 00 80 3F 00 00 80 3F
00 00 80 3F 00 00 80 3F 00 00 80 3F 00 00 80 3F 00 00 80 3F 00 00 80 3F 00 00 80 3F 00 00 80 3F
00 00 80 3F 00 00 80 3F 00 00 80 3F 00 00 80 3F 00 00 80 3F 00 00 80 3F 00 00 80 3F 00 00 80 3F
00 00 80 3F 00 00 80 3F 00 00 80 3F 00 00 80 3F 00 00 80 3F 00 00 80 3F 00 00 80 3F 00 00 80 3F
00 00 80 3F 00 00 80 3F 00 00 80 3F 00 00 80 3F 00 00 80 3F 00 00 80 3F 00 00 80 3F 00 00 80 3F
00 00 80 3F 00 00 80 3F 00 00 C0 3F 00 00 00 40 25 49 12 40 00 00 20 40 AB AA 2A 40 00 00 20 40
00 00 20 40 00 00 20 40 00 00 20 40 AB AA 2A 40 00 00 20 40 25 49 12 40 DB B6 ED 3F 6E DB B6 3F
00 00 80 3F 00 00 80 3F 00 00 80 3F 6E DB B6 3F DB B6 ED 3F 00 00 08 40 55 55 15 40 CD CC 0C 40
CD CC 0C 40 CD CC 0C 40 CD CC 0C 40 CD CC 0C 40 55 55 15 40 00 00 08 40 DB B6 ED 3F 6E DB B6 3F
00 00 80 3F 00 00 80 3F 00 00 80 3F 00 00 80 3F 00 00 80 3F 00 00 80 3F 00 00 80 3F 00 00 80 3F
00 00 80 3F 00 00 80 3F 00 00 80 3F 00 00 80 3F 00 00 80 3F 00 00 80 3F 00 00 80 3F 00 00 80 3F
00 00 80 3F 00 00 80 3F 00 00 80 3F 00 00 80 3F 00 00 80 3F 00 00 80 3F 00 00 80 3F 00 00 80 3F
00 00 80 3F 00 00 80 3F 00 00 80 3F 00 00 80 3F 00 00 80 3F 00 00 80 3F 00 00 80 3F 00 00 80 3F
00 00 80 3F 00 00 80 3F 00 00 80 3F 00 00 80 3F 00 00 80 3F 00 00 80 3F 00 00 80 3F 00 00 80 3F
00 00 80 3F 00 00 80 3F 00 00 80 3F 00 00 80 3F 00 00 80 3F 00 00 80 3F 00 00 00 00 00 00 00 00
00 00 00 00 00 00 00 00 00 00 00 00 00 00 00 00 00 00 00 00 00 00 00 00 00 00 00 00 00 00 00 00
00 00 00 00 00 00 00 00 00 00 00 00 00 00 00 00 00 00 00 00 00 00 00 00 00 00 00 00 00 00 00 00
00 00 00 00 00 00 00 00 00 00 00 00 00 00 00 00 00 00 00 00 00 00 00 00 00 00 80 3F 00 00 80 3F
00 00 80 3F 00 00 80 3F 00 00 80 3F 00 00 80 3F 00 00 80 3F 00 00 80 3F 00 00 80 3F 00 00 80 3F
00 00 80 3F 00 00 80 3F 00 00 80 3F 00 00 80 3F 00 00 80 3F 00 00 80 3F 00 00 80 3F 00 00 80 3F
00 00 80 3F 00 00 80 3F 00 00 80 3F 00 00 80 3F 00 00 80 3F 00 00 80 3F 00 00 80 3F 00 00 80 3F
00 00 80 3F 00 00 80 3F 00 00 80 3F 00 00 80 3F 00 00 80 3F 00 00 80 3F 00 00 80 3F 00 00 80 3F
00 00 80 3F 00 00 80 3F 00 00 80 3F 00 00 80 3F 00 00 80 3F 00 00 80 3F 00 00 80 3F 00 00 80 3F
00 00 80 3F 00 00 80 3F 00 00 80 3F 00 00 80 3F 00 00 80 3F 00 00 80 3F 00 00 00 00 00 00 00 00
00 00 00 00 00 00 00 00 00 00 00 00 00 00 00 00 00 00 00 00 00 00 00 00 00 00 00 00 00 00 00 00
00 00 00 00 00 00 00 00 00 00 00 00 00 00 00 00 00 00 00 00 00 00 00 00 00 00 00 00 00 00 00 00
00 00 00 00 00 00 00 00 00 00 00 00 00 00 00 00 00 00 00 00 00 00 00 00 00 00 00 00 00 00 00 00
00 00 00 00 00 00 00 00 00 00 00 00 00 00 00 00 00 00 00 00 00 00 00 00 00 00 00 00 00 00 00 00
00 00 00 00 00 00 00 00 00 00 00 00 00 00 00 00 00 00 00 00 00 00 00 00 00 00 00 00 00 00 00 00
00 00 00 00 00 00 00 00 00 00 00 00 00 00 00 00 00 00 00 00 00 00 00 00 00 00 00 00 00 00 00 00
00 00 00 00 00 00 00 00 00 00 00 00 00 00 00 00 00 00 00 00 00 00 00 00 00 00 00 00 00 00 00 00
00 00 00 00 00 00 00 00 00 00 00 00 00 00 00 00 00 00 00 00 00 00 00 00 00 00 00 00 00 00 00 00
00 00 00 00 00 00 00 00 00 00 00 00 00 00 00 00 00 00 00 00 00 00 00 00 00 00 00 00 00 00 00 00
00 00 00 00 00 00 00 00 00 00 00 00 00 00 00 00 00 00 00 00 00 00 00 00 00 00 00 00 00 00 00 00
00 00 00 00 00 00 00 00 00 00 00 00 00 00 00 00 00 00 00 00 00 00 00 00 00 00 00 00 00 00 00 00
00 00 00 00 00 00 80 3F 00 00 80 3F 00 00 80 3F 00 00 80 3F 00 00 80 3F 00 00 80 3F 00 00 80 3F
00 00 80 3F 00 00 80 3F 00 00 80 3F 00 00 80 3F 00 00 80 3F 00 00 80 3F 00 00 80 3F 00 00 80 3F
00 00 80 3F 00 00 80 3F 00 00 80 3F 00 00 80 3F 00 00 80 3F 00 00 80 3F 00 00 80 3F 00 00 80 3F
00 00 80 3F 00 00 80 3F 00 00 80 3F 00 00 80 3F 00 00 80 3F 00 00 80 3F 00 00 80 3F 00 00 80 3F
00 00 80 3F 00 00 80 3F 00 00 80 3F 00 00 80 3F 00 00 80 3F 00 00 80 3F 00 00 80 3F 00 00 80 3F
00 00 80 3F 00 00 80 3F 00 00 80 3F 00 00 80 3F 00 00 80 3F 00 00 80 3F 00 00 80 3F 00 00 80 3F
00 00 80 3F 00 00 80 3F 00 00 80 3F 00 00 80 3F 00 00 80 3F 00 00 80 3F 00 00 80 3F 00 00 80 3F
00 00 80 3F 00 00 80 3F 00 00 80 3F 00 00 80 3F 00 00 80 3F 00 00 80 3F 00 00 80 3F 00 00 80 3F
00 00 80 3F 00 00 80 3F 00 00 80 3F 00 00 80 3F 00 00 C0 3F 00 00 00 40 25 49 12 40 00 00 20 40
AB AA 2A 40 33 33 33 40 66 66 46 40 66 66 46 40 66 66 46 40 66 66 46 40 33 33 33 40 AB AA 2A 40
00 00 20 40 00 00 08 40 00 00 E0 3F 00 00 B0 3F 00 00 B0 3F 00 00 E0 3F 00 00 08 40 00 00 20 40
00 00 38 40 00 00 40 40 66 66 46 40 9A 99 59 40 CD CC 6C 40 CD CC 6C 40 9A 99 59 40 66 66 46 40
00 00 40 40 00 00 38 40 DB B6 2D 40 25 49 12 40 DB B6 ED 3F 6E DB B6 3F 00 00 80 3F 00 00 80 3F
00 00 80 3F 00 00 80 3F 00 00 80 3F 00 00 80 3F 00 00 80 3F 00 00 80 3F 00 00 80 3F 00 00 80 3F
00 00 80 3F 00 00 80 3F 00 00 80 3F 00 00 80 3F 00 00 80 3F 6E DB B6 3F DB B6 ED 3F 00 00 08 40
00 00 00 40 33 33 F3 3F 33 33 F3 3F 33 33 F3 3F 33 33 F3 3F 00 00 00 40 00 00 08 40 DB B6 ED 3F
00 00 C0 3F 00 00 80 3F 00 00 80 3F 00 00 80 3F 00 00 80 3F 00 00 80 3F 00 00 80 3F 6E DB B6 3F
00 00 E0 3F 55 55 D5 3F CD CC CC 3F CD CC CC 3F CD CC CC 3F CD CC CC 3F CD CC CC 3F CD CC CC 3F
CD CC CC 3F 66 66 A6 3F 00 00 80 3F 00 00 80 3F 00 00 80 3F 00 00 80 3F 00 00 80 3F 00 00 80 3F
00 00 80 3F 00 00 80 3F 00 00 80 3F 00 00 00 00 00 00 00 00 00 00 00 00 00 00 00 00 00 00 00 00
00 00 00 00 00 00 00 00 00 00 80 3F 00 00 80 3F 00 00 80 3F 00 00 80 3F 00 00 80 3F 00 00 80 3F
00 00 80 3F 00 00 80 3F 00 00 80 3F 00 00 80 3F 00 00 80 3F 00 00 80 3F 00 00 80 3F 00 00 80 3F
00 00 80 3F 00 00 80 3F 00 00 80 3F 00 00 80 3F 00 00 80 3F 00 00 80 3F 00 00 C0 3F 00 00 00 40
25 49 12 40 00 00 20 40 AB AA 2A 40 33 33 33 40 66 66 46 40 9A 99 59 40 9A 99 59 40 9A 99 59 40
66 66 46 40 33 33 33 40 AB AA 2A 40 00 00 20 40 25 49 12 40 DB B6 ED 3F 6E DB B6 3F 00 00 80 3F
00 00 80 3F 6E DB B6 3F DB B6 ED 3F 25 49 12 40 00 00 20 40 AB AA 2A 40 33 33 33 40 66 66 46 40
9A 99 59 40 9A 99 59 40 9A 99 59 40 66 66 46 40 33 33 33 40 00 00 20 40 55 55 15 40 00 00 08 40
DB B6 ED 3F 00 00 C0 3F 00 00 80 3F 00 00 80 3F 00 00 80 3F 00 00 80 3F 00 00 80 3F 00 00 80 3F
00 00 80 3F 00 00 80 3F 00 00 80 3F 00 00 80 3F 00 00 80 3F 00 00 80 3F 00 00 80 3F 00 00 80 3F
00 00 80 3F 00 00 80 3F 00 00 80 3F 00 00 80 3F 00 00 80 3F 00 00 80 3F 00 00 80 3F 00 00 80 3F
00 00 80 3F 00 00 80 3F 00 00 80 3F 00 00 80 3F 00 00 80 3F 00 00 80 3F 00 00 80 3F 00 00 80 3F
00 00 80 3F 00 00 80 3F 00 00 80 3F 00 00 80 3F 00 00 80 3F 00 00 80 3F 6E DB B6 3F 00 00 E0 3F
55 55 D5 3F CD CC CC 3F CD CC CC 3F CD CC CC 3F CD CC CC 3F CD CC CC 3F 55 55 D5 3F 00 00 E0 3F
6E DB B6 3F 00 00 80 3F 00 00 80 3F 00 00 80 3F 00 00 80 3F 00 00 80 3F 00 00 80 3F 00 00 C0 3F
DB B6 ED 3F 00 00 08 40 00 00 00 40 33 33 F3 3F 33 33 F3 3F 33 33 F3 3F 33 33 F3 3F 33 33 F3 3F
00 00 00 40 00 00 E0 3F 6E DB B6 3F 00 00 80 3F 00 00 80 3F 00 00 80 3F 00 00 80 3F 00 00 80 3F
00 00 80 3F 00 00 80 3F 00 00 80 3F 00 00 80 3F 00 00 80 3F 00 00 80 3F 00 00 80 3F 00 00 80 3F
00 00 80 3F 00 00 80 3F 00 00 80 3F 00 00 80 3F 00 00 80 3F 00 00 80 3F 00 00 80 3F 00 00 80 3F
00 00 00 00 00 00 00 00 00 00 00 00 00 00 00 00 00 00 00 00 00 00 00 00 00 00 00 00 00 00 80 3F
00 00 80 3F 00 00 80 3F 00 00 80 3F 00 00 80 3F 00 00 80 3F 00 00 80 3F 00 00 80 3F 00 00 80 3F
00 00 80 3F 00 00 80 3F 00 00 80 3F 00 00 80 3F 00 00 80 3F 00 00 80 3F 00 00 80 3F 00 00 80 3F
00 00 80 3F 00 00 80 3F 00 00 80 3F 00 00 80 3F 00 00 80 3F 00 00 80 3F 00 00 80 3F 00 00 80 3F
00 00 80 3F 00 00 80 3F 00 00 80 3F 00 00 80 3F 00 00 80 3F 00 00 80 3F 00 00 80 3F 00 00 80 3F
00 00 80 3F 00 00 80 3F 00 00 80 3F 00 00 80 3F 00 00 80 3F 00 00 80 3F 00 00 80 3F 00 00 80 3F
00 00 80 3F 00 00 80 3F 00 00 80 3F 00 00 80 3F 00 00 80 3F 00 00 80 3F 00 00 80 3F 00 00 80 3F
00 00 00 00 00 00 80 3F 00 00 80 3F 00 00 80 3F 00 00 80 3F 00 00 80 3F 00 00 80 3F 00 00 80 3F
00 00 80 3F 00 00 80 3F 00 00 80 3F 00 00 00 00 00 00 80 3F 00 00 80 3F 00 00 80 3F 00 00 80 3F
00 00 80 3F 00 00 80 3F 00 00 80 3F 00 00 80 3F 00 00 80 3F 00 00 80 3F 00 00 80 3F 00 00 80 3F
00 00 80 3F 00 00 80 3F 00 00 80 3F 00 00 80 3F 00 00 80 3F 00 00 80 3F 00 00 80 3F 00 00 80 3F
00 00 80 3F 00 00 80 3F 00 00 80 3F 00 00 80 3F 00 00 80 3F 00 00 80 3F 00 00 80 3F 00 00 80 3F
00 00 80 3F 00 00 80 3F 00 00 80 3F 00 00 80 3F 00 00 80 3F 00 00 80 3F 00 00 80 3F 00 00 80 3F
00 00 80 3F 00 00 00 00 00 00 00 00 00 00 00 00 00 00 00 00 00 00 00 00 00 00 00 00 00 00 00 00
00 00 00 00 00 00 00 00 00 00 00 00 00 00 00 00 00 00 00 00 00 00 00 00 00 00 00 00 00 00 00 00
00 00 00 00 00 00 00 00 00 00 00 00 00 00 00 00 00 00 00 00 00 00 00 00 00 00 00 00 00 00 00 00
00 00 00 00 00 00 00 00 00 00 00 00 00 00 00 00 00 00 00 00 00 00 00 00 00 00 00 00 00 00 00 00
00 00 00 00 00 00 00 00 00 00 00 00 00 00 00 00 00 00 00 00 00 00 00 00 00 00 00 00 00 00 00 00
00 00 00 00 00 00 00 00 00 00 00 00 00 00 00 00 00 00 00 00 00 00 00 00 00 00 00 00 00 00 00 00
00 00 00 00 00 00 80 3F 00 00 80 3F 00 00 80 3F 00 00 80 3F 00 00 80 3F 00 00 80 3F 00 00 80 3F
00 00 80 3F 00 00 80 3F 00 00 80 3F 00 00 80 3F 00 00 80 3F 00 00 80 3F 00 00 80 3F 00 00 80 3F
00 00 80 3F 00 00 80 3F 00 00 80 3F 00 00 80 3F 00 00 80 3F 00 00 80 3F 00 00 80 3F 00 00 80 3F
00 00 80 3F 00 00 80 3F 00 00 80 3F 00 00 80 3F 00 00 80 3F 00 00 80 3F 00 00 80 3F 00 00 80 3F
00 00 80 3F 00 00 80 3F 00 00 80 3F 00 00 80 3F 00 00 80 3F 00 00 80 3F 00 00 80 3F 00 00 80 3F
00 00 80 3F 00 00 80 3F 00 00 80 3F 00 00 80 3F 00 00 80 3F 00 00 80 3F 00 00 80 3F 00 00 80 3F
00 00 80 3F 00 00 80 3F 00 00 80 3F 00 00 80 3F 00 00 80 3F 00 00 80 3F 00 00 00 00 00 00 00 00
00 00 00 00 00 00 00 00 00 00 00 00 00 00 00 00 00 00 00 00 00 00 00 00 00 00 00 00 00 00 00 00
00 00 00 00 00 00 00 00 00 00 00 00 00 00 00 00 00 00 00 00 00 00 00 00 00 00 00 00 00 00 00 00
00 00 00 00 00 00 00 00 00 00 00 00 00 00 00 00 00 00 00 00 00 00 00 00 00 00 00 00 00 00 80 3F
00 00 80 3F 00 00 80 3F 00 00 80 3F 00 00 80 3F 00 00 80 3F 00 00 80 3F 00 00 80 3F 00 00 80 3F
00 00 80 3F 00 00 80 3F 00 00 80 3F 00 00 80 3F 00 00 80 3F 00 00 80 3F 00 00 80 3F 00 00 80 3F
00 00 80 3F 00 00 80 3F 00 00 80 3F 00 00 80 3F 00 00 80 3F 00 00 80 3F 00 00 80 3F 00 00 80 3F
00 00 80 3F 00 00 80 3F 00 00 80 3F 00 00 80 3F 00 00 80 3F 00 00 80 3F 00 00 80 3F 00 00 80 3F
00 00 80 3F 00 00 80 3F 6E DB B6 3F DB B6 ED 3F 25 49 12 40 00 00 20 40 AB AA 2A 40 33 33 33 40
66 66 46 40 66 66 46 40 66 66 46 40 66 66 46 40 33 33 33 40 AB AA 2A 40 00 00 20 40 25 49 12 40
DB B6 ED 3F 6E DB B6 3F 00 00 80 3F 00 00 80 3F 00 00 80 3F 00 00 80 3F 00 00 80 3F 00 00 80 3F
00 00 80 3F 00 00 80 3F 00 00 80 3F 00 00 80 3F 00 00 80 3F 00 00 80 3F 00 00 80 3F 00 00 80 3F
00 00 80 3F 00 00 80 3F 00 00 80 3F 00 00 80 3F 00 00 80 3F 00 00 80 3F 00 00 80 3F 00 00 80 3F
00 00 80 3F 00 00 80 3F 00 00 80 3F 00 00 80 3F 00 00 80 3F 00 00 80 3F 00 00 80 3F 00 00 80 3F
00 00 80 3F 00 00 00 00 00 00 00 00 00 00 00 00 00 00 00 00 00 00 00 00 00 00 00 00 00 00 00 00
00 00 00 00 00 00 00 00 00 00 00 00 00 00 00 00 00 00 00 00 00 00 00 00 00 00 00 00 00 00 00 00
00 00 00 00 00 00 00 00 00 00 00 00 00 00 00 00 00 00 80 3F 00 00 80 3F 00 00 80 3F 00 00 80 3F
00 00 80 3F 00 00 80 3F 00 00 80 3F 00 00 80 3F 00 00 80 3F 00 00 80 3F 00 00 80 3F 00 00 80 3F
00 00 80 3F 00 00 80 3F 00 00 80 3F 00 00 80 3F 00 00 80 3F 00 00 80 3F 00 00 80 3F 00 00 80 3F
00 00 80 3F 00 00 80 3F 00 00 80 3F 00 00 80 3F 00 00 80 3F 00 00 80 3F 00 00 80 3F 00 00 80 3F
00 00 80 3F 00 00 80 3F 00 00 80 3F 00 00 80 3F 00 00 80 3F 00 00 80 3F 00 00 80 3F 00 00 80 3F
00 00 80 3F 00 00 80 3F 00 00 80 3F 00 00 80 3F 00 00 80 3F 00 00 80 3F 00 00 80 3F 00 00 80 3F
00 00 80 3F 00 00 80 3F 00 00 80 3F 00 00 80 3F 00 00 80 3F 00 00 80 3F 00 00 80 3F 00 00 80 3F
00 00 80 3F 00 00 80 3F 00 00 80 3F 00 00 80 3F 00 00 80 3F 00 00 80 3F 00 00 80 3F 00 00 80 3F
00 00 80 3F 00 00 80 3F 00 00 80 3F 00 00 80 3F 00 00 80 3F 00 00 00 00 00 00 00 00 00 00 00 00
00 00 00 00 00 00 00 00 00 00 00 00 00 00 00 00 00 00 00 00 00 00 00 00 00 00 00 00 00 00 00 00
00 00 00 00 00 00 00 00 00 00 00 00 00 00 00 00 00 00 00 00 00 00 00 00 00 00 00 00 00 00 00 00
00 00 00 00 00 00 00 00 00 00 00 00 00 00 00 00 00 00 00 00 00 00 00 00 00 00 00 00 00 00 00 00
00 00 00 00 00 00 00 00 00 00 00 00 00 00 00 00 00 00 00 00 00 00 00 00 00 00 00 00 00 00 00 00
00 00 00 00 00 00 00 00 00 00 00 00 00 00 00 00 00 00 00 00 00 00 00 00 00 00 00 00 00 00 00 00
00 00 00 00 00 00 00 00 00 00 80 3F 00 00 80 3F 00 00 80 3F 00 00 80 3F 00 00 80 3F 00 00 80 3F
00 00 80 3F 00 00 80 3F 00 00 80 3F 00 00 80 3F 00 00 80 3F 00 00 80 3F 00 00 80 3F 00 00 80 3F
00 00 80 3F 00 00 80 3F 00 00 80 3F 00 00 80 3F 00 00 80 3F 00 00 80 3F 00 00 80 3F 00 00 00 00
00 00 80 3F 00 00 80 3F 00 00 80 3F 00 00 80 3F 00 00 80 3F 00 00 80 3F 00 00 80 3F 00 00 80 3F
00 00 80 3F 00 00 80 3F 00 00 80 3F 00 00 80 3F 00 00 80 3F 00 00 80 3F 00 00 80 3F 00 00 80 3F
00 00 80 3F 00 00 80 3F 00 00 80 3F 00 00 80 3F 00 00 80 3F 00 00 80 3F 00 00 80 3F 00 00 80 3F
00 00 80 3F 00 00 80 3F 00 00 80 3F 00 00 80 3F 00 00 80 3F 00 00 80 3F 00 00 80 3F 00 00 80 3F
00 00 80 3F 00 00 80 3F 00 00 80 3F 00 00 80 3F 00 00 80 3F 00 00 00 00 00 00 00 00 00 00 00 00
00 00 00 00 00 00 00 00 00 00 00 00 00 00 00 00 00 00 00 00 00 00 00 00 00 00 00 00 00 00 00 00
00 00 00 00 00 00 00 00 00 00 00 00 00 00 00 00 00 00 00 00 00 00 00 00 00 00 00 00 00 00 00 00
00 00 00 00 00 00 00 00 00 00 00 00 00 00 00 00 00 00 00 00 00 00 00 00 00 00 00 00 00 00 00 00
00 00 00 00 00 00 00 00 00 00 00 00 00 00 00 00 00 00 00 00 00 00 00 00 00 00 00 00 00 00 00 00
00 00 00 00 00 00 00 00 00 00 00 00 00 00 00 00 00 00 00 00 00 00 00 00 00 00 00 00 00 00 00 00
00 00 00 00 00 00 00 00 00 00 00 00 00 00 00 00 00 00 00 00 00 00 00 00 00 00 00 00 00 00 00 00
00 00 00 00 00 00 00 00 00 00 00 00 00 00 00 00 00 00 00 00 00 00 00 00 00 00 00 00 00 00 00 00
00 00 00 00 00 00 00 00 00 00 00 00 00 00 00 00 00 00 00 00 00 00 00 00 00 00 00 00 00 00 00 00
00 00 00 00 00 00 00 00 00 00 00 00 00 00 00 00 00 00 00 00 00 00 00 00 00 00 00 00 00 00 00 00
00 00 00 00 00 00 00 00 00 00 00 00 00 00 00 00 00 00 00 00 00 00 00 00 00 00 00 00 00 00 00 00
00 00 00 00 00 00 00 00 00 00 00 00 00 00 00 00 00 00 00 00 00 00 00 00 00 00 00 00 00 00 00 00
00 00 00 00 00 00 00 00 00 00 00 00 00 00 00 00 00 00 00 00 00 00 00 00 00 00 00 00 00 00 00 00
00 00 00 00 00 00 00 00 00 00 00 00 00 00 00 00 00 00 00 00 00 00 00 00 00 00 00 00 00 00 00 00
00 00 00 00 00 00 00 00 00 00 00 00 00 00 00 00 00 00 00 00 00 00 00 00 00 00 00 00 00 00 00 00
00 00 00 00 00 00 00 00 00 00 00 00 00 00 00 00 00 00 00 00 00 00 00 00 00 00 00 00 00 00 00 00
00 00 00 00 00 00 00 00 00 00 00 00 00 00 00 00 00 00 00 00 00 00 00 00 00 00 00 00 00 00 00 00
00 00 00 00 00 00 00 00 00 00 00 00 00 00 00 00 00 00 00 00 00 00 00 00 00 00 00 00 00 00 00 00
00 00 00 00 00 00 00 00 00 00 00 00 00 00 00 00 00 00 00 00 00 00 00 00 00 00 00 00 00 00 00 00
00 00 00 00 00 00 00 00 00 00 00 00 00 00 00 00 00 00 00 00 00 00 00 00 00 00 00 00 00 00 00 00
00 00 00 00 00 00 00 00 00 00 00 00 00 00 00 00 00 00 00 00 00 00 00 00 00 00 00 00 00 00 00 00
00 00 00 00 00 00 00 00 00 00 00 00 00 00 00 00 00 00 00 00 00 00 00 00 00 00 00 00 00 00 00 00
00 00 00 00 00 00 00 00 00 00 00 00 00 00 00 00 00 00 00 00 00 00 00 00 00 00 00 00 00 00 00 00
00 00 00 00 00 00 00 00 00 00 00 00 00 00 00 00 00 00 00 00 00 00 00 00 00 00 00 00 00 00 00 00
00 00 00 00 00 00 00 00 00 00 00 00 00 00 00 00 00 00 80 3F 00 00 80 3F 00 00 80 3F 00 00 80 3F
00 00 80 3F 00 00 80 3F 00 00 80 3F 00 00 80 3F 00 00 80 3F 00 00 80 3F 00 00 80 3F 00 00 80 3F
00 00 80 3F 00 00 80 3F 00 00 80 3F 00 00 80 3F 00 00 80 3F 00 00 80 3F 00 00 80 3F 00 00 00 00
00 00 80 3F 00 00 80 3F 00 00 80 3F 00 00 80 3F 00 00 80 3F 00 00 80 3F 00 00 80 3F 00 00 80 3F
00 00 80 3F 00 00 80 3F 00 00 80 3F 00 00 80 3F 00 00 80 3F 00 00 80 3F 00 00 80 3F 00 00 80 3F
00 00 80 3F 00 00 80 3F 00 00 80 3F 00 00 80 3F 00 00 80 3F 00 00 80 3F 00 00 00 00 00 00 00 00
00 00 00 00 00 00 00 00 00 00 00 00 00 00 00 00 00 00 00 00 00 00 00 00 00 00 00 00 00 00 00 00
00 00 00 00 00 00 00 00 00 00 00 00 00 00 00 00 00 00 00 00 00 00 00 00 00 00 00 00 00 00 00 00
00 00 00 00 00 00 00 00 00 00 00 00 00 00 00 00 00 00 00 00 00 00 00 00 00 00 00 00 00 00 00 00
00 00 00 00 00 00 00 00 00 00 00 00 00 00 00 00 00 00 00 00 00 00 00 00 00 00 00 00 00 00 00 00
00 00 00 00 00 00 00 00 00 00 00 00 00 00 00 00 00 00 00 00 00 00 00 00 00 00 00 00 00 00 80 3F
00 00 80 3F 00 00 80 3F 00 00 80 3F 00 00 80 3F 00 00 80 3F 00 00 80 3F 00 00 80 3F 00 00 80 3F
00 00 80 3F 00 00 80 3F 00 00 80 3F 00 00 80 3F 00 00 80 3F 00 00 80 3F 00 00 80 3F 00 00 80 3F
00 00 80 3F 00 00 80 3F 00 00 80 3F 00 00 80 3F 00 00 80 3F 00 00 80 3F 00 00 80 3F 00 00 80 3F
00 00 80 3F 00 00 80 3F 00 00 80 3F 00 00 80 3F 00 00 80 3F 00 00 80 3F 00 00 80 3F 00 00 80 3F
00 00 80 3F 00 00 80 3F 00 00 80 3F 00 00 80 3F 00 00 80 3F 00 00 80 3F 00 00 80 3F 00 00 80 3F
00 00 80 3F 00 00 80 3F 00 00 80 3F 00 00 80 3F 00 00 80 3F 00 00 80 3F 00 00 80 3F 00 00 80 3F
00 00 80 3F 00 00 80 3F 00 00 80 3F 00 00 80 3F 00 00 80 3F 00 00 80 3F 00 00 80 3F 00 00 80 3F
00 00 80 3F 00 00 80 3F 00 00 80 3F 00 00 80 3F 00 00 80 3F 00 00 80 3F 00 00 80 3F 00 00 00 00
00 00 80 3F 00 00 80 3F 00 00 80 3F 00 00 80 3F 00 00 80 3F 00 00 80 3F 00 00 80 3F 00 00 80 3F
00 00 80 3F 00 00 80 3F 00 00 80 3F 00 00 80 3F 00 00 80 3F 00 00 80 3F 00 00 80 3F 00 00 00 00
00 00 00 00 00 00 00 00 00 00 00 00 00 00 00 00 00 00 00 00 00 00 00 00 00 00 00 00 00 00 00 00
00 00 00 00 00 00 00 00 00 00 00 00 00 00 00 00 00 00 00 00 00 00 00 00 00 00 00 00 00 00 00 00
00 00 00 00 00 00 00 00 00 00 00 00 00 00 00 00 00 00 00 00 00 00 00 00 00 00 00 00 00 00 00 00
00 00 00 00 00 00 00 00 00 00 00 00 00 00 00 00 00 00 00 00 00 00 00 00 00 00 00 00 00 00 00 00
00 00 00 00 00 00 00 00 00 00 00 00 00 00 00 00 00 00 00 00 00 00 00 00 00 00 00 00 00 00 00 00
00 00 00 00 00 00 80 3F 00 00 80 3F 00 00 80 3F 00 00 80 3F 00 00 80 3F 00 00 80 3F 00 00 80 3F
00 00 80 3F 00 00 80 3F 00 00 80 3F 00 00 80 3F 00 00 80 3F 00 00 00 00 00 00 00 00 00 00 00 00
00 00 00 00 00 00 00 00 00 00 00 00 00 00 00 00 00 00 00 00 00 00 00 00 00 00 00 00 00 00 00 00
00 00 00 00 00 00 00 00 00 00 00 00 00 00 00 00 00 00 00 00 00 00 00 00 00 00 00 00 00 00 00 00
00 00 00 00 00 00 00 00 00 00 00 00 00 00 00 00 00 00 00 00 00 00 00 00 00 00 80 3F 00 00 80 3F
00 00 80 3F 00 00 80 3F 00 00 80 3F 00 00 80 3F 00 00 80 3F 00 00 80 3F 00 00 80 3F 00 00 80 3F
00 00 80 3F 00 00 80 3F 00 00 80 3F 00 00 80 3F 00 00 80 3F 00 00 80 3F 00 00 80 3F 00 00 80 3F
00 00 80 3F 00 00 80 3F 00 00 80 3F 00 00 80 3F 00 00 80 3F 00 00 80 3F 00 00 80 3F 00 00 80 3F
00 00 80 3F 00 00 80 3F 00 00 80 3F 00 00 80 3F 00 00 80 3F 00 00 80 3F 00 00 80 3F 00 00 80 3F
00 00 00 00 00 00 00 00 00 00 00 00 00 00 00 00 00 00 00 00 00 00 00 00 00 00 00 00 00 00 00 00
00 00 00 00 00 00 00 00 00 00 00 00 00 00 00 00 00 00 00 00 00 00 80 3F 00 00 80 3F 00 00 80 3F
00 00 80 3F 00 00 80 3F 00 00 80 3F 00 00 80 3F 00 00 80 3F 00 00 80 3F 00 00 80 3F 00 00 80 3F
00 00 80 3F 00 00 80 3F 00 00 80 3F 00 00 80 3F 00 00 80 3F 00 00 80 3F 00 00 80 3F 00 00 80 3F
00 00 80 3F 00 00 80 3F 00 00 80 3F 00 00 80 3F 00 00 80 3F 00 00 80 3F 00 00 80 3F 00 00 80 3F
00 00 80 3F 00 00 80 3F 00 00 80 3F 00 00 80 3F 00 00 80 3F 00 00 80 3F 00 00 80 3F 00 00 80 3F
00 00 80 3F 00 00 80 3F 00 00 80 3F 00 00 80 3F 00 00 80 3F 00 00 80 3F 00 00 80 3F 00 00 80 3F
00 00 80 3F 00 00 80 3F 00 00 80 3F 00 00 80 3F 00 00 80 3F 00 00 80 3F 00 00 80 3F 00 00 00 00
00 00 00 00 00 00 00 00 00 00 00 00 00 00 00 00 00 00 00 00 00 00 00 00 00 00 00 00 00 00 00 00
00 00 00 00 00 00 00 00 00 00 00 00 00 00 00 00 00 00 00 00 00 00 00 00 00 00 00 00 00 00 80 3F
00 00 80 3F 00 00 80 3F 00 00 80 3F 00 00 80 3F 00 00 80 3F 00 00 80 3F 00 00 80 3F 00 00 80 3F
00 00 80 3F 00 00 80 3F 00 00 80 3F 00 00 80 3F 00 00 80 3F 00 00 80 3F 00 00 80 3F 00 00 80 3F
00 00 80 3F 00 00 80 3F 00 00 80 3F 00 00 80 3F 00 00 80 3F 00 00 80 3F 00 00 80 3F 00 00 80 3F
00 00 80 3F 00 00 80 3F 00 00 80 3F 00 00 80 3F 00 00 80 3F 00 00 80 3F 00 00 80 3F 00 00 80 3F
00 00 80 3F 00 00 80 3F 00 00 80 3F 00 00 80 3F 00 00 80 3F 00 00 80 3F 00 00 00 00 00 00 80 3F
00 00 80 3F 00 00 80 3F 00 00 80 3F 00 00 80 3F 00 00 80 3F 00 00 80 3F 00 00 80 3F 00 00 80 3F
00 00 80 3F 00 00 80 3F 00 00 80 3F 00 00 80 3F 00 00 80 3F 00 00 00 00 00 00 00 00 00 00 00 00
00 00 00 00 00 00 00 00 00 00 00 00 00 00 00 00 00 00 00 00 00 00 00 00 00 00 00 00 00 00 00 00
00 00 00 00 00 00 00 00 00 00 00 00 00 00 00 00 00 00 00 00 00 00 00 00 00 00 00 00 00 00 00 00
00 00 00 00 00 00 80 3F 00 00 80 3F 00 00 80 3F 00 00 80 3F 00 00 80 3F 00 00 80 3F 00 00 80 3F
00 00 80 3F 00 00 80 3F 00 00 80 3F 00 00 80 3F 00 00 80 3F 00 00 80 3F 00 00 80 3F 00 00 80 3F
00 00 80 3F 00 00 80 3F 00 00 80 3F 00 00 80 3F 00 00 80 3F 00 00 80 3F 00 00 80 3F 00 00 80 3F
00 00 80 3F 00 00 80 3F 00 00 80 3F 00 00 80 3F 00 00 80 3F 00 00 80 3F 6E DB B6 3F 00 00 E0 3F
00 00 00 40 CD CC 0C 40 CD CC 0C 40 CD CC 0C 40 CD CC 0C 40 CD CC 0C 40 CD CC 0C 40 CD CC 0C 40
00 00 00 40 00 00 E0 3F 6E DB B6 3F 00 00 80 3F 00 00 80 3F 00 00 80 3F 00 00 80 3F 00 00 80 3F
00 00 80 3F 00 00 80 3F 00 00 80 3F 00 00 80 3F 00 00 80 3F 00 00 80 3F 00 00 80 3F 00 00 80 3F
