FC 09 FC 09 FB 09 FB 09 FB 09 FB 09 FC 09 FC 09 FC 09 FC 09 FC 09 FC 09 55 03 01 00 B6 73 82 3C
00 00 20 40 00 00 20 40 00 00 20 40 AB AA 2A 40 00 00 20 40 25 49 12 40 DB B6 ED 3F 6E DB B6 3F
00 00 80 3F 00 00 80 3F 00 00 80 3F 6E DB B6 3F DB B6 ED 3F 00 00 E0 3F 55 55 D5 3F CD CC CC 3F
CD CC CC 3F CD CC CC 3F 55 55 D5 3F 00 00 E0 3F DB B6 ED 3F 00 00 C0 3F 00 00 80 3F 00 00 80 3F
00 00 80 3F 00 00 80 3F 00 00 80 3F 00 00 80 3F 00 00 80 3F 00 00 80 3F 00 00 80 3F 00 00 80 3F
00 00 80 3F 00 00 80 3F 00 00 80 3F 00 00 80 3F 00 00 80 3F 00 00 80 3F 00 00 80 3F 00 00 80 3F
00 00 80 3F 00 00 80 3F 00 00 80 3F 00 00 80 3F 00 00 80 3F 00 00 80 3F 00 00 80 3F 00 00 80 3F
00 00 80 3F 00 00 80 3F 00 00 80 3F 00 00 80 3F 00 00 80 3F 00 00 80 3F 00 00 80 3F 00 00 80 3F
00 00 80 3F 00 00 80 3F 00 00 80 3F 00 00 80 3F 6E DB B6 3F DB B6 ED 3F 25 49 12 40 DB B6 2D 40
92 24 49 40 00 00 50 40 55 55 55 40 9A 99 59 40 9A 99 59 40 9A 99 59 40 66 66 46 40 00 00 40 40
00 00 38 40 00 00 20 40 00 00 08 40 00 00 08 40 00 00 08 40 00 00 08 40 00 00 48 40 00 00 84 40
00 00 A4 40 00 00 A0 40 CD CC 9C 40 66 66 A6 40 66 66 A6 40 CD CC 9C 40 00 00 A0 40 55 55 95 40
1C C7 71 40 E4 38 4E 40 E4 38 4E 40 1C C7 71 40 39 8E A3 40 E4 38 CE 40 1C C7 01 41 C7 71 1C 41
66 66 26 41 66 66 3E 41 33 33 4B 41 33 33 53 41 33 33 4B 41 33 33 43 41 33 33 2B 41 1C C7 21 41
72 1C 07 41 8E E3 D8 40 E4 38 AE 40 55 55 95 40 55 55 95 40 55 55 95 40 00 00 C0 40 AB AA EA 40
00 00 10 41 33 33 1B 41 00 00 28 41 CD CC 34 41 CD CC 34 41 CD CC 2C 41 00 00 20 41 33 33 13 41
72 1C 07 41 00 00 F0 40 00 00 B4 40 00 00 84 40 00 00 60 40 00 00 38 40 00 00 60 40 00 00 84 40
00 00 A4 40 00 00 C4 40 C7 71 BC 40 66 66 B6 40 00 00 C0 40 66 66 B6 40 CD CC AC 40 33 33 A3 40
55 55 95 40 00 00 84 40 00 00 48 40 00 00 08 40 00 00 E0 3F 00 00 E0 3F 00 00 E0 3F 00 00 08 40
00 00 20 40 00 00 38 40 00 00 40 40 33 33 33 40 33 33 33 40 33 33 33 40 00 00 40 40 00 00 38 40
00 00 20 40 00 00 08 40 00 00 E0 3F 00 00 E0 3F 00 00 E0 3F 00 00 08 40 00 00 20 40 00 00 38 40
00 00 40 40 66 66 46 40 66 66 46 40 66 66 46 40 66 66 46 40 00 00 40 40 00 00 38 40 00 00 20 40
00 00 08 40 00 00 08 40 00 00 08 40 00 00 08 40 00 00 20 40 00 00 38 40 00 00 78 40 E4 38 8E 40
CD CC 8C 40 66 66 96 40 00 00 A0 40 00 00 A0 40 66 66 96 40 CD CC 8C 40 33 33 83 40 39 8E 83 40
00 00 60 40 DB B6 2D 40 25 49 12 40 DB B6 ED 3F 6E DB B6 3F 6E DB B6 3F DB B6 ED 3F 25 49 12 40
DB B6 2D 40 00 00 38 40 00 00 40 40 66 66 46 40 66 66 46 40 66 66 46 40 66 66 46 40 33 33 33 40
AB AA 2A 40 00 00 20 40 25 49 12 40 DB B6 ED 3F 6E DB B6 3F 00 00 80 3F 00 00 80 3F 00 00 80 3F
6E DB B6 3F DB B6 ED 3F 00 00 08 40 55 55 15 40 00 00 20 40 00 00 20 40 00 00 20 40 00 00 20 40
00 00 20 40 00 00 20 40 55 55 15 40 00 00 08 40 DB B6 ED 3F 6E DB B6 3F 00 00 80 3F 00 00 80 3F
00 00 80 3F 00 00 80 3F 00 00 80 3F 00 00 80 3F 00 00 80 3F 00 00 80 3F 00 00 80 3F 00 00 80 3F
00 00 80 3F 00 00 80 3F 00 00 80 3F 00 00 80 3F 00 00 80 3F 00 00 80 3F 00 00 80 3F 00 00 80 3F
00 00 80 3F 00 00 80 3F 00 00 80 3F 00 00 80 3F 00 00 80 3F 00 00 80 3F 00 00 80 3F 00 00 80 3F
00 00 80 3F 00 00 80 3F 00 00 80 3F 00 00 80 3F 00 00 80 3F 00 00 80 3F 00 00 80 3F 00 00 80 3F
6E DB B6 3F DB B6 ED 3F 25 49 12 40 00 00 20 40 AB AA 2A 40 33 33 33 40 66 66 46 40 66 66 46 40
66 66 46 40 66 66 46 40 00 00 40 40 00 00 38 40 DB B6 2D 40 25 49 12 40 DB B6 ED 3F DB B6 ED 3F
DB B6 ED 3F 25 49 12 40 DB B6 2D 40 6E DB 76 40 00 00 90 40 00 00 A0 40 CD CC AC 40 66 66 B6 40
00 00 C0 40 00 00 C0 40 00 00 C0 40 66 66 B6 40 CD CC AC 40 00 00 A0 40 00 00 90 40 00 00 60 40
00 00 20 40 00 00 08 40 00 00 08 40 00 00 08 40 00 00 08 40 00 00 20 40 00 00 38 40 00 00 40 40
66 66 46 40 66 66 46 40 66 66 46 40 66 66 46 40 00 00 40 40 00 00 38 40 00 00 20 40 00 00 08 40
00 00 E0 3F 00 00 E0 3F 00 00 E0 3F 00 00 08 40 00 00 20 40 00 00 38 40 00 00 40 40 66 66 46 40
66 66 46 40 66 66 46 40 55 55 55 40 00 00 50 40 00 00 38 40 00 00 38 40 00 00 38 40 00 00 60 40
00 00 84 40 00 00 B4 40 00 00 F0 40 00 00 28 41 1C C7 41 41 66 66 56 41 CD CC 7C 41 00 00 88 41
9A 99 91 41 9A 99 91 41 9A 99 91 41 00 00 88 41 00 00 78 41 9A 99 51 41 C7 71 3C 41 1C C7 11 41
8E E3 D8 40 E4 38 AE 40 55 55 95 40 55 55 95 40 55 55 95 40 00 00 C0 40 55 55 F5 40 55 55 15 41
CD CC 14 41 9A 99 21 41 9A 99 29 41 9A 99 29 41 9A 99 21 41 CD CC 14 41 00 00 08 41 55 55 F5 40
00 00 D4 40 00 00 98 40 00 00 70 40 00 00 30 40 00 00 E0 3F 00 00 B0 3F 00 00 80 3F 00 00 80 3F
00 00 80 3F 00 00 80 3F 00 00 80 3F 00 00 80 3F 00 00 80 3F 00 00 80 3F 00 00 80 3F 00 00 80 3F
6E DB B6 3F DB B6 ED 3F 25 49 12 40 00 00 20 40 55 55 15 40 CD CC 0C 40 CD CC 0C 40 55 55 15 40
00 00 20 40 DB B6 2D 40 25 49 12 40 DB B6 ED 3F 6E DB B6 3F 00 00 80 3F 00 00 80 3F 00 00 80 3F
00 00 80 3F 00 00 80 3F 00 00 80 3F 00 00 80 3F 00 00 80 3F 00 00 80 3F 00 00 80 3F 00 00 80 3F
00 00 80 3F 6E DB B6 3F DB B6 ED 3F 25 49 12 40 DB B6 2D 40 00 00 38 40 00 00 40 40 66 66 46 40
9A 99 59 40 9A 99 59 40 9A 99 59 40 55 55 55 40 00 00 50 40 00 00 38 40 00 00 38 40 00 00 38 40
00 00 60 40 00 00 84 40 00 00 B4 40 00 00 F0 40 00 00 16 41 1C C7 21 41 33 33 2B 41 33 33 43 41
33 33 4B 41 33 33 53 41 33 33 4B 41 33 33 43 41 33 33 2B 41 1C C7 21 41 72 1C 07 41 8E E3 D8 40
E4 38 AE 40 55 55 95 40 55 55 95 40 55 55 95 40 00 00 C0 40 AB AA EA 40 00 00 10 41 33 33 1B 41
00 00 28 41 CD CC 34 41 CD CC 3C 41 CD CC 34 41 00 00 28 41 33 33 1B 41 00 00 10 41 AB AA EA 40
00 00 C0 40 55 55 95 40 55 55 95 40 55 55 95 40 E4 38 AE 40 8E E3 D8 40 72 1C 07 41 1C C7 21 41
33 33 2B 41 00 00 38 41 00 00 40 41 00 00 40 41 00 00 38 41 33 33 2B 41 33 33 13 41 72 1C 07 41
8E E3 D8 40 39 8E A3 40 1C C7 71 40 E4 38 4E 40 AB AA 2A 40 E4 38 4E 40 1C C7 71 40 55 55 95 40
1C C7 B1 40 CD CC BC 40 66 66 C6 40 00 00 D0 40 66 66 C6 40 CD CC BC 40 39 8E C3 40 00 00 B8 40
00 00 98 40 00 00 70 40 00 00 30 40 00 00 08 40 00 00 08 40 00 00 08 40 00 00 20 40 00 00 38 40
00 00 40 40 66 66 46 40 9A 99 59 40 9A 99 59 40 9A 99 59 40 55 55 55 40 00 00 50 40 00 00 38 40
00 00 20 40 00 00 20 40 00 00 20 40 00 00 48 40 00 00 70 40 00 00 98 40 00 00 B8 40 39 8E C3 40
33 33 E3 40 CD CC FC 40 33 33 0B 41 33 33 13 41 33 33 1B 41 33 33 13 41 33 33 0B 41 CD CC FC 40
33 33 E3 40 C7 71 DC 40 00 00 B8 40 92 24 A9 40 49 92 84 40 00 00 40 40 DB B6 ED 3F DB B6 ED 3F
DB B6 ED 3F 25 49 12 40 DB B6 2D 40 00 00 38 40 AB AA 2A 40 00 00 20 40 00 00 20 40 00 00 20 40
00 00 20 40 55 55 15 40 00 00 08 40 DB B6 ED 3F 00 00 C0 3F 00 00 80 3F 00 00 80 3F 00 00 80 3F
00 00 80 3F 00 00 80 3F 00 00 00 00 00 00 00 00 00 00 80 3F 00 00 80 3F 00 00 80 3F 00 00 80 3F
00 00 80 3F 00 00 80 3F 00 00 80 3F 00 00 80 3F 00 00 80 3F 00 00 80 3F 00 00 80 3F 00 00 80 3F
00 00 80 3F 00 00 80 3F 00 00 80 3F 00 00 80 3F 00 00 80 3F 00 00 80 3F 00 00 80 3F 00 00 80 3F
00 00 80 3F 00 00 80 3F 00 00 80 3F 00 00 80 3F 00 00 00 00 00 00 00 00 00 00 00 00 00 00 00 00
00 00 00 00 00 00 80 3F 00 00 80 3F 00 00 80 3F 00 00 80 3F 00 00 80 3F 00 00 80 3F 00 00 80 3F
00 00 80 3F 00 00 80 3F 00 00 80 3F 00 00 80 3F 00 00 80 3F 00 00 80 3F 00 00 80 3F 00 00 80 3F
00 00 80 3F 00 00 C0 3F 00 00 00 40 00 00 20 40 DB B6 2D 40 00 00 60 40 39 8E 83 40 33 33 93 40
CD CC AC 40 66 66 C6 40 00 00 E0 40 00 00 E0 40 00 00 E0 40 00 00 E0 40 66 66 D6 40 CD CC BC 40
33 33 A3 40 55 55 95 40 00 00 84 40 00 00 48 40 00 00 08 40 00 00 E0 3F 00 00 E0 3F 00 00 E0 3F
00 00 08 40 00 00 20 40 00 00 38 40 00 00 40 40 66 66 46 40 9A 99 59 40 CD CC 6C 40 00 00 80 40
00 00 80 40 CD CC 6C 40 9A 99 59 40 66 66 46 40 00 00 40 40 00 00 38 40 DB B6 2D 40 25 49 12 40
DB B6 ED 3F 6E DB B6 3F 00 00 80 3F 00 00 80 3F 6E DB B6 3F DB B6 ED 3F 00 00 E0 3F 55 55 D5 3F
CD CC CC 3F CD CC CC 3F CD CC CC 3F CD CC CC 3F CD CC CC 3F 55 55 D5 3F 00 00 B0 3F 00 00 80 3F
00 00 80 3F 00 00 80 3F 00 00 80 3F 00 00 80 3F 00 00 80 3F 00 00 80 3F 00 00 00 00 00 00 00 00
00 00 00 00 00 00 00 00 00 00 00 00 00 00 00 00 00 00 00 00 00 00 00 00 00 00 00 00 00 00 00 00
00 00 00 00 00 00 00 00 00 00 00 00 00 00 00 00 00 00 00 00 00 00 00 00 00 00 00 00 00 00 80 3F
00 00 80 3F 00 00 80 3F 00 00 80 3F 00 00 80 3F 00 00 80 3F 00 00 80 3F 00 00 80 3F 00 00 80 3F
00 00 80 3F 00 00 80 3F 00 00 80 3F 00 00 80 3F 00 00 80 3F 00 00 80 3F 00 00 80 3F 00 00 80 3F
00 00 80 3F 00 00 80 3F 00 00 80 3F 00 00 80 3F 00 00 80 3F 00 00 80 3F 00 00 80 3F 00 00 80 3F
00 00 80 3F 00 00 80 3F 00 00 80 3F 00 00 80 3F 00 00 80 3F 00 00 80 3F 00 00 80 3F 00 00 80 3F
00 00 80 3F 00 00 80 3F 00 00 80 3F 00 00 80 3F 00 00 80 3F 00 00 80 3F 00 00 80 3F 00 00 80 3F
00 00 80 3F 00 00 80 3F 00 00 80 3F 00 00 80 3F 00 00 80 3F 00 00 80 3F 00 00 80 3F 00 00 80 3F
00 00 80 3F 00 00 80 3F 00 00 80 3F 00 00 80 3F 00 00 80 3F 00 00 80 3F 00 00 80 3F 00 00 80 3F
00 00 80 3F 00 00 C0 3F 00 00 00 40 00 00 20 40 DB B6 2D 40 00 00 38 40 00 00 40 40 33 33 33 40
33 33 33 40 33 33 33 40 33 33 33 40 AB AA 2A 40 00 00 20 40 25 49 12 40 DB B6 ED 3F 6E DB B6 3F
00 00 80 3F 00 00 80 3F 00 00 80 3F 00 00 80 3F 00 00 80 3F 00 00 80 3F 00 00 80 3F 00 00 80 3F
00 00 80 3F 00 00 80 3F 00 00 80 3F 00 00 80 3F 00 00 80 3F 6E DB B6 3F DB B6 ED 3F 25 49 12 40
B7 6D 5B 40 00 00 84 40 55 55 95 40 33 33 93 40 CD CC 9C 40 66 66 A6 40 00 00 B0 40 66 66 A6 40
CD CC 9C 40 00 00 A0 40 00 00 90 40 00 00 60 40 00 00 20 40 00 00 20 40 00 00 20 40 00 00 20 40
00 00 48 40 00 00 84 40 00 00 A4 40 1C C7 B1 40 CD CC BC 40 66 66 C6 40 00 00 D0 40 00 00 D0 40
66 66 C6 40 CD CC BC 40 1C C7 B1 40 00 00 A4 40 00 00 84 40 00 00 48 40 00 00 08 40 00 00 E0 3F
00 00 E0 3F 00 00 E0 3F 00 00 08 40 00 00 20 40 55 55 15 40 CD CC 0C 40 CD CC 0C 40 55 55 15 40
00 00 20 40 00 00 20 40 00 00 08 40 00 00 E0 3F 00 00 E0 3F 00 00 E0 3F 00 00 08 40 00 00 20 40
00 00 38 40 00 00 40 40 66 66 46 40 9A 99 59 40 CD CC 6C 40 CD CC 6C 40 9A 99 59 40 55 55 55 40
00 00 50 40 92 24 49 40 DB B6 2D 40 25 49 12 40 DB B6 ED 3F DB B6 ED 3F DB B6 ED 3F 25 49 12 40
DB B6 2D 40 00 00 38 40 00 00 40 40 33 33 33 40 33 33 33 40 33 33 33 40 00 00 40 40 00 00 38 40
DB B6 2D 40 00 00 20 40 00 00 00 40 00 00 C0 3F 00 00 80 3F 00 00 80 3F 00 00 80 3F 00 00 80 3F
00 00 80 3F 00 00 80 3F 00 00 80 3F 00 00 80 3F 00 00 80 3F 00 00 B0 3F 00 00 E0 3F 00 00 30 40
00 00 70 40 00 00 98 40 00 00 C0 40 00 00 E0 40 00 00 08 41 CD CC 14 41 9A 99 21 41 9A 99 29 41
9A 99 29 41 9A 99 21 41 CD CC 14 41 55 55 15 41 00 00 08 41 00 00 D4 40 00 00 A4 40 00 00 90 40
00 00 90 40 00 00 90 40 00 00 A4 40 00 00 B8 40 00 00 D8 40 00 00 E0 40 66 66 E6 40 00 00 00 41
00 00 00 41 00 00 00 41 66 66 E6 40 00 00 E0 40 00 00 D8 40 00 00 B8 40 00 00 98 40 00 00 84 40
00 00 60 40 00 00 38 40 00 00 38 40 00 00 38 40 00 00 50 40 55 55 55 40 66 66 46 40 66 66 46 40
55 55 55 40 00 00 50 40 92 24 49 40 DB B6 2D 40 25 49 12 40 25 49 12 40 25 49 12 40 25 49 12 40
DB B6 2D 40 92 24 49 40 00 00 50 40 55 55 55 40 9A 99 59 40 9A 99 59 40 9A 99 59 40 66 66 46 40
33 33 33 40 AB AA 2A 40 00 00 20 40 25 49 12 40 00 00 00 40 00 00 C0 3F 00 00 80 3F 00 00 80 3F
00 00 80 3F 00 00 80 3F 00 00 80 3F 00 00 80 3F 00 00 80 3F 00 00 80 3F 00 00 80 3F 00 00 80 3F
00 00 80 3F 00 00 80 3F 00 00 80 3F 00 00 80 3F 00 00 80 3F 00 00 80 3F 00 00 80 3F 00 00 80 3F
00 00 80 3F 00 00 80 3F 00 00 80 3F 6E DB B6 3F DB B6 ED 3F 25 49 12 40 B7 6D 5B 40 00 00 84 40
55 55 95 40 33 33 A3 40 CD CC BC 40 66 66 D6 40 00 00 E0 40 00 00 E0 40 00 00 E0 40 66 66 D6 40
CD CC BC 40 1C C7 B1 40 00 00 A4 40 25 49 92 40 B7 6D 5B 40 25 49 12 40 DB B6 ED 3F DB B6 ED 3F
DB B6 ED 3F 25 49 12 40 DB B6 2D 40 00 00 38 40 00 00 40 40 66 66 46 40 66 66 46 40 66 66 46 40
66 66 46 40 33 33 33 40 00 00 20 40 CD CC 0C 40 00 00 00 40 00 00 E0 3F 6E DB B6 3F 00 00 80 3F
00 00 80 3F 00 00 80 3F 00 00 80 3F 00 00 80 3F 00 00 80 3F 00 00 00 00 00 00 00 00 00 00 00 00
00 00 00 00 00 00 00 00 00 00 00 00 00 00 00 00 00 00 00 00 00 00 00 00 00 00 00 00 00 00 00 00
00 00 00 00 00 00 00 00 00 00 00 00 00 00 00 00 00 00 80 3F 00 00 80 3F 00 00 80 3F 00 00 80 3F
00 00 80 3F 00 00 80 3F 00 00 80 3F 00 00 80 3F 00 00 80 3F 00 00 80 3F 00 00 80 3F 00 00 80 3F
00 00 80 3F 00 00 80 3F 00 00 80 3F 00 00 00 00 00 00 00 00 00 00 00 00 00 00 00 00 00 00 80 3F
00 00 80 3F 00 00 80 3F 00 00 80 3F 00 00 80 3F 00 00 80 3F 00 00 80 3F 00 00 80 3F 00 00 80 3F
00 00 80 3F 00 00 80 3F 00 00 80 3F 00 00 80 3F 00 00 80 3F 00 00 80 3F 00 00 80 3F 00 00 80 3F
00 00 80 3F 6E DB B6 3F DB B6 ED 3F 25 49 12 40 DB B6 2D 40 00 00 60 40 39 8E 83 40 33 33 93 40
CD CC AC 40 66 66 C6 40 00 00 E0 40 00 00 E0 40 00 00 E0 40 00 00 E0 40 00 00 E0 40 66 66 C6 40
CD CC AC 40 00 00 A0 40 00 00 90 40 6E DB 76 40 DB B6 2D 40 25 49 12 40 DB B6 ED 3F DB B6 ED 3F
DB B6 ED 3F 25 49 12 40 DB B6 2D 40 00 00 38 40 00 00 40 40 66 66 46 40 9A 99 59 40 CD CC 6C 40
00 00 80 40 00 00 80 40 00 00 80 40 00 00 80 40 CD CC 6C 40 9A 99 59 40 66 66 46 40 33 33 33 40
AB AA 2A 40 00 00 20 40 25 49 12 40 00 00 00 40 00 00 C0 3F 00 00 80 3F 00 00 80 3F 00 00 80 3F
00 00 C0 3F 00 00 00 40 25 49 12 40 00 00 20 40 AB AA 2A 40 33 33 33 40 66 66 46 40 9A 99 59 40
CD CC 6C 40 00 00 80 40 CD CC 6C 40 9A 99 59 40 66 66 46 40 00 00 40 40 00 00 38 40 DB B6 2D 40
00 00 20 40 00 00 00 40 00 00 C0 3F 00 00 80 3F 00 00 80 3F 00 00 80 3F 00 00 80 3F 00 00 80 3F
00 00 80 3F 00 00 80 3F 00 00 80 3F 00 00 80 3F 00 00 80 3F 00 00 80 3F 00 00 80 3F 00 00 80 3F
6E DB B6 3F DB B6 ED 3F 25 49 12 40 B7 6D 5B 40 25 49 92 40 00 00 A4 40 1C C7 B1 40 CD CC BC 40
66 66 D6 40 00 00 F0 40 00 00 00 41 00 00 08 41 00 00 10 41 00 00 08 41 00 00 00 41 00 00 F0 40
66 66 D6 40 CD CC BC 40 1C C7 B1 40 00 00 A4 40 25 49 92 40 B7 6D 5B 40 25 49 12 40 DB B6 ED 3F
DB B6 ED 3F DB B6 ED 3F 25 49 12 40 DB B6 2D 40 00 00 38 40 00 00 40 40 66 66 46 40 9A 99 59 40
CD CC 6C 40 00 00 80 40 00 00 80 40 00 00 80 40 00 00 80 40 00 00 80 40 00 00 80 40 00 00 80 40
00 00 80 40 00 00 80 40 00 00 80 40 00 00 80 40 00 00 80 40 00 00 80 40 00 00 80 40 00 00 80 40
00 00 80 40 00 00 80 40 CD CC 6C 40 9A 99 59 40 66 66 46 40 33 33 33 40 AB AA 2A 40 00 00 20 40
00 00 08 40 00 00 E0 3F 00 00 B0 3F 00 00 B0 3F 00 00 E0 3F 00 00 08 40 00 00 20 40 00 00 38 40
00 00 40 40 66 66 46 40 66 66 46 40 66 66 46 40 66 66 46 40 00 00 40 40 00 00 38 40 00 00 20 40
00 00 08 40 00 00 08 40 00 00 08 40 00 00 08 40 00 00 20 40 00 00 60 40 00 00 90 40 E4 38 8E 40
CD CC 8C 40 66 66 96 40 66 66 96 40 CD CC 8C 40 E4 38 8E 40 00 00 90 40 00 00 84 40 00 00 60 40
00 00 38 40 00 00 60 40 00 00 A0 40 00 00 D0 40 00 00 06 41 00 00 24 41 E4 38 2E 41 66 66 36 41
66 66 4E 41 9A 99 61 41 9A 99 69 41 9A 99 61 41 66 66 4E 41 66 66 36 41 E4 38 2E 41 39 8E 13 41
1C C7 F1 40 72 1C C7 40 E4 38 AE 40 55 55 95 40 E4 38 AE 40 8E E3 D8 40 1C C7 01 41 C7 71 1C 41
66 66 26 41 66 66 3E 41 66 66 56 41 66 66 5E 41 66 66 5E 41 66 66 56 41 66 66 3E 41 72 1C 37 41
00 00 2E 41 00 00 10 41 00 00 F0 40 00 00 D4 40 00 00 B8 40 00 00 D4 40 00 00 F0 40 00 00 10 41
00 00 40 41 72 1C 47 41 CD CC 4C 41 CD CC 64 41 00 00 78 41 00 00 78 41 00 00 78 41 CD CC 64 41
CD CC 4C 41 CD CC 34 41 C7 71 1C 41 1C C7 01 41 E4 38 CE 40 39 8E A3 40 1C C7 71 40 1C C7 71 40
1C C7 71 40 AB AA 8A 40 72 1C A7 40 39 8E C3 40 CD CC CC 40 66 66 D6 40 00 00 E0 40 00 00 E0 40
66 66 D6 40 CD CC BC 40 1C C7 B1 40 00 00 A4 40 00 00 84 40 00 00 48 40 00 00 20 40 00 00 20 40
00 00 20 40 00 00 48 40 00 00 84 40 00 00 A4 40 1C C7 B1 40 CD CC BC 40 66 66 D6 40 00 00 F0 40
00 00 F0 40 00 00 F0 40 00 00 F0 40 66 66 D6 40 CD CC BC 40 33 33 A3 40 55 55 95 40 00 00 84 40
00 00 48 40 00 00 08 40 00 00 08 40 00 00 08 40 00 00 08 40 00 00 48 40 00 00 84 40 00 00 A4 40
AB AA CA 40 9A 99 E9 40 CD CC 0C 41 CD CC 24 41 00 00 38 41 33 33 4B 41 66 66 5E 41 9A 99 69 41
9A 99 69 41 9A 99 69 41 66 66 5E 41 33 33 53 41 00 00 40 41 CD CC 2C 41 CD CC 14 41 9A 99 F9 40
9A 99 C9 40 72 1C A7 40 00 00 98 40 00 00 70 40 00 00 30 40 00 00 E0 3F 00 00 B0 3F 00 00 B0 3F
00 00 E0 3F 00 00 08 40 00 00 20 40 AB AA 2A 40 33 33 33 40 66 66 46 40 66 66 46 40 66 66 46 40
66 66 46 40 00 00 40 40 00 00 38 40 DB B6 2D 40 00 00 20 40 00 00 00 40 00 00 C0 3F 00 00 80 3F
00 00 80 3F 00 00 C0 3F 00 00 00 40 25 49 12 40 00 00 20 40 55 55 15 40 CD CC 0C 40 CD CC 0C 40
CD CC 0C 40 CD CC 0C 40 55 55 15 40 00 00 08 40 DB B6 ED 3F 6E DB B6 3F 00 00 80 3F 00 00 80 3F
6E DB B6 3F DB B6 ED 3F 25 49 12 40 DB B6 2D 40 00 00 38 40 00 00 40 40 66 66 46 40 66 66 46 40
66 66 46 40 66 66 46 40 00 00 40 40 00 00 38 40 00 00 20 40 00 00 08 40 00 00 E0 3F 00 00 E0 3F
00 00 E0 3F 00 00 30 40 00 00 70 40 00 00 98 40 72 1C A7 40 33 33 B3 40 CD CC CC 40 66 66 E6 40
00 00 F0 40 00 00 F0 40 00 00 F0 40 66 66 D6 40 CD CC BC 40 1C C7 B1 40 00 00 A4 40 00 00 84 40
00 00 48 40 00 00 20 40 00 00 20 40 00 00 20 40 00 00 48 40 00 00 84 40 00 00 A4 40 1C C7 B1 40
CD CC BC 40 66 66 C6 40 00 00 D0 40 00 00 D0 40 00 00 D0 40 00 00 D0 40 66 66 B6 40 CD CC 9C 40
33 33 83 40 33 33 53 40 00 00 20 40 CD CC 0C 40 33 33 F3 3F CD CC CC 3F CD CC CC 3F CD CC CC 3F
33 33 F3 3F CD CC 0C 40 00 00 20 40 33 33 33 40 66 66 46 40 9A 99 59 40 CD CC 6C 40 CD CC 6C 40
9A 99 59 40 55 55 55 40 00 00 50 40 00 00 38 40 00 00 20 40 00 00 20 40 00 00 48 40 00 00 70 40
00 00 A8 40 00 00 E4 40 00 00 22 41 C7 71 3C 41 9A 99 51 41 00 00 78 41 33 33 8F 41 CD CC 98 41
66 66 9E 41 66 66 9E 41 CD CC 98 41 33 33 8F 41 00 00 78 41 72 1C 67 41 00 00 52 41 00 00 22 41
00 00 F0 40 00 00 D4 40 00 00 B8 40 00 00 D4 40 00 00 F0 40 00 00 10 41 00 00 2E 41 72 1C 37 41
66 66 3E 41 33 33 4B 41 33 33 53 41 33 33 4B 41 33 33 43 41 33 33 2B 41 1C C7 21 41 00 00 16 41
00 00 F0 40 00 00 C0 40 00 00 90 40 00 00 90 40 00 00 90 40 00 00 A4 40 00 00 B8 40 00 00 D8 40
00 00 E0 40 66 66 E6 40 00 00 00 41 00 00 00 41 00 00 00 41 00 00 F0 40 66 66 D6 40 CD CC BC 40
1C C7 B1 40 00 00 A4 40 00 00 84 40 00 00 48 40 00 00 08 40 00 00 E0 3F 00 00 B0 3F 00 00 B0 3F
00 00 B0 3F 00 00 B0 3F AB AA AA 3F 66 66 A6 3F 66 66 A6 3F 66 66 A6 3F 66 66 A6 3F 66 66 A6 3F
AB AA AA 3F 00 00 80 3F 00 00 80 3F 00 00 80 3F 00 00 80 3F 00 00 80 3F 00 00 80 3F 00 00 80 3F
00 00 80 3F 00 00 80 3F 00 00 C0 3F DB B6 ED 3F 00 00 08 40 55 55 15 40 00 00 40 40 33 33 73 40
33 33 93 40 CD CC AC 40 66 66 C6 40 00 00 D0 40 00 00 D0 40 00 00 D0 40 00 00 D0 40 66 66 C6 40
CD CC AC 40 33 33 93 40 39 8E 83 40 00 00 60 40 DB B6 2D 40 00 00 20 40 00 00 00 40 00 00 C0 3F
00 00 80 3F 00 00 80 3F 00 00 80 3F 00 00 80 3F 00 00 80 3F 00 00 80 3F 00 00 80 3F 00 00 80 3F
00 00 80 3F 00 00 80 3F 00 00 80 3F 00 00 80 3F 00 00 80 3F 00 00 80 3F 00 00 80 3F 00 00 80 3F
00 00 80 3F 00 00 80 3F 00 00 80 3F 00 00 80 3F 00 00 80 3F 00 00 80 3F 00 00 80 3F 00 00 80 3F
00 00 80 3F 00 00 80 3F 00 00 80 3F 00 00 80 3F 00 00 80 3F 00 00 C0 3F DB B6 ED 3F 00 00 08 40
55 55 15 40 00 00 20 40 33 33 33 40 66 66 46 40 9A 99 59 40 66 66 86 40 00 00 A0 40 00 00 B0 40
00 00 C0 40 00 00 D0 40 00 00 E0 40 00 00 F0 40 00 00 F0 40 00 00 F0 40 00 00 F0 40 00 00 E0 40
00 00 D0 40 66 66 B6 40 CD CC 9C 40 33 33 83 40 39 8E 63 40 00 00 38 40 DB B6 2D 40 25 49 12 40
DB B6 ED 3F DB B6 ED 3F DB B6 ED 3F 25 49 12 40 DB B6 2D 40 92 24 49 40 00 00 78 40 E4 38 8E 40
CD CC 8C 40 66 66 96 40 00 00 A0 40 00 00 A0 40 00 00 A0 40 66 66 96 40 CD CC 8C 40 E4 38 8E 40
00 00 78 40 92 24 49 40 00 00 40 40 00 00 20 40 00 00 00 40 00 00 C0 3F 00 00 80 3F 00 00 80 3F
00 00 80 3F 00 00 80 3F 00 00 80 3F 00 00 80 3F 00 00 80 3F 00 00 80 3F 00 00 80 3F 00 00 80 3F
6E DB B6 3F DB B6 ED 3F 25 49 12 40 DB B6 2D 40 00 00 38 40 39 8E 63 40 33 33 83 40 CD CC 8C 40
66 66 96 40 00 00 A0 40 00 00 A0 40 00 00 A0 40 66 66 96 40 CD CC 8C 40 33 33 83 40 39 8E 63 40
00 00 38 40 00 00 20 40 00 00 08 40 00 00 E0 3F 00 00 E0 3F 00 00 E0 3F 00 00 08 40 00 00 20 40
00 00 38 40 00 00 40 40 66 66 46 40 9A 99 59 40 CD CC 6C 40 00 00 80 40 CD CC 6C 40 9A 99 59 40
66 66 46 40 00 00 40 40 00 00 38 40 DB B6 2D 40 00 00 20 40 00 00 00 40 00 00 C0 3F 00 00 80 3F
00 00 80 3F 00 00 80 3F 00 00 80 3F 00 00 80 3F 00 00 80 3F 00 00 80 3F 00 00 80 3F 00 00 80 3F
00 00 80 3F 00 00 80 3F 00 00 80 3F 00 00 80 3F 00 00 80 3F 00 00 80 3F 00 00 80 3F 00 00 80 3F
00 00 80 3F 00 00 80 3F 00 00 80 3F 00 00 80 3F 00 00 80 3F 00 00 80 3F 00 00 80 3F 00 00 80 3F
00 00 80 3F 00 00 80 3F 6E DB B6 3F DB B6 ED 3F 25 49 12 40 00 00 20 40 AB AA 2A 40 33 33 33 40
66 66 46 40 66 66 46 40 66 66 46 40 55 55 55 40 00 00 50 40 92 24 49 40 DB B6 2D 40 25 49 12 40
25 49 12 40 25 49 12 40 25 49 12 40 B7 6D 5B 40 25 49 92 40 00 00 A4 40 1C C7 B1 40 CD CC BC 40
66 66 C6 40 00 00 D0 40 00 00 D0 40 66 66 C6 40 CD CC BC 40 1C C7 B1 40 00 00 A4 40 00 00 84 40
00 00 48 40 00 00 20 40 00 00 20 40 00 00 20 40 00 00 20 40 00 00 38 40 00 00 50 40 55 55 55 40
9A 99 59 40 CD CC 6C 40 00 00 80 40 CD CC 6C 40 9A 99 59 40 55 55 55 40 00 00 50 40 00 00 38 40
00 00 20 40 00 00 08 40 00 00 08 40 00 00 08 40 00 00 08 40 00 00 20 40 00 00 38 40 00 00 40 40
66 66 46 40 9A 99 59 40 9A 99 59 40 9A 99 59 40 66 66 46 40 00 00 40 40 00 00 38 40 DB B6 2D 40
25 49 12 40 DB B6 ED 3F 6E DB B6 3F 00 00 80 3F 6E DB B6 3F DB B6 ED 3F 25 49 12 40 00 00 20 40
55 55 15 40 CD CC 0C 40 CD CC 0C 40 CD CC 0C 40 CD CC 0C 40 CD CC 0C 40 00 00 00 40 00 00 E0 3F
6E DB B6 3F 00 00 80 3F 00 00 80 3F 00 00 80 3F 00 00 80 3F 00 00 80 3F 00 00 80 3F 00 00 00 00
00 00 00 00 00 00 80 3F 00 00 80 3F 00 00 80 3F 00 00 80 3F 00 00 80 3F 00 00 80 3F 00 00 80 3F
00 00 80 3F 00 00 80 3F 00 00 80 3F 00 00 80 3F 00 00 80 3F 00 00 80 3F 00 00 80 3F 00 00 80 3F
00 00 80 3F 00 00 80 3F 00 00 80 3F 00 00 80 3F 00 00 80 3F 00 00 80 3F 00 00 80 3F 00 00 80 3F
00 00 80 3F 00 00 80 3F 00 00 80 3F 00 00 80 3F 00 00 80 3F 00 00 80 3F 00 00 80 3F 00 00 80 3F
00 00 80 3F 00 00 80 3F 00 00 80 3F 00 00 80 3F 00 00 80 3F 00 00 80 3F 00 00 80 3F 00 00 80 3F
00 00 80 3F 00 00 80 3F 00 00 80 3F 00 00 80 3F 00 00 80 3F 00 00 00 00 00 00 00 00 00 00 00 00
00 00 00 00 00 00 00 00 00 00 00 00 00 00 00 00 00 00 00 00 00 00 00 00 00 00 00 00 00 00 00 00
00 00 00 00 00 00 00 00 00 00 80 3F 00 00 80 3F 00 00 80 3F 00 00 80 3F 00 00 80 3F 00 00 80 3F
00 00 80 3F 00 00 80 3F 00 00 80 3F 00 00 80 3F 00 00 80 3F 00 00 80 3F 00 00 80 3F 00 00 80 3F
00 00 80 3F 00 00 80 3F 00 00 80 3F 00 00 80 3F 00 00 80 3F 00 00 80 3F 00 00 80 3F 00 00 80 3F
00 00 80 3F 00 00 C0 3F DB B6 ED 3F 00 00 08 40 55 55 15 40 00 00 20 40 33 33 33 40 66 66 46 40
9A 99 59 40 9A 99 59 40 9A 99 59 40 66 66 46 40 33 33 33 40 AB AA 2A 40 00 00 20 40 00 00 08 40
00 00 E0 3F 00 00 B0 3F 00 00 80 3F 00 00 B0 3F 00 00 E0 3F 00 00 08 40 00 00 20 40 AB AA 2A 40
33 33 33 40 66 66 46 40 9A 99 59 40 9A 99 59 40 9A 99 59 40 66 66 46 40 00 00 40 40 00 00 38 40
DB B6 2D 40 25 49 12 40 DB B6 ED 3F DB B6 ED 3F DB B6 ED 3F 25 49 12 40 DB B6 2D 40 92 24 49 40
00 00 50 40 55 55 55 40 9A 99 59 40 CD CC 6C 40 00 00 80 40 CD CC 6C 40 9A 99 59 40 66 66 46 40
00 00 40 40 00 00 38 40 DB B6 2D 40 25 49 12 40 DB B6 ED 3F 6E DB B6 3F 00 00 80 3F 6E DB B6 3F
DB B6 ED 3F 25 49 12 40 00 00 20 40 55 55 15 40 CD CC 0C 40 CD CC 0C 40 CD CC 0C 40 55 55 15 40
00 00 20 40 25 49 12 40 00 00 00 40 00 00 C0 3F 00 00 80 3F 00 00 80 3F 00 00 80 3F 00 00 80 3F
00 00 80 3F 00 00 80 3F 00 00 80 3F 00 00 80 3F 00 00 80 3F 00 00 80 3F 00 00 80 3F 00 00 80 3F
00 00 80 3F 00 00 80 3F 00 00 80 3F 6E DB B6 3F DB B6 ED 3F 00 00 40 40 49 92 84 40 00 00 98 40
72 1C A7 40 33 33 B3 40 33 33 E3 40 9A 99 09 41 9A 99 21 41 9A 99 29 41 9A 99 31 41 9A 99 31 41
9A 99 31 41 9A 99 31 41 9A 99 31 41 9A 99 29 41 66 66 16 41 33 33 03 41 66 66 D6 40 CD CC BC 40
33 33 A3 40 55 55 95 40 00 00 84 40 B7 6D 5B 40 25 49 12 40 DB B6 ED 3F 6E DB B6 3F 00 00 80 3F
6E DB B6 3F DB B6 ED 3F 25 49 12 40 00 00 20 40 AB AA 2A 40 33 33 33 40 33 33 33 40 33 33 33 40
33 33 33 40 33 33 33 40 00 00 20 40 55 55 15 40 00 00 08 40 DB B6 ED 3F 00 00 C0 3F 00 00 80 3F
00 00 80 3F 00 00 80 3F 00 00 80 3F 00 00 80 3F 00 00 80 3F 00 00 80 3F 00 00 80 3F 00 00 80 3F
00 00 80 3F 00 00 80 3F 00 00 80 3F 00 00 80 3F 00 00 80 3F 00 00 80 3F 00 00 80 3F 00 00 80 3F
00 00 80 3F 00 00 80 3F 00 00 80 3F 00 00 80 3F 00 00 00 00 00 00 00 00 00 00 00 00 00 00 00 00
00 00 00 00 00 00 00 00 00 00 00 00 00 00 80 3F 00 00 80 3F 00 00 80 3F 00 00 80 3F 00 00 80 3F
00 00 80 3F 00 00 80 3F 00 00 80 3F 00 00 80 3F 00 00 80 3F 00 00 80 3F 00 00 80 3F 00 00 80 3F
00 00 80 3F 00 00 80 3F 00 00 80 3F 00 00 80 3F 00 00 80 3F 00 00 80 3F 00 00 80 3F 00 00 C0 3F
00 00 00 40 00 00 20 40 DB B6 2D 40 00 00 38 40 00 00 40 40 66 66 46 40 9A 99 59 40 CD CC 6C 40
00 00 80 40 00 00 80 40 00 00 80 40 CD CC 6C 40 9A 99 59 40 66 66 46 40 33 33 33 40 AB AA 2A 40
00 00 20 40 25 49 12 40 00 00 00 40 00 00 C0 3F 00 00 80 3F 00 00 80 3F 00 00 80 3F 00 00 80 3F
00 00 C0 3F DB B6 ED 3F 00 00 08 40 55 55 15 40 00 00 20 40 33 33 33 40 66 66 46 40 9A 99 59 40
9A 99 59 40 9A 99 59 40 66 66 46 40 33 33 33 40 00 00 20 40 CD CC 0C 40 33 33 F3 3F CD CC CC 3F
AB AA AA 3F 00 00 80 3F 00 00 80 3F 00 00 80 3F 00 00 80 3F 00 00 80 3F 00 00 80 3F 00 00 80 3F
00 00 80 3F 00 00 80 3F 00 00 80 3F 00 00 80 3F 00 00 80 3F 00 00 80 3F 00 00 80 3F 00 00 80 3F
00 00 80 3F 00 00 80 3F 00 00 80 3F 00 00 80 3F 00 00 80 3F 00 00 80 3F 00 00 80 3F 00 00 80 3F
00 00 80 3F 00 00 80 3F 00 00 80 3F 00 00 80 3F 00 00 80 3F 00 00 80 3F 00 00 80 3F 00 00 80 3F
00 00 80 3F 00 00 80 3F 00 00 80 3F 00 00 80 3F 00 00 80 3F 00 00 80 3F 00 00 80 3F 00 00 80 3F
00 00 80 3F 00 00 80 3F 00 00 80 3F 00 00 80 3F 00 00 80 3F 00 00 80 3F 00 00 80 3F 00 00 80 3F
00 00 80 3F 00 00 80 3F 00 00 80 3F 00 00 80 3F 00 00 80 3F 00 00 80 3F 00 00 80 3F 00 00 80 3F
00 00 80 3F 00 00 80 3F 00 00 80 3F 00 00 80 3F 00 00 80 3F 00 00 80 3F 00 00 80 3F 00 00 80 3F
CD CC CC 3F 00 00 00 40 25 49 12 40 00 00 20 40 AB AA 2A 40 33 33 33 40 66 66 46 40 9A 99 59 40
CD CC 6C 40 00 00 80 40 CD CC 6C 40 9A 99 59 40 66 66 46 40 33 33 33 40 00 00 20 40 55 55 15 40
00 00 08 40 DB B6 ED 3F 00 00 C0 3F 00 00 80 3F 00 00 80 3F 00 00 80 3F 00 00 80 3F 00 00 80 3F
CD CC CC 3F 00 00 00 40 25 49 12 40 00 00 20 40 E4 38 4E 40 33 33 73 40 33 33 93 40 CD CC AC 40
CD CC DC 40 66 66 06 41 9A 99 19 41 CD CC 2C 41 00 00 40 41 33 33 53 41 66 66 5E 41 66 66 5E 41
66 66 5E 41 66 66 5E 41 33 33 4B 41 00 00 38 41 00 00 20 41 00 00 08 41 55 55 F5 40 00 00 D4 40
00 00 98 40 00 00 70 40 00 00 48 40 00 00 20 40 00 00 48 40 00 00 70 40 00 00 98 40 00 00 B8 40
39 8E C3 40 33 33 E3 40 CD CC FC 40 33 33 0B 41 33 33 13 41 33 33 1B 41 33 33 1B 41 33 33 13 41
33 33 0B 41 CD CC FC 40 33 33 E3 40 33 33 B3 40 72 1C A7 40 00 00 98 40 00 00 70 40 00 00 30 40
00 00 E0 3F 00 00 B0 3F 00 00 80 3F 00 00 80 3F 00 00 80 3F 00 00 80 3F 00 00 80 3F 00 00 80 3F
00 00 80 3F 00 00 80 3F 00 00 80 3F 00 00 80 3F 00 00 80 3F 00 00 80 3F 00 00 80 3F 00 00 80 3F
00 00 80 3F 00 00 80 3F 00 00 80 3F 00 00 80 3F 00 00 80 3F 00 00 00 00 00 00 00 00 00 00 00 00
00 00 00 00 00 00 00 00 00 00 00 00 00 00 00 00 00 00 00 00 00 00 00 00 00 00 00 00 00 00 00 00
00 00 00 00 00 00 00 00 00 00 00 00 00 00 00 00 00 00 00 00 00 00 00 00 00 00 80 3F 00 00 80 3F
00 00 80 3F 00 00 80 3F 00 00 80 3F 00 00 80 3F 00 00 80 3F 00 00 80 3F 00 00 80 3F 66 66 A6 3F
CD CC CC 3F 33 33 F3 3F CD CC 0C 40 00 00 20 40 33 33 33 40 66 66 46 40 9A 99 59 40 CD CC 6C 40
00 00 80 40 00 00 80 40 00 00 80 40 00 00 80 40 00 00 80 40 00 00 80 40 CD CC 6C 40 9A 99 59 40
66 66 46 40 33 33 33 40 AB AA 2A 40 00 00 20 40 25 49 12 40 DB B6 ED 3F 6E DB B6 3F 6E DB B6 3F
DB B6 ED 3F 00 00 40 40 49 92 84 40 92 24 C9 40 00 00 F0 40 72 1C 17 41 00 00 30 41 66 66 56 41
CD CC 7C 41 33 33 8F 41 00 00 A0 41 CD CC AC 41 66 66 B2 41 66 66 B2 41 CD CC AC 41 00 00 A0 41
33 33 8F 41 00 00 78 41 9A 99 51 41 C7 71 3C 41 1C C7 11 41 8E E3 D8 40 E4 38 AE 40 55 55 95 40
E4 38 AE 40 72 1C C7 40 1C C7 F1 40 39 8E 13 41 E4 38 2E 41 66 66 36 41 66 66 4E 41 9A 99 61 41
9A 99 69 41 9A 99 69 41 66 66 56 41 33 33 43 41 33 33 2B 41 1C C7 21 41 00 00 16 41 00 00 F0 40
00 00 C0 40 00 00 90 40 00 00 78 40 00 00 78 40 00 00 90 40 00 00 A4 40 00 00 C4 40 E4 38 CE 40
66 66 C6 40 00 00 D0 40 00 00 D0 40 66 66 C6 40 CD CC BC 40 1C C7 B1 40 00 00 A4 40 00 00 84 40
00 00 48 40 00 00 08 40 00 00 08 40 00 00 08 40 00 00 08 40 00 00 20 40 00 00 60 40 39 8E 83 40
33 33 93 40 CD CC 9C 40 66 66 A6 40 00 00 B0 40 00 00 B0 40 00 00 B0 40 00 00 B0 40 66 66 A6 40
CD CC 8C 40 66 66 66 40 33 33 33 40 AB AA 2A 40 00 00 20 40 25 49 12 40 00 00 00 40 CD CC CC 3F
00 00 80 3F 00 00 80 3F 00 00 80 3F 00 00 80 3F 00 00 00 00 00 00 00 00 00 00 00 00 00 00 00 00
00 00 00 00 00 00 00 00 00 00 00 00 00 00 80 3F 00 00 80 3F 00 00 80 3F 00 00 80 3F 00 00 80 3F
00 00 80 3F 00 00 80 3F 00 00 80 3F 00 00 80 3F 00 00 80 3F 00 00 80 3F 00 00 80 3F 00 00 C0 3F
00 00 00 40 00 00 20 40 55 55 75 40 25 49 92 40 00 00 C0 40 39 8E E3 40 00 00 00 41 00 00 18 41
00 00 30 41 33 33 43 41 66 66 56 41 9A 99 69 41 CD CC 74 41 00 00 80 41 CD CC 74 41 9A 99 69 41
66 66 56 41 66 66 3E 41 66 66 26 41 C7 71 1C 41 00 00 10 41 00 00 E4 40 00 00 A8 40 00 00 70 40
00 00 48 40 00 00 48 40 00 00 70 40 00 00 98 40 00 00 B8 40 39 8E C3 40 CD CC CC 40 66 66 E6 40
00 00 F0 40 00 00 F0 40 66 66 E6 40 CD CC CC 40 33 33 B3 40 72 1C A7 40 00 00 98 40 00 00 70 40
00 00 30 40 00 00 E0 3F 00 00 E0 3F 00 00 E0 3F 00 00 08 40 00 00 20 40 00 00 38 40 00 00 40 40
33 33 33 40 33 33 33 40 33 33 33 40 00 00 40 40 00 00 38 40 DB B6 2D 40 25 49 12 40 DB B6 ED 3F
6E DB B6 3F 00 00 80 3F 00 00 80 3F 00 00 80 3F 00 00 80 3F 00 00 80 3F 00 00 80 3F 00 00 80 3F
00 00 80 3F 00 00 80 3F 00 00 80 3F 00 00 80 3F 00 00 80 3F 6E DB B6 3F DB B6 ED 3F 25 49 12 40
DB B6 2D 40 6E DB 76 40 00 00 90 40 E4 38 8E 40 CD CC 8C 40 66 66 96 40 00 00 A0 40 66 66 96 40
CD CC 8C 40 E4 38 8E 40 00 00 90 40 6E DB 76 40 DB B6 2D 40 25 49 12 40 DB B6 ED 3F DB B6 ED 3F
DB B6 ED 3F 25 49 12 40 DB B6 2D 40 00 00 38 40 AB AA 2A 40 00 00 20 40 00 00 20 40 00 00 20 40
AB AA 2A 40 00 00 20 40 25 49 12 40 DB B6 ED 3F 6E DB B6 3F 00 00 80 3F 00 00 80 3F 00 00 80 3F
00 00 80 3F 00 00 80 3F 00 00 80 3F 00 00 80 3F 00 00 80 3F 6E DB B6 3F DB B6 ED 3F 00 00 40 40
49 92 84 40 92 24 A9 40 00 00 D4 40 55 55 F5 40 00 00 08 41 00 00 20 41 00 00 38 41 33 33 4B 41
33 33 53 41 33 33 53 41 33 33 4B 41 33 33 43 41 33 33 2B 41 33 33 13 41 72 1C 07 41 8E E3 D8 40
39 8E A3 40 1C C7 71 40 E4 38 4E 40 AB AA 2A 40 AB AA 2A 40 E4 38 4E 40 39 8E 83 40 E4 38 8E 40
CD CC 8C 40 66 66 96 40 00 00 A0 40 66 66 96 40 CD CC 8C 40 E4 38 8E 40 00 00 90 40 00 00 60 40
00 00 20 40 00 00 20 40 00 00 20 40 00 00 48 40 00 00 70 40 00 00 98 40 00 00 B8 40 39 8E C3 40
CD CC CC 40 66 66 E6 40 00 00 F0 40 00 00 F0 40 00 00 F0 40 66 66 D6 40 CD CC BC 40 33 33 A3 40
55 55 95 40 00 00 84 40 00 00 48 40 00 00 08 40 00 00 E0 3F 00 00 B0 3F 00 00 B0 3F 00 00 E0 3F
00 00 08 40 00 00 20 40 AB AA 2A 40 33 33 33 40 66 66 46 40 9A 99 59 40 CD CC 6C 40 00 00 80 40
00 00 80 40 00 00 80 40 CD CC 6C 40 9A 99 59 40 66 66 46 40 33 33 33 40 00 00 20 40 55 55 15 40
00 00 08 40 DB B6 ED 3F 6E DB B6 3F 00 00 80 3F 00 00 80 3F 6E DB B6 3F DB B6 ED 3F 25 49 12 40
DB B6 2D 40 00 00 60 40 39 8E 83 40 33 33 93 40 CD CC AC 40 66 66 C6 40 00 00 D0 40 00 00 D0 40
00 00 D0 40 66 66 C6 40 CD CC BC 40 1C C7 B1 40 00 00 A4 40 00 00 84 40 00 00 48 40 00 00 20 40
00 00 48 40 00 00 70 40 00 00 8C 40 00 00 C8 40 00 00 02 41 00 00 10 41 33 33 1B 41 33 33 33 41
33 33 4B 41 33 33 53 41 33 33 53 41 33 33 4B 41 33 33 43 41 33 33 2B 41 1C C7 21 41 00 00 16 41
00 00 F0 40 00 00 B4 40 00 00 84 40 00 00 60 40 00 00 60 40 00 00 84 40 00 00 98 40 00 00 B8 40
39 8E C3 40 CD CC CC 40 66 66 D6 40 00 00 E0 40 66 66 D6 40 CD CC CC 40 39 8E C3 40 00 00 B8 40
00 00 98 40 00 00 70 40 00 00 30 40 00 00 08 40 00 00 08 40 00 00 08 40 00 00 20 40 00 00 38 40
00 00 40 40 66 66 46 40 9A 99 59 40 CD CC 6C 40 CD CC 6C 40 9A 99 59 40 66 66 46 40 00 00 40 40
00 00 38 40 DB B6 2D 40 00 00 20 40 00 00 00 40 00 00 C0 3F 00 00 80 3F 00 00 80 3F 00 00 80 3F
00 00 80 3F 00 00 80 3F 00 00 80 3F 00 00 80 3F 00 00 80 3F 00 00 80 3F 00 00 80 3F 00 00 80 3F
00 00 80 3F 00 00 80 3F 00 00 80 3F 00 00 80 3F 00 00 80 3F 00 00 80 3F 00 00 80 3F 00 00 80 3F
00 00 80 3F 00 00 80 3F 00 00 80 3F 00 00 80 3F 00 00 C0 3F 00 00 00 40 25 49 12 40 00 00 20 40
E4 38 4E 40 33 33 73 40 33 33 93 40 CD CC AC 40 66 66 C6 40 00 00 D0 40 00 00 D0 40 00 00 D0 40
00 00 D0 40 66 66 C6 40 CD CC AC 40 33 33 93 40 33 33 73 40 E4 38 4E 40 00 00 20 40 25 49 12 40
00 00 00 40 00 00 C0 3F 00 00 80 3F 00 00 80 3F 00 00 80 3F 00 00 80 3F 00 00 80 3F 00 00 80 3F
00 00 80 3F 00 00 80 3F 00 00 80 3F 00 00 80 3F 00 00 80 3F 00 00 80 3F 00 00 80 3F 00 00 80 3F
00 00 80 3F 00 00 80 3F 00 00 80 3F 00 00 80 3F 00 00 80 3F 00 00 80 3F 00 00 80 3F 00 00 80 3F
00 00 80 3F 00 00 80 3F 00 00 80 3F 00 00 80 3F 00 00 80 3F 00 00 80 3F 00 00 80 3F 00 00 80 3F
00 00 80 3F 00 00 80 3F 00 00 80 3F 00 00 80 3F 00 00 80 3F 00 00 80 3F 00 00 80 3F 00 00 80 3F
00 00 80 3F 00 00 80 3F 00 00 80 3F 00 00 80 3F 00 00 80 3F 00 00 80 3F 00 00 80 3F 00 00 80 3F
00 00 80 3F 00 00 80 3F 00 00 C0 3F 00 00 00 40 25 49 12 40 00 00 20 40 AB AA 2A 40 33 33 33 40
66 66 46 40 9A 99 59 40 CD CC 6C 40 00 00 80 40 CD CC 6C 40 9A 99 59 40 66 66 46 40 00 00 40 40
00 00 38 40 00 00 20 40 00 00 08 40 00 00 E0 3F 00 00 E0 3F 00 00 E0 3F 00 00 08 40 00 00 20 40
00 00 38 40 00 00 40 40 66 66 46 40 66 66 46 40 66 66 46 40 55 55 55 40 00 00 50 40 00 00 38 40
00 00 20 40 00 00 20 40 00 00 20 40 00 00 20 40 00 00 48 40 00 00 84 40 00 00 A4 40 1C C7 B1 40
CD CC BC 40 66 66 D6 40 00 00 F0 40 00 00 00 41 00 00 00 41 00 00 00 41 66 66 E6 40 00 00 E0 40
00 00 D8 40 00 00 B8 40 00 00 A4 40 00 00 90 40 00 00 90 40 00 00 90 40 00 00 C0 40 00 00 F0 40
00 00 16 41 1C C7 21 41 33 33 2B 41 33 33 43 41 66 66 56 41 9A 99 69 41 9A 99 69 41 9A 99 69 41
66 66 56 41 33 33 43 41 33 33 2B 41 1C C7 21 41 72 1C 07 41 8E E3 D8 40 E4 38 AE 40 55 55 95 40
55 55 95 40 55 55 95 40 00 00 C0 40 AB AA EA 40 00 00 10 41 33 33 1B 41 33 33 33 41 33 33 4B 41
66 66 5E 41 66 66 5E 41 66 66 5E 41 66 66 56 41 33 33 43 41 33 33 2B 41 33 33 13 41 72 1C 07 41
00 00 F0 40 00 00 B4 40 00 00 84 40 00 00 60 40 00 00 38 40 00 00 60 40 00 00 84 40 00 00 A4 40
00 00 C4 40 E4 38 CE 40 66 66 D6 40 00 00 F0 40 00 00 00 41 00 00 08 41 00 00 08 41 00 00 00 41
66 66 E6 40 CD CC CC 40 33 33 B3 40 72 1C A7 40 00 00 98 40 00 00 70 40 00 00 30 40 00 00 E0 3F
00 00 B0 3F 00 00 B0 3F 00 00 E0 3F 00 00 08 40 00 00 20 40 AB AA 2A 40 33 33 33 40 33 33 33 40
33 33 33 40 33 33 33 40 33 33 33 40 00 00 20 40 55 55 15 40 00 00 08 40 DB B6 ED 3F 00 00 C0 3F
00 00 80 3F 00 00 80 3F 00 00 80 3F 00 00 80 3F 00 00 80 3F 00 00 80 3F 00 00 80 3F 00 00 80 3F
00 00 80 3F 00 00 80 3F 00 00 80 3F 00 00 80 3F 00 00 80 3F 00 00 80 3F 00 00 80 3F 00 00 80 3F
00 00 80 3F 00 00 C0 3F 00 00 00 40 25 49 12 40 00 00 20 40 AB AA 2A 40 33 33 33 40 66 66 46 40
9A 99 59 40 CD CC 6C 40 CD CC 6C 40 9A 99 59 40 66 66 46 40 33 33 33 40 AB AA 2A 40 00 00 20 40
25 49 12 40 DB B6 ED 3F 6E DB B6 3F 00 00 80 3F 00 00 80 3F 00 00 80 3F 00 00 80 3F 00 00 80 3F
00 00 80 3F 00 00 80 3F 00 00 80 3F 00 00 80 3F 00 00 80 3F 00 00 80 3F 00 00 80 3F 00 00 80 3F
00 00 80 3F 00 00 80 3F 00 00 80 3F 00 00 80 3F 00 00 80 3F 00 00 80 3F 00 00 80 3F 00 00 80 3F
00 00 80 3F 00 00 80 3F 00 00 80 3F 00 00 80 3F 00 00 80 3F 6E DB B6 3F DB B6 ED 3F 00 00 40 40
49 92 84 40 00 00 B4 40 8E E3 D8 40 66 66 F6 40 33 33 13 41 9A 99 39 41 9A 99 51 41 CD CC 64 41
00 00 78 41 9A 99 81 41 9A 99 81 41 00 00 78 41 CD CC 64 41 CD CC 4C 41 72 1C 47 41 00 00 2E 41
00 00 10 41 00 00 F0 40 00 00 D4 40 00 00 B8 40 00 00 D4 40 00 00 F0 40 00 00 22 41 00 00 52 41
72 1C 67 41 00 00 78 41 33 33 8F 41 00 00 A0 41 9A 99 A5 41 33 33 AB 41 33 33 AB 41 9A 99 A5 41
CD CC 94 41 00 00 84 41 9A 99 61 41 33 33 3B 41 39 8E 23 41 00 00 06 41 92 24 E9 40 49 92 A4 40
00 00 40 40 DB B6 ED 3F 6E DB B6 3F 00 00 80 3F 00 00 80 3F 00 00 80 3F 00 00 80 3F 00 00 80 3F
00 00 80 3F 00 00 80 3F 00 00 80 3F 00 00 80 3F 00 00 80 3F 00 00 80 3F 00 00 80 3F 00 00 80 3F
00 00 80 3F 00 00 80 3F 00 00 80 3F 00 00 80 3F 00 00 80 3F 00 00 80 3F 00 00 80 3F 00 00 80 3F
00 00 80 3F 00 00 80 3F 00 00 80 3F 00 00 80 3F 00 00 80 3F 00 00 80 3F 00 00 80 3F 00 00 80 3F
00 00 80 3F 00 00 80 3F 6E DB B6 3F DB B6 ED 3F 25 49 12 40 DB B6 2D 40 00 00 38 40 00 00 40 40
66 66 46 40 9A 99 59 40 CD CC 6C 40 CD CC 6C 40 9A 99 59 40 66 66 46 40 00 00 40 40 00 00 38 40
00 00 20 40 00 00 08 40 00 00 08 40 00 00 08 40 00 00 30 40 00 00 70 40 00 00 98 40 00 00 B8 40
39 8E C3 40 CD CC CC 40 66 66 E6 40 00 00 00 41 00 00 00 41 00 00 00 41 00 00 F0 40 66 66 D6 40
CD CC BC 40 1C C7 B1 40 00 00 A4 40 25 49 92 40 B7 6D 5B 40 25 49 12 40 DB B6 ED 3F 6E DB B6 3F
6E DB B6 3F DB B6 ED 3F 25 49 12 40 00 00 20 40 AB AA 2A 40 00 00 20 40 00 00 20 40 00 00 20 40
00 00 20 40 00 00 20 40 CD CC 0C 40 00 00 00 40 00 00 E0 3F 6E DB B6 3F 00 00 80 3F 00 00 80 3F
00 00 80 3F 00 00 80 3F 00 00 80 3F 00 00 80 3F 00 00 80 3F 00 00 80 3F 00 00 80 3F 00 00 80 3F
00 00 80 3F 00 00 80 3F 00 00 80 3F 00 00 80 3F 00 00 80 3F 00 00 80 3F 00 00 80 3F 00 00 80 3F
00 00 80 3F 00 00 80 3F 00 00 80 3F 00 00 80 3F 00 00 80 3F 00 00 80 3F 00 00 80 3F 00 00 80 3F
00 00 80 3F 00 00 80 3F 00 00 80 3F 00 00 80 3F 00 00 80 3F 00 00 80 3F 00 00 80 3F 00 00 80 3F
00 00 80 3F 00 00 80 3F 00 00 80 3F 6E DB B6 3F DB B6 ED 3F 25 49 12 40 DB B6 2D 40 92 24 49 40
00 00 50 40 55 55 55 40 9A 99 59 40 CD CC 6C 40 00 00 80 40 00 00 80 40 CD CC 6C 40 9A 99 59 40
66 66 46 40 00 00 40 40 00 00 38 40 DB B6 2D 40 25 49 12 40 DB B6 ED 3F 6E DB B6 3F 00 00 80 3F
00 00 80 3F 00 00 80 3F 00 00 80 3F 00 00 80 3F 00 00 80 3F 00 00 80 3F 00 00 80 3F 00 00 80 3F
00 00 80 3F 00 00 80 3F 00 00 80 3F 00 00 80 3F 00 00 80 3F 00 00 80 3F 00 00 80 3F 00 00 80 3F
00 00 80 3F 00 00 80 3F 00 00 80 3F 00 00 80 3F 00 00 80 3F 6E DB B6 3F 00 00 E0 3F 00 00 00 40
CD CC 0C 40 00 00 20 40 33 33 33 40 66 66 46 40 9A 99 59 40 CD CC 6C 40 00 00 80 40 CD CC 6C 40
9A 99 59 40 66 66 46 40 00 00 40 40 00 00 38 40 00 00 20 40 00 00 08 40 00 00 E0 3F 00 00 E0 3F
00 00 E0 3F 00 00 08 40 00 00 48 40 00 00 84 40 55 55 95 40 33 33 A3 40 CD CC BC 40 66 66 D6 40
00 00 F0 40 00 00 00 41 00 00 08 41 00 00 08 41 00 00 00 41 00 00 F0 40 66 66 D6 40 CD CC BC 40
33 33 A3 40 55 55 95 40 00 00 84 40 B7 6D 5B 40 25 49 12 40 DB B6 ED 3F 6E DB B6 3F 6E DB B6 3F
DB B6 ED 3F 25 49 12 40 DB B6 2D 40 00 00 38 40 00 00 40 40 66 66 46 40 9A 99 59 40 CD CC 6C 40
00 00 80 40 00 00 80 40 CD CC 6C 40 9A 99 59 40 66 66 46 40 33 33 33 40 AB AA 2A 40 00 00 20 40
25 49 12 40 00 00 00 40 CD CC CC 3F 00 00 80 3F 00 00 80 3F 00 00 80 3F 00 00 80 3F 00 00 00 00
00 00 00 00 00 00 00 00 00 00 00 00 00 00 00 00 00 00 00 00 00 00 00 00 00 00 80 3F 00 00 80 3F
00 00 80 3F 00 00 80 3F 00 00 80 3F 00 00 80 3F 00 00 80 3F 00 00 80 3F 00 00 80 3F 00 00 80 3F
00 00 80 3F 00 00 80 3F 00 00 80 3F CD CC CC 3F 00 00 00 40 25 49 12 40 00 00 20 40 AB AA 2A 40
33 33 33 40 66 66 46 40 9A 99 59 40 CD CC 6C 40 CD CC 6C 40 9A 99 59 40 66 66 46 40 33 33 33 40
AB AA 2A 40 00 00 20 40 25 49 12 40 DB B6 ED 3F 6E DB B6 3F 00 00 80 3F 00 00 80 3F 6E DB B6 3F
DB B6 ED 3F 25 49 12 40 00 00 08 40 00 00 00 40 33 33 F3 3F 33 33 F3 3F 33 33 F3 3F 00 00 00 40
00 00 08 40 DB B6 ED 3F 00 00 C0 3F 00 00 80 3F 00 00 80 3F 00 00 80 3F 00 00 80 3F 00 00 80 3F
00 00 80 3F 00 00 80 3F 00 00 80 3F 00 00 80 3F 00 00 80 3F 00 00 80 3F 00 00 80 3F 00 00 80 3F
00 00 80 3F 00 00 80 3F 00 00 80 3F 00 00 80 3F 00 00 80 3F 00 00 80 3F 00 00 80 3F 00 00 80 3F
00 00 80 3F 00 00 80 3F 00 00 80 3F 00 00 80 3F 00 00 80 3F 00 00 80 3F 00 00 80 3F 00 00 80 3F
00 00 80 3F 00 00 80 3F 00 00 80 3F 00 00 80 3F 00 00 80 3F 00 00 80 3F 00 00 80 3F 00 00 80 3F
00 00 80 3F 00 00 80 3F 00 00 80 3F 00 00 80 3F 00 00 80 3F 00 00 80 3F 00 00 80 3F 00 00 80 3F
00 00 80 3F 00 00 80 3F 00 00 80 3F 00 00 80 3F 00 00 80 3F 00 00 80 3F 00 00 80 3F 00 00 80 3F
00 00 80 3F 00 00 80 3F 00 00 80 3F 00 00 80 3F 00 00 80 3F 00 00 80 3F 00 00 80 3F 00 00 80 3F
00 00 80 3F 00 00 80 3F 00 00 80 3F 00 00 80 3F 00 00 80 3F 00 00 80 3F 00 00 80 3F 00 00 80 3F
00 00 80 3F 00 00 80 3F 00 00 80 3F 00 00 80 3F 00 00 C0 3F DB B6 ED 3F 00 00 08 40 55 55 15 40
00 00 20 40 33 33 33 40 33 33 33 40 33 33 33 40 33 33 33 40 00 00 40 40 00 00 38 40 DB B6 2D 40
25 49 12 40 DB B6 ED 3F DB B6 ED 3F DB B6 ED 3F 00 00 40 40 49 92 84 40 92 24 A9 40 00 00 D4 40
55 55 F5 40 00 00 08 41 00 00 20 41 CD CC 2C 41 CD CC 34 41 CD CC 3C 41 CD CC 3C 41 CD CC 34 41
CD CC 2C 41 CD CC 14 41 9A 99 F9 40 C7 71 DC 40 00 00 B8 40 00 00 98 40 00 00 70 40 00 00 30 40
00 00 08 40 00 00 08 40 00 00 08 40 00 00 20 40 00 00 20 40 55 55 15 40 CD CC 0C 40 CD CC 0C 40
55 55 15 40 00 00 20 40 00 00 08 40 00 00 E0 3F 00 00 B0 3F 00 00 B0 3F 00 00 E0 3F 00 00 08 40
00 00 20 40 00 00 38 40 00 00 40 40 66 66 46 40 9A 99 59 40 CD CC 6C 40 00 00 80 40 00 00 80 40
00 00 80 40 CD CC 6C 40 9A 99 59 40 66 66 46 40 33 33 33 40 AB AA 2A 40 00 00 20 40 25 49 12 40
00 00 00 40 CD CC CC 3F 00 00 80 3F 00 00 80 3F 00 00 80 3F 00 00 80 3F 00 00 80 3F 00 00 80 3F
00 00 80 3F 00 00 80 3F 00 00 80 3F 00 00 B0 3F 55 55 D5 3F 33 33 F3 3F CD CC 2C 40 00 00 60 40
9A 99 89 40 33 33 A3 40 33 33 D3 40 9A 99 01 41 9A 99 19 41 CD CC 2C 41 00 00 40 41 33 33 53 41
66 66 5E 41 9A 99 69 41 9A 99 69 41 9A 99 69 41 66 66 56 41 33 33 43 41 33 33 2B 41 1C C7 21 41
00 00 16 41 00 00 F0 40 00 00 C0 40 00 00 90 40 00 00 90 40 00 00 90 40 00 00 A4 40 00 00 D4 40
00 00 08 41 55 55 15 41 CD CC 14 41 9A 99 21 41 9A 99 29 41 9A 99 29 41 9A 99 21 41 9A 99 19 41
CD CC 0C 41 00 00 00 41 00 00 E0 40 6E DB B6 40 25 49 92 40 B7 6D 5B 40 25 49 12 40 DB B6 ED 3F
6E DB B6 3F 00 00 80 3F 00 00 80 3F 00 00 80 3F 00 00 80 3F 00 00 80 3F 00 00 80 3F 00 00 80 3F
00 00 80 3F 00 00 80 3F 00 00 80 3F 00 00 80 3F 00 00 80 3F 00 00 80 3F 00 00 80 3F 00 00 80 3F
00 00 80 3F 00 00 80 3F 00 00 80 3F 00 00 80 3F 00 00 80 3F 00 00 80 3F 00 00 80 3F 00 00 80 3F
6E DB B6 3F DB B6 ED 3F 25 49 12 40 DB B6 2D 40 00 00 38 40 00 00 40 40 66 66 46 40 9A 99 59 40
CD CC 6C 40 00 00 80 40 CD CC 6C 40 9A 99 59 40 66 66 46 40 33 33 33 40 00 00 20 40 55 55 15 40
00 00 08 40 DB B6 ED 3F 00 00 C0 3F 00 00 80 3F 00 00 80 3F 00 00 80 3F 00 00 80 3F 00 00 80 3F
00 00 00 00 00 00 00 00 00 00 00 00 00 00 00 00 00 00 00 00 00 00 00 00 00 00 00 00 00 00 00 00
00 00 00 00 00 00 00 00 00 00 00 00 00 00 80 3F 00 00 80 3F 00 00 80 3F 00 00 80 3F 00 00 80 3F
00 00 C0 3F DB B6 ED 3F 00 00 08 40 55 55 15 40 CD CC 0C 40 CD CC 0C 40 CD CC 0C 40 CD CC 0C 40
55 55 15 40 00 00 20 40 25 49 12 40 DB B6 ED 3F 6E DB B6 3F 6E DB B6 3F DB B6 ED 3F 25 49 12 40
B7 6D 5B 40 25 49 92 40 00 00 A4 40 1C C7 B1 40 CD CC BC 40 66 66 C6 40 00 00 D0 40 00 00 D0 40
66 66 C6 40 CD CC BC 40 1C C7 B1 40 00 00 A4 40 00 00 84 40 00 00 48 40 00 00 20 40 00 00 20 40
00 00 48 40 00 00 70 40 00 00 98 40 00 00 B8 40 39 8E C3 40 CD CC CC 40 66 66 E6 40 00 00 00 41
00 00 00 41 00 00 00 41 66 66 E6 40 CD CC CC 40 39 8E C3 40 00 00 B8 40 92 24 A9 40 49 92 84 40
00 00 40 40 DB B6 ED 3F 6E DB B6 3F 00 00 80 3F 00 00 80 3F 00 00 80 3F 00 00 80 3F 00 00 80 3F
00 00 80 3F 00 00 80 3F 00 00 80 3F 00 00 80 3F 00 00 80 3F 00 00 80 3F 00 00 80 3F 00 00 80 3F
00 00 80 3F 00 00 80 3F 00 00 80 3F 00 00 80 3F 00 00 80 3F 00 00 80 3F 00 00 80 3F 00 00 80 3F
00 00 80 3F 00 00 80 3F 00 00 80 3F 00 00 80 3F 00 00 80 3F 00 00 80 3F 00 00 80 3F 00 00 80 3F
00 00 80 3F 00 00 80 3F 00 00 80 3F 00 00 80 3F 00 00 80 3F 00 00 80 3F 00 00 80 3F 00 00 80 3F
00 00 80 3F 00 00 80 3F 00 00 80 3F 00 00 80 3F 00 00 80 3F 00 00 80 3F 00 00 80 3F 00 00 80 3F
00 00 80 3F 00 00 80 3F 00 00 00 00 00 00 00 00 00 00 00 00 00 00 00 00 00 00 80 3F 00 00 80 3F
00 00 80 3F 00 00 80 3F 00 00 80 3F 00 00 80 3F 00 00 80 3F 00 00 80 3F 00 00 80 3F 00 00 80 3F
00 00 80 3F 00 00 80 3F 00 00 80 3F 00 00 80 3F 00 00 80 3F 00 00 80 3F 00 00 80 3F 00 00 80 3F
00 00 80 3F 6E DB B6 3F 00 00 E0 3F 00 00 00 40 CD CC 0C 40 00 00 20 40 33 33 33 40 33 33 33 40
33 33 33 40 33 33 33 40 33 33 33 40 AB AA 2A 40 00 00 20 40 00 00 08 40 00 00 E0 3F 00 00 B0 3F
00 00 B0 3F 00 00 E0 3F 00 00 08 40 00 00 20 40 00 00 38 40 00 00 40 40 66 66 46 40 9A 99 59 40
CD CC 6C 40 00 00 80 40 CD CC 6C 40 9A 99 59 40 66 66 46 40 33 33 33 40 AB AA 2A 40 00 00 20 40
25 49 12 40 DB B6 ED 3F 6E DB B6 3F 00 00 80 3F 00 00 80 3F 00 00 80 3F 00 00 80 3F 00 00 80 3F
00 00 80 3F 00 00 80 3F 00 00 80 3F 00 00 80 3F 00 00 80 3F 00 00 80 3F 00 00 80 3F 00 00 80 3F
00 00 80 3F 00 00 80 3F 00 00 80 3F 00 00 80 3F 00 00 80 3F 00 00 80 3F 00 00 80 3F 00 00 80 3F
00 00 80 3F 00 00 80 3F 00 00 80 3F 00 00 80 3F 00 00 80 3F 00 00 80 3F 00 00 80 3F 00 00 80 3F
00 00 80 3F 00 00 80 3F 00 00 80 3F 00 00 80 3F 00 00 80 3F 00 00 80 3F 00 00 80 3F 00 00 80 3F
00 00 80 3F 00 00 80 3F 00 00 00 00 00 00 80 3F 00 00 80 3F 00 00 80 3F 00 00 80 3F 00 00 80 3F
00 00 80 3F 00 00 80 3F 00 00 80 3F 00 00 80 3F 00 00 80 3F 00 00 80 3F 66 66 A6 3F CD CC CC 3F
33 33 F3 3F CD CC 0C 40 00 00 20 40 00 00 20 40 00 00 20 40 00 00 20 40 00 00 20 40 00 00 20 40
55 55 15 40 00 00 08 40 DB B6 ED 3F 6E DB B6 3F 00 00 80 3F 00 00 80 3F 6E DB B6 3F DB B6 ED 3F
25 49 12 40 B7 6D 5B 40 00 00 84 40 55 55 95 40 33 33 A3 40 CD CC BC 40 66 66 D6 40 00 00 F0 40
00 00 F0 40 00 00 F0 40 00 00 F0 40 66 66 D6 40 CD CC BC 40 1C C7 B1 40 00 00 A4 40 00 00 84 40
00 00 48 40 00 00 08 40 00 00 08 40 00 00 08 40 00 00 08 40 00 00 20 40 00 00 38 40 00 00 40 40
66 66 46 40 9A 99 59 40 CD CC 6C 40 00 00 80 40 00 00 80 40 CD CC 6C 40 9A 99 59 40 66 66 46 40
00 00 40 40 00 00 38 40 DB B6 2D 40 25 49 12 40 DB B6 ED 3F 6E DB B6 3F 00 00 80 3F 00 00 80 3F
00 00 80 3F 00 00 80 3F 00 00 80 3F 00 00 80 3F 00 00 80 3F 00 00 80 3F 00 00 80 3F 00 00 80 3F
00 00 80 3F 00 00 80 3F 00 00 80 3F 00 00 80 3F 00 00 80 3F 00 00 80 3F 00 00 80 3F 00 00 80 3F
00 00 80 3F 00 00 00 00 00 00 00 00 00 00 80 3F 00 00 80 3F 00 00 80 3F 00 00 80 3F 00 00 80 3F
00 00 80 3F 00 00 80 3F 00 00 80 3F 00 00 80 3F 00 00 80 3F 00 00 80 3F 00 00 80 3F 00 00 80 3F
00 00 80 3F 00 00 80 3F 00 00 80 3F 00 00 80 3F 00 00 80 3F 00 00 80 3F 00 00 80 3F 00 00 80 3F
00 00 80 3F 00 00 80 3F 00 00 80 3F 00 00 80 3F 00 00 80 3F 00 00 80 3F 00 00 80 3F 00 00 80 3F
00 00 80 3F 00 00 80 3F 00 00 80 3F 00 00 80 3F 00 00 80 3F 00 00 80 3F 00 00 80 3F 00 00 80 3F
00 00 80 3F 00 00 80 3F 00 00 80 3F 00 00 80 3F 00 00 80 3F 00 00 80 3F 00 00 80 3F 00 00 80 3F
00 00 80 3F 00 00 80 3F 00 00 80 3F 00 00 80 3F 00 00 80 3F 00 00 80 3F 00 00 80 3F 00 00 80 3F
00 00 80 3F 00 00 80 3F 00 00 00 00 00 00 00 00 00 00 00 00 00 00 80 3F 00 00 80 3F 00 00 80 3F
00 00 80 3F 00 00 80 3F 00 00 80 3F 00 00 80 3F 00 00 80 3F AB AA AA 3F CD CC CC 3F 33 33 F3 3F
CD CC 0C 40 00 00 20 40 33 33 33 40 66 66 46 40 66 66 46 40 66 66 46 40 66 66 46 40 33 33 33 40
00 00 20 40 CD CC 0C 40 00 00 00 40 00 00 E0 3F 6E DB B6 3F 00 00 80 3F 00 00 80 3F 00 00 80 3F
00 00 80 3F 00 00 80 3F 00 00 80 3F 00 00 80 3F 00 00 80 3F 00 00 80 3F 00 00 B0 3F 55 55 D5 3F
33 33 F3 3F CD CC 0C 40 00 00 20 40 33 33 33 40 33 33 33 40 33 33 33 40 33 33 33 40 33 33 33 40
00 00 20 40 CD CC 0C 40 33 33 F3 3F CD CC CC 3F 66 66 A6 3F 00 00 80 3F 00 00 80 3F 00 00 80 3F
00 00 80 3F 00 00 80 3F 00 00 80 3F 00 00 80 3F 00 00 80 3F 00 00 80 3F 00 00 80 3F 00 00 80 3F
00 00 80 3F 00 00 80 3F 00 00 80 3F 00 00 80 3F 00 00 80 3F 00 00 80 3F AB AA AA 3F CD CC CC 3F
33 33 F3 3F CD CC 0C 40 00 00 20 40 33 33 33 40 66 66 46 40 9A 99 59 40 CD CC 6C 40 00 00 80 40
00 00 80 40 CD CC 6C 40 9A 99 59 40 66 66 46 40 33 33 33 40 00 00 20 40 CD CC 0C 40 33 33 F3 3F
CD CC CC 3F AB AA AA 3F 00 00 80 3F 00 00 80 3F 00 00 80 3F 00 00 80 3F 00 00 80 3F 00 00 80 3F
00 00 80 3F 00 00 80 3F 00 00 00 00 00 00 00 00 00 00 00 00 00 00 00 00 00 00 80 3F 00 00 80 3F
00 00 80 3F 00 00 80 3F 00 00 80 3F 00 00 80 3F 00 00 80 3F 00 00 80 3F 00 00 80 3F 00 00 80 3F
00 00 80 3F 00 00 80 3F 00 00 80 3F 00 00 80 3F 00 00 80 3F 00 00 80 3F 00 00 80 3F 00 00 80 3F
00 00 80 3F 00 00 80 3F 00 00 80 3F 00 00 80 3F 00 00 80 3F 00 00 C0 3F DB B6 ED 3F 00 00 08 40
00 00 00 40 33 33 F3 3F 33 33 F3 3F 33 33 F3 3F 33 33 F3 3F 00 00 00 40 00 00 08 40 00 00 E0 3F
00 00 B0 3F 00 00 80 3F 00 00 B0 3F 00 00 E0 3F 00 00 08 40 00 00 48 40 00 00 84 40 55 55 95 40
33 33 A3 40 CD CC BC 40 66 66 D6 40 00 00 F0 40 00 00 00 41 00 00 08 41 00 00 10 41 00 00 08 41
00 00 00 41 00 00 F0 40 66 66 D6 40 CD CC BC 40 33 33 A3 40 55 55 95 40 00 00 84 40 B7 6D 5B 40
00 00 20 40 00 00 00 40 00 00 C0 3F 00 00 80 3F 00 00 80 3F 00 00 80 3F 00 00 80 3F 00 00 80 3F
00 00 80 3F 00 00 80 3F 00 00 80 3F 00 00 80 3F 00 00 80 3F 00 00 80 3F 00 00 80 3F 00 00 80 3F
00 00 80 3F 00 00 80 3F 00 00 80 3F 00 00 80 3F 00 00 80 3F 00 00 80 3F 00 00 80 3F 00 00 80 3F
00 00 80 3F 00 00 80 3F 00 00 80 3F 00 00 80 3F 00 00 80 3F 00 00 80 3F 00 00 80 3F 00 00 80 3F
00 00 80 3F 00 00 80 3F 00 00 80 3F 00 00 80 3F 00 00 80 3F 00 00 80 3F 00 00 80 3F 00 00 80 3F
00 00 80 3F 00 00 80 3F 00 00 80 3F 00 00 80 3F 00 00 80 3F 00 00 80 3F 00 00 80 3F 00 00 80 3F
00 00 80 3F 00 00 00 00 00 00 00 00 00 00 00 00 00 00 00 00 00 00 00 00 00 00 00 00 00 00 00 00
00 00 00 00 00 00 00 00 00 00 00 00 00 00 00 00 00 00 00 00 00 00 80 3F 00 00 80 3F 00 00 80 3F
00 00 80 3F 00 00 80 3F 00 00 80 3F 00 00 80 3F 00 00 80 3F 00 00 80 3F 00 00 80 3F 00 00 80 3F
00 00 80 3F 00 00 80 3F 00 00 80 3F 00 00 00 00 00 00 00 00 00 00 00 00 00 00 00 00 00 00 00 00
00 00 00 00 00 00 00 00 00 00 00 00 00 00 00 00 00 00 00 00 00 00 80 3F 00 00 80 3F 00 00 80 3F
00 00 80 3F 00 00 80 3F 00 00 80 3F 00 00 80 3F 00 00 80 3F 00 00 80 3F 00 00 80 3F 00 00 80 3F
00 00 80 3F 00 00 80 3F 00 00 80 3F 00 00 80 3F 00 00 80 3F 00 00 80 3F 00 00 80 3F 00 00 80 3F
00 00 80 3F 00 00 80 3F 00 00 80 3F 00 00 80 3F 00 00 80 3F 00 00 80 3F 00 00 80 3F 00 00 80 3F
00 00 80 3F 00 00 80 3F 00 00 80 3F 00 00 80 3F 00 00 80 3F 00 00 80 3F 00 00 80 3F 00 00 80 3F
00 00 80 3F 00 00 80 3F 00 00 80 3F 00 00 80 3F 00 00 80 3F 00 00 80 3F 66 66 A6 3F CD CC CC 3F
33 33 F3 3F CD CC 0C 40 00 00 20 40 33 33 33 40 66 66 46 40 9A 99 59 40 9A 99 59 40 9A 99 59 40
66 66 46 40 33 33 33 40 AB AA 2A 40 00 00 20 40 00 00 08 40 00 00 E0 3F 00 00 E0 3F 00 00 E0 3F
00 00 30 40 00 00 70 40 00 00 B4 40 00 00 F0 40 72 1C 07 41 33 33 13 41 33 33 2B 41 33 33 43 41
66 66 56 41 9A 99 69 41 9A 99 69 41 9A 99 69 41 66 66 56 41 33 33 43 41 33 33 2B 41 33 33 13 41
72 1C 07 41 00 00 F0 40 00 00 B4 40 00 00 70 40 00 00 48 40 00 00 20 40 00 00 20 40 00 00 20 40
00 00 38 40 00 00 50 40 55 55 55 40 9A 99 59 40 9A 99 59 40 9A 99 59 40 66 66 46 40 00 00 40 40
00 00 38 40 DB B6 2D 40 25 49 12 40 DB B6 ED 3F 6E DB B6 3F 00 00 80 3F 00 00 80 3F 00 00 80 3F
00 00 80 3F 00 00 80 3F 00 00 80 3F 00 00 80 3F 00 00 80 3F 00 00 80 3F 00 00 80 3F 00 00 80 3F
00 00 80 3F 00 00 80 3F 00 00 80 3F 00 00 80 3F 00 00 80 3F 00 00 80 3F 00 00 C0 3F DB B6 ED 3F
00 00 08 40 55 55 15 40 00 00 20 40 00 00 20 40 00 00 20 40 00 00 20 40 00 00 20 40 00 00 20 40
CD CC 0C 40 33 33 F3 3F CD CC CC 3F 66 66 A6 3F 00 00 80 3F 00 00 80 3F 00 00 80 3F 00 00 80 3F
00 00 80 3F 00 00 80 3F 00 00 80 3F 00 00 80 3F 00 00 80 3F 00 00 80 3F 00 00 80 3F 00 00 80 3F
00 00 00 00 00 00 00 00 00 00 00 00 00 00 80 3F 00 00 80 3F 00 00 80 3F 00 00 80 3F 00 00 80 3F
00 00 80 3F 00 00 80 3F 00 00 80 3F 00 00 80 3F 00 00 80 3F 00 00 80 3F 00 00 80 3F 00 00 80 3F
00 00 80 3F 00 00 80 3F 00 00 C0 3F 00 00 00 40 00 00 20 40 B7 6D 5B 40 00 00 84 40 55 55 95 40
33 33 A3 40 CD CC AC 40 66 66 B6 40 00 00 C0 40 66 66 B6 40 CD CC AC 40 1C C7 B1 40 00 00 A4 40
00 00 84 40 00 00 60 40 00 00 38 40 00 00 60 40 00 00 84 40 00 00 B4 40 00 00 F0 40 00 00 16 41
1C C7 21 41 33 33 2B 41 33 33 43 41 33 33 4B 41 33 33 53 41 33 33 4B 41 33 33 43 41 33 33 2B 41
1C C7 21 41 00 00 16 41 00 00 F0 40 00 00 B4 40 00 00 84 40 00 00 60 40 00 00 38 40 00 00 60 40
00 00 84 40 00 00 A4 40 1C C7 B1 40 CD CC BC 40 66 66 C6 40 00 00 D0 40 00 00 D0 40 00 00 D0 40
66 66 C6 40 CD CC AC 40 33 33 93 40 39 8E 83 40 00 00 60 40 DB B6 2D 40 00 00 20 40 CD CC 0C 40
CD CC CC 3F 00 00 80 3F 00 00 80 3F 00 00 80 3F 00 00 80 3F 00 00 80 3F 6E DB B6 3F 00 00 E0 3F
00 00 00 40 CD CC 0C 40 00 00 40 40 33 33 73 40 33 33 93 40 CD CC AC 40 CD CC DC 40 66 66 06 41
9A 99 19 41 CD CC 2C 41 00 00 40 41 00 00 48 41 00 00 48 41 00 00 48 41 00 00 40 41 33 33 33 41
33 33 1B 41 00 00 10 41 AB AA EA 40 00 00 C0 40 72 1C A7 40 00 00 C0 40 8E E3 D8 40 8E E3 08 41
1C C7 41 41 00 00 80 41 72 1C 9F 41 00 00 AC 41 00 00 C8 41 9A 99 E1 41 66 66 EE 41 66 66 EE 41
66 66 EE 41 9A 99 E1 41 00 00 C8 41 E4 38 BE 41 72 1C 9F 41 AB AA 82 41 55 55 55 41 1C C7 31 41
1C C7 31 41 1C C7 41 41 55 55 65 41 AB AA 8A 41 AB AA B2 41 00 00 C8 41 00 00 E4 41 9A 99 FD 41
9A 99 09 42 33 33 0D 42 9A 99 09 42 33 33 03 42 CD CC EC 41 33 33 D3 41 CD CC AC 41 C7 71 94 41
AB AA 6A 41 C7 71 2C 41 72 1C E7 40 C7 71 9C 40 39 8E 83 40 39 8E 83 40 55 55 95 40 55 55 95 40
00 00 A0 40 CD CC 9C 40 CD CC 9C 40 CD CC 9C 40 33 33 93 40 55 55 95 40 00 00 84 40 00 00 48 40
00 00 08 40 00 00 E0 3F 00 00 B0 3F 00 00 80 3F 00 00 80 3F 00 00 80 3F 00 00 80 3F 00 00 80 3F
00 00 80 3F 00 00 80 3F 00 00 80 3F 6E DB B6 3F DB B6 ED 3F 25 49 12 40 DB B6 2D 40 92 24 49 40
00 00 50 40 55 55 55 40 9A 99 59 40 9A 99 59 40 9A 99 59 40 55 55 55 40 00 00 50 40 00 00 38 40
00 00 38 40 00 00 38 40 00 00 60 40 00 00 84 40 00 00 98 40 00 00 D4 40 00 00 08 41 55 55 15 41
CD CC 14 41 9A 99 21 41 9A 99 21 41 9A 99 21 41 CD CC 14 41 55 55 15 41 00 00 16 41 00 00 F0 40
00 00 C0 40 00 00 A4 40 00 00 A4 40 00 00 C0 40 00 00 F0 40 00 00 10 41 00 00 40 41 72 1C 57 41
33 33 5B 41 33 33 73 41 33 33 83 41 33 33 83 41 33 33 83 41 33 33 73 41 00 00 60 41 00 00 48 41
9A 99 21 41 72 1C 07 41 00 00 F0 40 92 24 C9 40 49 92 84 40 00 00 40 40 DB B6 ED 3F 6E DB B6 3F
00 00 80 3F 00 00 80 3F 00 00 80 3F 00 00 80 3F 00 00 80 3F 00 00 80 3F 00 00 80 3F 00 00 80 3F
00 00 80 3F 00 00 80 3F 00 00 80 3F 00 00 80 3F 00 00 80 3F 00 00 80 3F 00 00 80 3F 00 00 80 3F
00 00 80 3F 00 00 80 3F 00 00 80 3F 00 00 80 3F 00 00 80 3F 00 00 80 3F 00 00 80 3F 00 00 80 3F
00 00 80 3F 00 00 80 3F 00 00 80 3F 00 00 00 00 00 00 00 00 00 00 00 00 00 00 00 00 00 00 00 00
00 00 00 00 00 00 00 00 00 00 80 3F 00 00 80 3F 00 00 80 3F 00 00 E0 3F CD CC 0C 40 00 00 20 40
B7 6D 5B 40 00 00 84 40 E4 38 AE 40 00 00 D0 40 00 00 00 41 00 00 18 41 00 00 30 41 9A 99 51 41
CD CC 64 41 00 00 78 41 9A 99 81 41 33 33 87 41 9A 99 81 41 00 00 78 41 CD CC 64 41 CD CC 4C 41
CD CC 34 41 C7 71 1C 41 1C C7 01 41 E4 38 CE 40 39 8E A3 40 1C C7 71 40 1C C7 71 40 1C C7 71 40
AB AA 8A 40 72 1C A7 40 39 8E C3 40 CD CC CC 40 66 66 D6 40 00 00 E0 40 66 66 D6 40 CD CC CC 40
39 8E C3 40 00 00 B8 40 00 00 98 40 00 00 70 40 00 00 48 40 00 00 20 40 00 00 20 40 00 00 20 40
00 00 38 40 00 00 50 40 55 55 55 40 66 66 46 40 66 66 46 40 55 55 55 40 00 00 40 40 AB AA 2A 40
AB AA 2A 40 E4 38 4E 40 1C C7 71 40 39 8E A3 40 E4 38 CE 40 1C C7 01 41 C7 71 2C 41 33 33 43 41
9A 99 69 41 00 00 88 41 9A 99 91 41 33 33 97 41 33 33 97 41 9A 99 91 41 00 00 88 41 CD CC 7C 41
66 66 56 41 1C C7 41 41 00 00 28 41 00 00 F0 40 00 00 B4 40 00 00 84 40 00 00 60 40 00 00 38 40
00 00 38 40 00 00 38 40 00 00 50 40 55 55 55 40 9A 99 59 40 CD CC 6C 40 CD CC 6C 40 9A 99 59 40
55 55 55 40 00 00 50 40 92 24 49 40 DB B6 2D 40 25 49 12 40 25 49 12 40 25 49 12 40 25 49 12 40
DB B6 2D 40 92 24 49 40 00 00 50 40 55 55 55 40 9A 99 59 40 CD CC 6C 40 00 00 80 40 CD CC 6C 40
9A 99 59 40 66 66 46 40 00 00 40 40 00 00 38 40 00 00 20 40 00 00 08 40 00 00 08 40 00 00 08 40
00 00 08 40 00 00 48 40 00 00 84 40 00 00 A4 40 1C C7 B1 40 33 33 D3 40 9A 99 01 41 9A 99 19 41
9A 99 21 41 9A 99 29 41 9A 99 31 41 9A 99 31 41 9A 99 29 41 9A 99 21 41 9A 99 19 41 9A 99 01 41
33 33 D3 40 1C C7 B1 40 00 00 A4 40 00 00 84 40 00 00 48 40 00 00 08 40 00 00 E0 3F 00 00 B0 3F
00 00 80 3F 00 00 80 3F 00 00 80 3F 00 00 80 3F 00 00 80 3F 00 00 80 3F 00 00 80 3F 00 00 80 3F
00 00 80 3F 00 00 80 3F 00 00 B0 3F 00 00 E0 3F 00 00 08 40 00 00 20 40 00 00 38 40 00 00 40 40
66 66 46 40 9A 99 59 40 9A 99 59 40 9A 99 59 40 66 66 46 40 00 00 40 40 00 00 38 40 00 00 20 40
00 00 08 40 00 00 08 40 00 00 08 40 00 00 30 40 00 00 70 40 00 00 98 40 00 00 B8 40 39 8E C3 40
CD CC CC 40 66 66 E6 40 00 00 00 41 00 00 00 41 00 00 00 41 66 66 E6 40 CD CC CC 40 39 8E C3 40
00 00 B8 40 00 00 98 40 00 00 70 40 00 00 30 40 00 00 08 40 00 00 08 40 00 00 08 40 00 00 20 40
00 00 38 40 00 00 40 40 33 33 33 40 33 33 33 40 33 33 33 40 00 00 40 40 00 00 38 40 DB B6 2D 40
00 00 20 40 00 00 00 40 00 00 C0 3F 00 00 80 3F 00 00 80 3F 00 00 80 3F 00 00 80 3F 00 00 80 3F
00 00 80 3F 00 00 80 3F 00 00 80 3F 00 00 80 3F 00 00 80 3F 00 00 80 3F 00 00 80 3F 00 00 80 3F
00 00 80 3F 00 00 80 3F 00 00 80 3F 00 00 80 3F 00 00 80 3F 00 00 80 3F 00 00 80 3F 00 00 80 3F
00 00 80 3F 00 00 80 3F 00 00 80 3F 00 00 80 3F 00 00 80 3F 00 00 80 3F 00 00 80 3F 00 00 80 3F
00 00 80 3F 00 00 80 3F 00 00 80 3F 00 00 80 3F 00 00 80 3F 00 00 80 3F 00 00 80 3F 00 00 80 3F
00 00 80 3F 00 00 80 3F 00 00 80 3F 00 00 80 3F 00 00 80 3F 00 00 80 3F 00 00 80 3F 00 00 80 3F
00 00 80 3F 00 00 80 3F 00 00 80 3F 00 00 80 3F 00 00 80 3F 00 00 80 3F 00 00 80 3F 00 00 80 3F
00 00 80 3F 00 00 80 3F 00 00 80 3F 00 00 80 3F 00 00 80 3F 00 00 80 3F 00 00 80 3F 00 00 80 3F
00 00 80 3F 00 00 80 3F 00 00 80 3F 00 00 80 3F 00 00 80 3F 00 00 80 3F 00 00 80 3F 00 00 80 3F
00 00 80 3F 00 00 80 3F 00 00 80 3F 00 00 80 3F 00 00 80 3F 00 00 80 3F 00 00 80 3F 00 00 80 3F
00 00 80 3F 00 00 80 3F 00 00 80 3F 00 00 80 3F 00 00 B0 3F 00 00 E0 3F 00 00 08 40 00 00 20 40
00 00 38 40 00 00 40 40 66 66 46 40 9A 99 59 40 CD CC 6C 40 CD CC 6C 40 9A 99 59 40 55 55 55 40
00 00 50 40 00 00 38 40 00 00 38 40 00 00 38 40 00 00 60 40 00 00 84 40 00 00 98 40 00 00 D4 40
00 00 08 41 55 55 15 41 00 00 20 41 CD CC 2C 41 CD CC 34 41 CD CC 3C 41 CD CC 34 41 00 00 28 41
33 33 1B 41 00 00 10 41 AB AA EA 40 00 00 C0 40 55 55 95 40 55 55 95 40 55 55 95 40 55 55 95 40
00 00 C0 40 55 55 F5 40 55 55 15 41 00 00 20 41 CD CC 2C 41 CD CC 34 41 CD CC 34 41 CD CC 2C 41
00 00 20 41 33 33 13 41 72 1C 07 41 00 00 F0 40 00 00 B4 40 00 00 70 40 00 00 48 40 00 00 20 40
00 00 20 40 00 00 20 40 00 00 38 40 00 00 50 40 55 55 55 40 9A 99 59 40 CD CC 6C 40 CD CC 6C 40
9A 99 59 40 66 66 46 40 00 00 40 40 00 00 38 40 DB B6 2D 40 25 49 12 40 DB B6 ED 3F 6E DB B6 3F
00 00 80 3F 00 00 80 3F 00 00 80 3F 00 00 80 3F 00 00 80 3F 00 00 80 3F 00 00 80 3F 00 00 80 3F
00 00 80 3F 00 00 80 3F 00 00 80 3F 00 00 80 3F 00 00 80 3F 00 00 80 3F 00 00 80 3F 00 00 80 3F
00 00 80 3F 00 00 80 3F 00 00 80 3F 00 00 80 3F 00 00 80 3F 00 00 80 3F 00 00 80 3F 00 00 80 3F
00 00 80 3F 00 00 80 3F 00 00 80 3F 00 00 80 3F 00 00 80 3F 00 00 80 3F 00 00 80 3F 00 00 80 3F
00 00 80 3F 00 00 80 3F 00 00 80 3F 00 00 80 3F 00 00 80 3F 00 00 80 3F 00 00 80 3F 00 00 80 3F
00 00 80 3F 00 00 80 3F 00 00 80 3F 00 00 80 3F 00 00 80 3F 00 00 80 3F 00 00 80 3F 00 00 80 3F
6E DB B6 3F 00 00 E0 3F 00 00 00 40 CD CC 0C 40 00 00 20 40 33 33 33 40 66 66 46 40 9A 99 59 40
CD CC 6C 40 00 00 80 40 CD CC 6C 40 9A 99 59 40 66 66 46 40 33 33 33 40 AB AA 2A 40 00 00 20 40
25 49 12 40 00 00 00 40 00 00 C0 3F 00 00 80 3F 00 00 80 3F 00 00 80 3F 00 00 80 3F 00 00 80 3F
00 00 80 3F 00 00 80 3F 00 00 80 3F 00 00 80 3F 00 00 80 3F 00 00 80 3F 00 00 80 3F 00 00 80 3F
00 00 80 3F 00 00 80 3F 00 00 80 3F 00 00 80 3F 00 00 80 3F 00 00 80 3F 00 00 80 3F 00 00 80 3F
00 00 80 3F 00 00 80 3F 00 00 80 3F 00 00 80 3F 00 00 80 3F 00 00 80 3F 00 00 80 3F 00 00 80 3F
00 00 80 3F 00 00 80 3F 00 00 80 3F 00 00 80 3F 00 00 80 3F 00 00 80 3F 00 00 80 3F 00 00 80 3F
00 00 80 3F 00 00 80 3F 00 00 80 3F 00 00 80 3F 00 00 80 3F 00 00 80 3F 00 00 80 3F 00 00 80 3F
00 00 80 3F 00 00 80 3F 00 00 80 3F 00 00 80 3F 00 00 80 3F 00 00 80 3F 00 00 80 3F 00 00 80 3F
00 00 80 3F 00 00 80 3F 00 00 80 3F 00 00 80 3F 00 00 80 3F 00 00 80 3F 00 00 80 3F 00 00 00 00
00 00 00 00 00 00 00 00 00 00 00 00 00 00 00 00 00 00 80 3F 00 00 80 3F 00 00 80 3F 00 00 80 3F
00 00 80 3F 00 00 80 3F 00 00 80 3F 00 00 80 3F 00 00 80 3F 00 00 80 3F 00 00 80 3F 00 00 80 3F
00 00 80 3F 00 00 80 3F 00 00 80 3F 00 00 80 3F 00 00 80 3F 00 00 80 3F 00 00 80 3F 00 00 80 3F
6E DB B6 3F DB B6 ED 3F 25 49 12 40 DB B6 2D 40 00 00 38 40 00 00 40 40 66 66 46 40 9A 99 59 40
CD CC 6C 40 CD CC 6C 40 9A 99 59 40 66 66 46 40 00 00 40 40 00 00 38 40 00 00 20 40 00 00 08 40
00 00 08 40 00 00 08 40 00 00 08 40 00 00 48 40 00 00 84 40 00 00 A4 40 1C C7 B1 40 CD CC BC 40
66 66 D6 40 00 00 E0 40 00 00 E0 40 00 00 E0 40 66 66 D6 40 CD CC BC 40 1C C7 B1 40 00 00 A4 40
00 00 84 40 00 00 48 40 00 00 20 40 00 00 20 40 00 00 20 40 00 00 48 40 00 00 84 40 00 00 A4 40
1C C7 B1 40 CD CC BC 40 66 66 D6 40 00 00 F0 40 00 00 00 41 00 00 08 41 00 00 10 41 00 00 10 41
00 00 10 41 00 00 08 41 00 00 00 41 00 00 F0 40 66 66 D6 40 CD CC BC 40 33 33 A3 40 9A 99 89 40
