09 0A 09 0A 09 0A 09 0A 09 0A 09 0A 09 0A 09 0A 09 0A 09 0A 09 0A 09 0A 0F 27 00 00 E9 A6 82 3C
00 00 00 00 00 00 00 00 00 00 00 00 00 00 00 00 00 00 00 00 00 00 00 00 00 00 00 00 00 00 00 00
00 00 00 00 00 00 00 00 00 00 00 00 00 00 00 00 00 00 00 00 00 00 00 00 00 00 00 00 00 00 00 00
00 00 00 00 00 00 00 00 00 00 00 00 00 00 00 00 00 00 00 00 00 00 00 00 00 00 00 00 00 00 00 00
00 00 00 00 00 00 00 00 00 00 80 3F 00 00 80 3F 00 00 00 40 00 00 70 40 66 66 C6 40 55 55 15 41
25 49 52 41 00 00 9C 41 AB AA D2 41 33 33 0F 42 66 66 48 42 33 33 8B 42 66 66 B7 42 CD CC E8 42
33 B3 0F 43 9A 19 2A 43 66 E6 46 43 66 E6 60 43 33 B3 75 43 9A 99 81 43 66 A6 85 43 66 A6 85 43
9A 99 81 43 9A 99 73 43 9A 99 5B 43 33 33 41 43 33 33 21 43 66 E6 00 43 33 33 CB 42 33 33 9F 42
66 66 82 42 CD CC 66 42 CD CC 66 42 9A 99 86 42 CD CC A9 42 CD CC D1 42 9A 19 02 43 00 80 18 43
00 80 2A 43 CD CC 37 43 9A 19 3E 43 00 00 3C 43 00 00 34 43 00 00 24 43 9A 19 0F 43 00 00 F2 42
00 00 D4 42 8E E3 A2 42 AB AA 72 42 AB AA 32 42 AB AA 02 42 C7 71 CC 41 39 8E B3 41 39 8E B3 41
55 55 C5 41 00 00 D8 41 33 33 CF 41 33 33 D3 41 CD CC CC 41 55 55 CD 41 8E E3 B0 41 8E E3 98 41
72 1C 8F 41 72 1C 8F 41 AB AA 9A 41 55 55 BD 41 72 1C F7 41 39 8E 1B 42 72 1C 3F 42 66 66 4C 42
66 66 64 42 66 66 7A 42 00 00 82 42 00 00 82 42 66 66 7A 42 33 33 67 42 66 66 4A 42 66 66 2A 42
55 55 19 42 39 8E EB 41 39 8E B3 41 C7 71 7C 41 55 55 35 41 55 55 05 41 1C C7 D1 40 8E E3 B8 40
8E E3 B8 40 55 55 D5 40 CD CC CC 40 66 66 D6 40 66 66 D6 40 CD CC CC 40 39 8E C3 40 00 00 B8 40
00 00 98 40 00 00 70 40 00 00 48 40 00 00 20 40 00 00 20 40 00 00 48 40 00 00 84 40 00 00 A4 40
1C C7 B1 40 CD CC BC 40 66 66 D6 40 00 00 F0 40 00 00 00 41 00 00 08 41 00 00 10 41 00 00 10 41
00 00 10 41 00 00 10 41 00 00 10 41 00 00 10 41 00 00 10 41 00 00 10 41 00 00 10 41 00 00 10 41
00 00 10 41 00 00 08 41 00 00 00 41 00 00 F0 40 00 00 E0 40 00 00 D0 40 66 66 B6 40 CD CC 9C 40
33 33 83 40 39 8E 63 40 00 00 38 40 DB B6 2D 40 25 49 12 40 DB B6 ED 3F 6E DB B6 3F 00 00 80 3F
6E DB B6 3F DB B6 ED 3F 25 49 12 40 00 00 20 40 AB AA 2A 40 33 33 33 40 33 33 33 40 33 33 33 40
33 33 33 40 33 33 33 40 00 00 20 40 55 55 15 40 00 00 08 40 DB B6 ED 3F 00 00 C0 3F 00 00 80 3F
00 00 80 3F 00 00 80 3F 00 00 80 3F 00 00 80 3F 00 00 00 00 00 00 00 00 00 00 00 00 00 00 00 00
00 00 00 00 00 00 00 00 00 00 00 00 00 00 00 00 00 00 00 00 00 00 00 00 00 00 00 00 00 00 00 00
00 00 00 00 00 00 00 00 00 00 00 00 00 00 00 00 00 00 00 00 00 00 00 00 00 00 00 00 00 00 00 00
00 00 00 00 00 00 00 00 00 00 00 00 00 00 00 00 00 00 00 00 00 00 00 00 00 00 00 00 00 00 00 00
00 00 00 00 00 00 00 00 00 00 00 00 00 00 00 00 00 00 00 00 00 00 00 00 00 00 00 00 00 00 00 00
00 00 00 00 00 00 00 00 00 00 00 00 00 00 00 00 00 00 00 00 00 00 00 00 00 00 00 00 00 00 00 00
00 00 00 00 00 00 00 00 00 00 00 00 00 00 00 00 00 00 00 00 00 00 00 00 00 00 00 00 00 00 00 00
00 00 00 00 00 00 00 00 00 00 00 00 00 00 00 00 00 00 00 00 00 00 00 00 00 00 00 00 00 00 00 00
00 00 00 00 00 00 00 00 00 00 00 00 00 00 00 00 00 00 00 00 00 00 00 00 00 00 00 00 00 00 00 00
00 00 00 00 00 00 00 00 00 00 00 00 00 00 00 00 00 00 00 00 00 00 00 00 00 00 00 00 00 00 00 00
00 00 00 00 00 00 00 00 00 00 00 00 00 00 00 00 00 00 00 00 00 00 00 00 00 00 00 00 00 00 00 00
00 00 00 00 00 00 00 00 00 00 00 00 00 00 00 00 00 00 00 00 00 00 00 00 00 00 00 00 00 00 00 00
00 00 00 00 00 00 00 00 00 00 00 00 00 00 00 00 00 00 00 00 00 00 00 00 00 00 00 00 00 00 00 00
00 00 00 00 00 00 00 00 00 00 00 00 00 00 00 00 00 00 00 00 00 00 00 00 00 00 00 00 00 00 00 00
00 00 00 00 00 00 00 00 00 00 00 00 00 00 00 00 00 00 00 00 00 00 00 00 00 00 00 00 00 00 00 00
00 00 00 00 00 00 00 00 00 00 00 00 00 00 00 00 00 00 00 00 00 00 00 00 00 00 00 00 00 00 00 00
00 00 00 00 00 00 00 00 00 00 00 00 00 00 00 00 00 00 00 00 00 00 00 00 00 00 00 00 00 00 00 00
00 00 00 00 00 00 00 00 00 00 00 00 00 00 00 00 00 00 00 00 00 00 00 00 00 00 00 00 00 00 00 00
00 00 00 00 00 00 00 00 00 00 00 00 00 00 00 00 00 00 00 00 00 00 00 00 00 00 00 00 00 00 00 00
00 00 00 00 00 00 00 00 00 00 00 00 00 00 00 00 00 00 00 00 00 00 00 00 00 00 00 00 00 00 00 00
00 00 00 00 00 00 00 00 00 00 00 00 00 00 00 00 00 00 00 00 00 00 00 00 00 00 00 00 00 00 00 00
00 00 00 00 00 00 00 00 00 00 00 00 00 00 00 00 00 00 00 00 00 00 00 00 00 00 00 00 00 00 00 00
00 00 00 00 00 00 00 00 00 00 00 00 00 00 00 00 00 00 80 3F 00 00 80 3F 00 00 80 3F 00 00 80 3F
00 00 80 3F 00 00 80 3F 00 00 80 3F 00 00 80 3F 00 00 80 3F 00 00 80 3F 00 00 80 3F 00 00 80 3F
00 00 80 3F 00 00 80 3F 00 00 80 3F 00 00 80 3F 00 00 80 3F 00 00 80 3F 00 00 80 3F 00 00 00 00
00 00 80 3F 00 00 80 3F 00 00 80 3F 00 00 80 3F 00 00 80 3F 00 00 80 3F 00 00 80 3F 00 00 80 3F
00 00 80 3F 00 00 80 3F 00 00 80 3F 00 00 80 3F 00 00 00 00 00 00 00 00 00 00 00 00 00 00 00 00
00 00 00 00 00 00 00 00 00 00 00 00 00 00 00 00 00 00 00 00 00 00 00 00 00 00 00 00 00 00 00 00
00 00 00 00 00 00 00 00 00 00 00 00 00 00 00 00 00 00 80 3F 00 00 80 3F 00 00 80 3F 00 00 80 3F
CD CC CC 3F 00 00 00 40 00 00 40 40 00 00 94 40 C7 71 DC 40 9A 99 31 41 CD CC 98 41 CD CC F8 41
9A 99 3F 42 CD CC 92 42 33 33 DA 42 9A 19 1D 43 CD CC 5F 43 9A 19 9C 43 9A 19 D8 43 9A D9 10 44
9A 39 3F 44 CD CC 75 44 66 E6 9B 44 00 50 C1 44 9A D9 EC 44 00 A0 0E 45 00 28 28 45 66 EE 42 45
00 80 5D 45 00 18 78 45 66 86 88 45 66 DA 93 45 66 9A 9D 45 33 07 A5 45 33 AB A9 45 33 EF AA 45
66 42 A9 45 33 4F A4 45 66 A6 9C 45 CD CC 91 45 66 86 84 45 CD CC 6A 45 00 58 49 45 00 98 27 45
9A 71 06 45 33 93 D1 44 33 93 9F 44 66 C6 74 44 66 C6 47 44 CD CC 40 44 66 66 62 44 66 66 98 44
66 A6 D5 44 9A 79 14 45 33 13 48 45 00 00 82 45 00 C0 A3 45 00 9C C7 45 CD 64 EC 45 00 6C 08 46
66 D2 19 46 66 B8 29 46 00 AA 37 46 00 A8 42 46 9A 61 4A 46 9A F9 4E 46 33 A3 4F 46 9A AB 4C 46
33 77 46 46 33 2D 3D 46 CD 0C 31 46 66 A6 22 46 00 5A 12 46 66 52 01 46 9A ED DF 45 9A 3D BD 45
66 46 9C 45 9A D1 7B 45 33 A3 44 45 33 A3 14 45 9A 49 D9 44 00 B0 98 44 CD 2C 50 44 66 C6 08 44
33 33 B6 43 CD 0C 80 43 33 33 52 43 33 B3 56 43 33 B3 7C 43 33 F3 97 43 33 B3 B4 43 9A 59 CE 43
00 80 E2 43 9A 19 F0 43 66 A6 F5 43 CD CC F3 43 33 33 EC 43 00 00 DD 43 66 A6 C8 43 CD 0C B3 43
CD 4C 9C 43 9A D9 86 43 66 66 65 43 33 B3 3F 43 9A 99 1C 43 9A 19 01 43 33 33 D2 42 00 00 AF 42
00 00 97 42 00 00 84 42 33 33 6B 42 CD CC 5C 42 00 00 56 42 CD CC 5C 42 9A 99 69 42 66 66 76 42
66 66 85 42 9A 99 8F 42 CD CC 99 42 00 00 A4 42 66 66 B2 42 CD CC BD 42 00 00 C5 42 CD CC C8 42
9A 99 CC 42 66 66 D0 42 9A 99 CC 42 CD CC C8 42 00 00 C5 42 CD CC BD 42 66 66 B2 42 00 00 A7 42
CD CC 9C 42 9A 99 92 42 66 66 88 42 33 33 77 42 33 33 65 42 33 33 53 42 33 33 41 42 00 00 36 42
CD CC 2A 42 9A 99 1F 42 66 66 1A 42 33 33 15 42 00 00 10 42 00 00 10 42 00 00 10 42 00 00 10 42
00 00 10 42 00 00 10 42 00 00 10 42 00 00 10 42 9A 99 0B 42 33 33 07 42 CD CC 02 42 CD CC FC 41
00 00 F4 41 00 00 E4 41 00 00 D4 41 00 00 C4 41 00 00 B4 41 66 66 9E 41 9A 99 91 41 CD CC 84 41
00 00 70 41 66 66 56 41 CD CC 34 41 9A 99 21 41 66 66 0E 41 66 66 F6 40 00 00 D0 40 00 00 C0 40
00 00 B0 40 00 00 A0 40 00 00 90 40 00 00 80 40 00 00 80 40 00 00 80 40 00 00 80 40 00 00 80 40
00 00 80 40 00 00 80 40 00 00 80 40 00 00 80 40 00 00 90 40 00 00 A0 40 00 00 B0 40 00 00 C0 40
00 00 D0 40 00 00 E0 40 00 00 E0 40 00 00 E0 40 00 00 E0 40 00 00 E0 40 00 00 D0 40 00 00 C0 40
66 66 A6 40 CD CC 8C 40 66 66 66 40 00 00 40 40 00 00 38 40 DB B6 2D 40 00 00 20 40 00 00 00 40
00 00 C0 3F 00 00 80 3F 00 00 80 3F 00 00 80 3F 00 00 80 3F 00 00 80 3F 00 00 80 3F 00 00 80 3F
00 00 80 3F 00 00 80 3F 00 00 80 3F 00 00 80 3F 00 00 80 3F 00 00 80 3F 00 00 80 3F 6E DB B6 3F
DB B6 ED 3F 25 49 12 40 B7 6D 5B 40 00 00 84 40 55 55 95 40 33 33 A3 40 CD CC BC 40 66 66 D6 40
00 00 F0 40 00 00 00 41 00 00 08 41 00 00 10 41 00 00 10 41 00 00 10 41 00 00 10 41 00 00 08 41
00 00 00 41 00 00 F0 40 66 66 D6 40 CD CC BC 40 1C C7 B1 40 00 00 A4 40 25 49 92 40 55 55 75 40
00 00 20 40 00 00 00 40 00 00 C0 3F 00 00 80 3F 00 00 80 3F 00 00 80 3F 00 00 80 3F 00 00 80 3F
00 00 80 3F 00 00 80 3F 00 00 80 3F 00 00 80 3F 00 00 80 3F 00 00 80 3F 00 00 80 3F 00 00 80 3F
00 00 80 3F 00 00 80 3F 00 00 80 3F 00 00 80 3F 00 00 80 3F 00 00 80 3F 00 00 80 3F 00 00 80 3F
00 00 80 3F 00 00 80 3F 00 00 80 3F 00 00 80 3F 00 00 80 3F 00 00 80 3F 00 00 80 3F 00 00 80 3F
00 00 80 3F 00 00 80 3F 00 00 00 00 00 00 80 3F 00 00 80 3F 00 00 80 3F 00 00 80 3F 00 00 80 3F
00 00 80 3F 00 00 80 3F 00 00 80 3F 00 00 80 3F 00 00 80 3F 00 00 80 3F 00 00 80 3F 00 00 80 3F
00 00 00 00 00 00 00 00 00 00 00 00 00 00 00 00 00 00 00 00 00 00 00 00 00 00 00 00 00 00 00 00
00 00 00 00 00 00 00 00 00 00 00 00 00 00 00 00 00 00 00 00 00 00 00 00 00 00 00 00 00 00 00 00
00 00 00 00 00 00 00 00 00 00 00 00 00 00 00 00 00 00 00 00 00 00 00 00 00 00 00 00 00 00 00 00
00 00 00 00 00 00 00 00 00 00 00 00 00 00 00 00 00 00 00 00 00 00 00 00 00 00 00 00 00 00 00 00
00 00 00 00 00 00 00 00 00 00 00 00 00 00 00 00 00 00 00 00 00 00 00 00 00 00 00 00 00 00 00 00
00 00 00 00 00 00 00 00 00 00 00 00 00 00 00 00 00 00 00 00 00 00 00 00 00 00 00 00 00 00 00 00
00 00 00 00 00 00 00 00 00 00 00 00 00 00 00 00 00 00 00 00 00 00 00 00 00 00 00 00 00 00 00 00
00 00 00 00 00 00 00 00 00 00 00 00 00 00 00 00 00 00 00 00 00 00 00 00 00 00 00 00 00 00 00 00
00 00 00 00 00 00 00 00 00 00 00 00 00 00 00 00 00 00 00 00 00 00 00 00 00 00 00 00 00 00 00 00
00 00 00 00 00 00 00 00 00 00 00 00 00 00 00 00 00 00 00 00 00 00 00 00 00 00 00 00 00 00 00 00
00 00 00 00 00 00 00 00 00 00 00 00 00 00 00 00 00 00 00 00 00 00 00 00 00 00 00 00 00 00 00 00
00 00 00 00 00 00 00 00 00 00 00 00 00 00 00 00 00 00 00 00 00 00 00 00 00 00 00 00 00 00 00 00
00 00 00 00 00 00 00 00 00 00 00 00 00 00 00 00 00 00 00 00 00 00 00 00 00 00 00 00 00 00 00 00
00 00 00 00 00 00 00 00 00 00 00 00 00 00 00 00 00 00 00 00 00 00 00 00 00 00 00 00 00 00 00 00
00 00 00 00 00 00 00 00 00 00 00 00 00 00 00 00 00 00 00 00 00 00 00 00 00 00 00 00 00 00 00 00
00 00 00 00 00 00 00 00 00 00 00 00 00 00 00 00 00 00 00 00 00 00 00 00 00 00 00 00 00 00 00 00
00 00 00 00 00 00 00 00 00 00 00 00 00 00 00 00 00 00 00 00 00 00 00 00 00 00 00 00 00 00 00 00
00 00 00 00 00 00 00 00 00 00 00 00 00 00 00 00 00 00 00 00 00 00 00 00 00 00 00 00 00 00 00 00
00 00 00 00 00 00 00 00 00 00 00 00 00 00 00 00 00 00 00 00 00 00 00 00 00 00 00 00 00 00 00 00
00 00 00 00 00 00 00 00 00 00 00 00 00 00 00 00 00 00 00 00 00 00 00 00 00 00 00 00 00 00 00 00
00 00 00 00 00 00 00 00 00 00 00 00 00 00 00 00 00 00 00 00 00 00 00 00 00 00 00 00 00 00 00 00
00 00 00 00 00 00 00 00 00 00 00 00 00 00 00 00 00 00 00 00 00 00 00 00 00 00 00 00 00 00 00 00
00 00 00 00 00 00 00 00 00 00 00 00 00 00 00 00 00 00 00 00 00 00 00 00 00 00 00 00 00 00 00 00
00 00 00 00 00 00 00 00 00 00 00 00 00 00 00 00 00 00 00 00 00 00 00 00 00 00 00 00 00 00 00 00
00 00 00 00 00 00 00 00 00 00 00 00 00 00 00 00 00 00 00 00 00 00 00 00 00 00 00 00 00 00 00 00
00 00 00 00 00 00 00 00 00 00 00 00 00 00 00 00 00 00 00 00 00 00 00 00 00 00 00 00 00 00 00 00
00 00 00 00 00 00 00 00 00 00 80 3F 00 00 80 3F 00 00 80 3F 00 00 E0 3F CD CC 0C 40 55 55 55 40
49 92 A4 40 00 00 10 41 1C C7 71 41 CD CC BC 41 9A 99 17 42 9A 99 65 42 66 66 AC 42 66 E6 01 43
9A 19 3B 43 CD 4C 84 43 33 F3 B9 43 9A 99 FC 43 CD CC 28 44 33 33 5B 44 00 50 8C 44 00 10 B1 44
33 73 DA 44 9A 11 04 45 66 5E 1D 45 9A F9 37 45 CD 64 53 45 00 F0 6E 45 00 7C 84 45 66 E2 90 45
CD C4 9B 45 33 7F A4 45 33 D3 AA 45 9A 39 AE 45 9A 39 AE 45 00 E0 AA 45 66 46 A4 45 66 5A 9A 45
00 E0 8D 45 33 D3 7D 45 33 B3 5C 45 33 AB 39 45 CD 04 17 45 00 40 ED 44 00 40 B5 44 00 B0 89 44
00 80 5A 44 33 B3 47 44 33 33 60 44 33 83 91 44 33 53 CA 44 9A 29 0D 45 00 48 3F 45 CD 14 7A 45
00 64 9E 45 9A 01 C2 45 9A 81 E6 45 9A 63 05 46 CD 96 16 46 9A 83 26 46 66 50 34 46 66 32 3F 46
66 34 47 46 33 C1 4B 46 33 69 4C 46 33 C9 49 46 9A EF 43 46 CD 02 3B 46 9A 81 2F 46 CD B4 21 46
66 2E 12 46 66 DE 01 46 9A E9 E1 45 9A A9 C0 45 00 F4 A0 45 00 30 83 45 66 FE 4F 45 66 7E 20 45
CD 6C EF 44 8E 03 C0 44 39 AE 85 44 72 5C 33 44 E4 B8 EA 43 39 8E 9B 43 E4 38 66 43 72 1C 4C 43
8E E3 5D 43 55 55 84 43 55 55 A2 43 66 E6 AE 43 9A 19 C8 43 00 80 DE 43 00 40 EE 43 00 80 F7 43
00 80 F7 43 66 A6 F1 43 00 40 E6 43 CD 0C D7 43 CD 0C C4 43 33 73 AE 43 CD 0C 9A 43 9A 99 84 43
66 E6 60 43 33 33 3B 43 00 00 1C 43 66 66 FE 42 66 66 D2 42 9A 99 AC 42 9A 99 8C 42 00 00 6E 42
00 00 4C 42 66 66 32 42 9A 99 25 42 9A 99 1F 42 9A 99 25 42 CD CC 30 42 CD CC 42 42 CD CC 54 42
66 66 6E 42 00 00 84 42 00 00 95 42 00 00 A6 42 66 66 B4 42 CD CC C2 42 33 33 CE 42 9A 99 D9 42
9A 99 E1 42 66 66 E5 42 66 66 E5 42 9A 99 E1 42 9A 99 D9 42 33 33 CE 42 CD CC C2 42 66 66 B4 42
00 00 A6 42 00 00 95 42 00 00 84 42 00 00 6A 42 00 00 4C 42 9A 99 35 42 33 33 1F 42 00 00 0C 42
9A 99 F1 41 33 33 D7 41 CD CC BC 41 00 00 B4 41 33 33 AB 41 33 33 AB 41 33 33 AB 41 33 33 AB 41
33 33 AB 41 66 66 B2 41 9A 99 B9 41 CD CC C0 41 00 00 C8 41 00 00 C8 41 00 00 C8 41 00 00 C8 41
00 00 C8 41 CD CC C0 41 9A 99 B9 41 66 66 B2 41 9A 99 A5 41 CD CC 98 41 00 00 88 41 66 66 6E 41
CD CC 4C 41 66 66 26 41 00 00 00 41 00 00 D0 40 00 00 A0 40 00 00 60 40 CD CC 2C 40 33 33 F3 3F
CD CC CC 3F 66 66 A6 3F 00 00 80 3F 00 00 80 3F 66 66 A6 3F CD CC CC 3F 33 33 F3 3F CD CC 0C 40
00 00 40 40 33 33 73 40 33 33 93 40 CD CC AC 40 66 66 C6 40 00 00 E0 40 00 00 F0 40 00 00 00 41
00 00 08 41 00 00 10 41 00 00 08 41 00 00 00 41 00 00 F0 40 66 66 D6 40 CD CC BC 40 1C C7 B1 40
00 00 A4 40 25 49 92 40 B7 6D 5B 40 25 49 12 40 DB B6 ED 3F 6E DB B6 3F 00 00 80 3F 00 00 80 3F
00 00 80 3F 00 00 80 3F 00 00 80 3F 00 00 80 3F 00 00 80 3F 00 00 80 3F 00 00 80 3F 00 00 80 3F
00 00 80 3F 00 00 80 3F 00 00 80 3F 6E DB B6 3F DB B6 ED 3F 25 49 12 40 B7 6D 5B 40 00 00 84 40
55 55 95 40 33 33 A3 40 CD CC BC 40 66 66 D6 40 00 00 F0 40 00 00 00 41 00 00 08 41 00 00 10 41
00 00 10 41 00 00 10 41 00 00 08 41 00 00 00 41 00 00 F0 40 66 66 D6 40 CD CC BC 40 33 33 A3 40
9A 99 89 40 1C C7 71 40 00 00 48 40 25 49 12 40 DB B6 ED 3F 6E DB B6 3F 00 00 80 3F 00 00 80 3F
00 00 80 3F 00 00 80 3F 00 00 80 3F 00 00 80 3F 00 00 80 3F 00 00 80 3F 00 00 80 3F 00 00 80 3F
00 00 80 3F 00 00 80 3F 00 00 80 3F 00 00 80 3F 00 00 80 3F 00 00 80 3F 00 00 80 3F 00 00 80 3F
00 00 80 3F 00 00 80 3F 00 00 80 3F 00 00 80 3F 00 00 80 3F 00 00 80 3F 00 00 80 3F 00 00 80 3F
00 00 80 3F 00 00 80 3F 00 00 80 3F 00 00 80 3F 00 00 80 3F 00 00 80 3F 00 00 80 3F 00 00 00 00
00 00 00 00 00 00 00 00 00 00 00 00 00 00 00 00 00 00 00 00 00 00 00 00 00 00 00 00 00 00 00 00
00 00 00 00 00 00 00 00 00 00 00 00 00 00 00 00 00 00 00 00 00 00 00 00 00 00 00 00 00 00 00 00
00 00 00 00 00 00 00 00 00 00 00 00 00 00 00 00 00 00 00 00 00 00 00 00 00 00 00 00 00 00 00 00
00 00 00 00 00 00 00 00 00 00 00 00 00 00 00 00 00 00 00 00 00 00 00 00 00 00 00 00 00 00 00 00
00 00 00 00 00 00 00 00 00 00 00 00 00 00 00 00 00 00 00 00 00 00 00 00 00 00 00 00 00 00 00 00
00 00 00 00 00 00 00 00 00 00 00 00 00 00 00 00 00 00 00 00 00 00 00 00 00 00 00 00 00 00 00 00
00 00 00 00 00 00 00 00 00 00 00 00 00 00 00 00 00 00 00 00 00 00 00 00 00 00 00 00 00 00 00 00
00 00 00 00 00 00 00 00 00 00 00 00 00 00 00 00 00 00 00 00 00 00 00 00 00 00 00 00 00 00 00 00
00 00 00 00 00 00 00 00 00 00 00 00 00 00 00 00 00 00 00 00 00 00 00 00 00 00 00 00 00 00 00 00
00 00 00 00 00 00 00 00 00 00 00 00 00 00 00 00 00 00 00 00 00 00 00 00 00 00 00 00 00 00 00 00
00 00 00 00 00 00 00 00 00 00 00 00 00 00 00 00 00 00 00 00 00 00 00 00 00 00 00 00 00 00 00 00
00 00 00 00 00 00 00 00 00 00 00 00 00 00 00 00 00 00 00 00 00 00 00 00 00 00 00 00 00 00 00 00
00 00 00 00 00 00 00 00 00 00 00 00 00 00 00 00 00 00 00 00 00 00 00 00 00 00 00 00 00 00 00 00
00 00 00 00 00 00 00 00 00 00 00 00 00 00 00 00 00 00 00 00 00 00 00 00 00 00 00 00 00 00 00 00
00 00 00 00 00 00 00 00 00 00 00 00 00 00 00 00 00 00 00 00 00 00 00 00 00 00 00 00 00 00 00 00
00 00 00 00 00 00 00 00 00 00 00 00 00 00 00 00 00 00 00 00 00 00 00 00 00 00 00 00 00 00 00 00
00 00 00 00 00 00 00 00 00 00 00 00 00 00 00 00 00 00 00 00 00 00 00 00 00 00 00 00 00 00 00 00
00 00 00 00 00 00 00 00 00 00 00 00 00 00 00 00 00 00 00 00 00 00 00 00 00 00 00 00 00 00 00 00
00 00 00 00 00 00 00 00 00 00 00 00 00 00 00 00 00 00 00 00 00 00 00 00 00 00 00 00 00 00 00 00
00 00 00 00 00 00 00 00 00 00 00 00 00 00 00 00 00 00 00 00 00 00 00 00 00 00 00 00 00 00 00 00
00 00 00 00 00 00 00 00 00 00 00 00 00 00 00 00 00 00 00 00 00 00 00 00 00 00 00 00 00 00 00 00
00 00 00 00 00 00 00 00 00 00 00 00 00 00 00 00 00 00 00 00 00 00 80 3F 00 00 80 3F 00 00 80 3F
00 00 80 3F 00 00 80 3F 00 00 80 3F 00 00 80 3F 00 00 80 3F 00 00 80 3F 00 00 80 3F 00 00 80 3F
00 00 80 3F 00 00 80 3F 00 00 80 3F 00 00 80 3F 00 00 80 3F 00 00 80 3F 00 00 80 3F 00 00 80 3F
00 00 80 3F 00 00 80 3F 00 00 80 3F 00 00 80 3F 00 00 80 3F 00 00 80 3F 00 00 80 3F 00 00 80 3F
00 00 80 3F 00 00 80 3F 00 00 80 3F 00 00 80 3F 00 00 80 3F 00 00 80 3F 00 00 80 3F 00 00 80 3F
00 00 80 3F 00 00 80 3F 00 00 80 3F 00 00 80 3F 00 00 80 3F 00 00 80 3F 00 00 80 3F 00 00 80 3F
00 00 80 3F 00 00 80 3F 00 00 80 3F 00 00 80 3F 00 00 80 3F 00 00 80 3F 00 00 80 3F 00 00 80 3F
CD CC CC 3F 00 00 00 40 00 00 40 40 00 00 94 40 C7 71 BC 40 66 66 0E 41 33 33 5B 41 9A 99 AD 41
CD CC 06 42 00 00 4A 42 66 66 97 42 CD CC DE 42 66 66 23 43 33 B3 6A 43 9A 99 A4 43 CD 0C E0 43
CD CC 16 44 CD 2C 45 44 CD 2C 7E 44 CD 6C A1 44 66 46 C8 44 00 60 F5 44 33 9B 12 45 CD AC 2C 45
9A F9 47 45 9A 79 63 45 00 88 7E 45 66 3A 8C 45 CD BC 97 45 33 27 A1 45 00 38 A8 45 00 78 AC 45
00 BC AD 45 00 A0 AB 45 CD 38 A6 45 9A C1 9D 45 9A 21 92 45 33 DF 83 45 00 58 67 45 33 0B 45 45
9A C9 22 45 9A 81 01 45 CD 4C C8 44 00 00 98 44 66 06 6B 44 00 20 4A 44 66 66 51 44 00 B0 82 44
00 B0 B4 44 00 30 FD 44 00 00 2D 45 9A 61 65 45 66 5E 92 45 CD 04 B5 45 33 97 D9 45 00 A4 FE 45
9A 2B 11 46 00 AC 21 46 66 24 30 46 9A 25 3C 46 66 58 45 46 00 32 4B 46 00 D2 4D 46 CD D4 4C 46
CD 3C 48 46 CD 26 40 46 9A 6B 35 46 9A 51 28 46 CD 6A 19 46 33 49 09 46 CD F8 F0 45 CD D8 CE 45
00 8C AD 45 66 06 8E 45 66 86 62 45 33 D3 2F 45 00 08 04 45 00 E0 BF 44 66 46 86 44 33 93 34 44
66 66 EA 43 00 C0 9A 43 9A 19 5F 43 CD 4C 42 43 33 B3 4A 43 33 B3 6E 43 9A 59 8F 43 00 C0 A9 43
66 66 C3 43 CD 8C D7 43 66 26 E5 43 9A 59 EC 43 00 80 EA 43 66 E6 E2 43 33 F3 D5 43 CD 4C C5 43
CD 4C B3 43 66 E6 9E 43 33 73 89 43 9A 99 6A 43 66 E6 44 43 CD 4C 23 43 CD CC 07 43 9A 99 DF 42
66 66 BC 42 00 00 9F 42 00 00 87 42 33 33 71 42 CD CC 5C 42 00 00 56 42 00 00 56 42 CD CC 5C 42
9A 99 69 42 66 66 76 42 66 66 85 42 9A 99 8F 42 CD CC 99 42 33 33 A8 42 9A 99 B6 42 00 00 C2 42
66 66 CD 42 66 66 D5 42 33 33 D9 42 00 00 DD 42 00 00 DD 42 00 00 DD 42 33 33 D9 42 33 33 D1 42
CD CC C5 42 66 66 BA 42 00 00 AC 42 9A 99 9D 42 66 66 93 42 9A 99 86 42 9A 99 73 42 00 00 5A 42
00 00 48 42 9A 99 31 42 00 00 22 42 66 66 12 42 CD CC 08 42 66 66 FE 41 33 33 EB 41 66 66 E2 41
9A 99 D9 41 CD CC D0 41 00 00 C8 41 00 00 C8 41 00 00 C8 41 00 00 C8 41 00 00 C8 41 00 00 C8 41
00 00 C8 41 00 00 C8 41 CD CC C0 41 9A 99 B9 41 66 66 B2 41 33 33 AB 41 66 66 9E 41 9A 99 91 41
CD CC 84 41 00 00 70 41 66 66 4E 41 CD CC 2C 41 9A 99 19 41 66 66 06 41 66 66 E6 40 00 00 C0 40
00 00 B0 40 00 00 A0 40 00 00 90 40 00 00 80 40 00 00 80 40 00 00 80 40 00 00 80 40 00 00 80 40
00 00 80 40 00 00 80 40 00 00 80 40 00 00 80 40 00 00 90 40 00 00 A0 40 00 00 B0 40 00 00 C0 40
00 00 D0 40 00 00 E0 40 00 00 F0 40 00 00 00 41 00 00 00 41 00 00 00 41 00 00 F0 40 00 00 E0 40
66 66 C6 40 CD CC AC 40 33 33 93 40 39 8E 83 40 00 00 60 40 DB B6 2D 40 25 49 12 40 DB B6 ED 3F
6E DB B6 3F 00 00 80 3F 00 00 80 3F 00 00 80 3F 00 00 80 3F 00 00 80 3F 00 00 80 3F 00 00 80 3F
00 00 80 3F 00 00 80 3F 00 00 80 3F 00 00 80 3F 00 00 80 3F 00 00 80 3F 00 00 80 3F 6E DB B6 3F
DB B6 ED 3F 25 49 12 40 B7 6D 5B 40 25 49 92 40 00 00 A4 40 1C C7 B1 40 33 33 D3 40 9A 99 01 41
9A 99 19 41 CD CC 2C 41 CD CC 34 41 CD CC 3C 41 CD CC 3C 41 CD CC 3C 41 CD CC 34 41 CD CC 2C 41
9A 99 19 41 9A 99 01 41 33 33 D3 40 33 33 A3 40 55 55 95 40 00 00 84 40 B7 6D 5B 40 00 00 20 40
CD CC 0C 40 CD CC CC 3F 00 00 80 3F 00 00 80 3F 00 00 80 3F 00 00 80 3F 00 00 80 3F 00 00 80 3F
00 00 80 3F 00 00 80 3F 00 00 80 3F 00 00 80 3F 00 00 80 3F 00 00 80 3F 00 00 80 3F 00 00 80 3F
00 00 00 00 00 00 00 00 00 00 00 00 00 00 00 00 00 00 00 00 00 00 00 00 00 00 00 00 00 00 00 00
00 00 00 00 00 00 00 00 00 00 00 00 00 00 00 00 00 00 00 00 00 00 00 00 00 00 00 00 00 00 00 00
00 00 00 00 00 00 00 00 00 00 00 00 00 00 00 00 00 00 00 00 00 00 00 00 00 00 00 00 00 00 00 00
00 00 00 00 00 00 00 00 00 00 00 00 00 00 00 00 00 00 00 00 00 00 00 00 00 00 00 00 00 00 00 00
00 00 00 00 00 00 00 00 00 00 00 00 00 00 00 00 00 00 00 00 00 00 00 00 00 00 00 00 00 00 00 00
00 00 00 00 00 00 00 00 00 00 00 00 00 00 00 00 00 00 00 00 00 00 00 00 00 00 00 00 00 00 00 00
00 00 00 00 00 00 00 00 00 00 00 00 00 00 00 00 00 00 00 00 00 00 00 00 00 00 00 00 00 00 00 00
00 00 00 00 00 00 00 00 00 00 00 00 00 00 00 00 00 00 00 00 00 00 00 00 00 00 00 00 00 00 00 00
00 00 00 00 00 00 00 00 00 00 00 00 00 00 00 00 00 00 00 00 00 00 00 00 00 00 00 00 00 00 00 00
00 00 00 00 00 00 00 00 00 00 00 00 00 00 00 00 00 00 00 00 00 00 00 00 00 00 00 00 00 00 00 00
00 00 00 00 00 00 00 00 00 00 00 00 00 00 00 00 00 00 00 00 00 00 00 00 00 00 00 00 00 00 00 00
00 00 00 00 00 00 00 00 00 00 00 00 00 00 00 00 00 00 00 00 00 00 00 00 00 00 00 00 00 00 00 00
00 00 00 00 00 00 00 00 00 00 00 00 00 00 00 00 00 00 00 00 00 00 00 00 00 00 00 00 00 00 00 00
00 00 00 00 00 00 00 00 00 00 00 00 00 00 00 00 00 00 00 00 00 00 00 00 00 00 00 00 00 00 00 00
00 00 00 00 00 00 00 00 00 00 00 00 00 00 00 00 00 00 00 00 00 00 00 00 00 00 00 00 00 00 00 00
00 00 00 00 00 00 00 00 00 00 00 00 00 00 00 00 00 00 00 00 00 00 00 00 00 00 00 00 00 00 00 00
00 00 00 00 00 00 00 00 00 00 00 00 00 00 00 00 00 00 00 00 00 00 00 00 00 00 00 00 00 00 00 00
00 00 00 00 00 00 00 00 00 00 00 00 00 00 00 00 00 00 00 00 00 00 00 00 00 00 00 00 00 00 00 00
00 00 00 00 00 00 00 00 00 00 00 00 00 00 00 00 00 00 00 00 00 00 00 00 00 00 00 00 00 00 00 00
00 00 00 00 00 00 00 00 00 00 00 00 00 00 00 00 00 00 00 00 00 00 00 00 00 00 00 00 00 00 00 00
00 00 00 00 00 00 00 00 00 00 00 00 00 00 00 00 00 00 00 00 00 00 00 00 00 00 00 00 00 00 00 00
00 00 00 00 00 00 00 00 00 00 00 00 00 00 00 00 00 00 00 00 00 00 00 00 00 00 00 00 00 00 00 00
00 00 00 00 00 00 00 00 00 00 00 00 00 00 00 00 00 00 00 00 00 00 00 00 00 00 00 00 00 00 00 00
00 00 00 00 00 00 00 00 00 00 00 00 00 00 00 00 00 00 00 00 00 00 00 00 00 00 00 00 00 00 00 00
00 00 00 00 00 00 00 00 00 00 00 00 00 00 00 00 00 00 00 00 00 00 00 00 00 00 00 00 00 00 00 00
00 00 00 00 00 00 00 00 00 00 00 00 00 00 00 00 00 00 00 00 00 00 00 00 00 00 00 00 00 00 00 00
00 00 00 00 00 00 00 00 00 00 00 00 00 00 00 00 00 00 00 00 00 00 00 00 00 00 00 00 00 00 00 00
00 00 00 00 00 00 00 00 00 00 00 00 00 00 00 00 00 00 00 00 00 00 00 00 00 00 00 00 00 00 00 00
00 00 00 00 00 00 00 00 00 00 00 00 00 00 00 00 00 00 00 00 00 00 00 00 00 00 00 00 00 00 00 00
00 00 00 00 00 00 00 00 00 00 00 00 00 00 00 00 00 00 00 00 00 00 00 00 00 00 00 00 00 00 00 00
00 00 00 00 00 00 00 00 00 00 00 00 00 00 80 3F 00 00 80 3F 00 00 80 3F 00 00 E0 3F CD CC 0C 40
55 55 55 40 DB B6 CD 40 00 00 22 41 8E E3 80 41 00 00 C4 41 33 33 1B 42 33 33 69 42 33 33 B5 42
CD 4C 06 43 66 66 44 43 CD CC 8B 43 00 00 C1 43 33 D3 01 44 33 53 2C 44 CD 0C 61 44 CD 3C 8F 44
CD FC B3 44 00 F0 DC 44 66 1E 06 45 CD 1C 1F 45 9A 41 3A 45 CD AC 55 45 00 38 71 45 00 1C 86 45
00 38 92 45 66 1A 9D 45 CD D4 A5 45 CD 28 AC 45 9A B5 AE 45 9A B5 AE 45 9A E9 AA 45 00 F4 A3 45
33 B7 99 45 33 7B 8C 45 00 98 7A 45 33 CB 58 45 66 56 35 45 CD 7C 12 45 9A 29 E6 44 00 D0 AE 44
33 03 85 44 CD 6C 57 44 33 D3 4D 44 00 00 6E 44 33 23 9E 44 00 00 DC 44 00 80 18 45 33 F3 4B 45
9A 8D 84 45 CD 64 A6 45 CD 40 CA 45 9A 09 EF 45 00 9A 09 46 33 75 1A 46 33 C7 29 46 9A 1D 37 46
CD 7A 41 46 CD D8 48 46 66 70 4C 46 CD C4 4C 46 CD 7C 49 46 CD FC 42 46 CD 6C 39 46 9A 6B 2D 46
9A 2B 1F 46 CD 3E 0F 46 66 2A FD 45 CD 74 DB 45 9A 65 BA 45 9A 49 9A 45 9A 61 79 45 9A C1 43 45
CD F4 14 45 33 03 DC 44 CD 0C 9D 44 9A 19 58 44 33 13 10 44 33 F3 BC 43 9A 19 81 43 33 33 4E 43
33 B3 49 43 33 B3 69 43 9A 99 8D 43 33 F3 A9 43 CD 8C C6 43 CD 8C DE 43 CD CC F1 43 9A 99 FC 43
33 33 00 44 CD 8C FA 43 CD CC F0 43 00 40 DF 43 00 40 CC 43 66 A6 B6 43 66 E6 9F 43 00 80 89 43
00 80 64 43 CD 4C 3D 43 33 33 1A 43 CD CC FA 42 33 33 C8 42 66 66 A2 42 66 66 82 42 9A 99 59 42
9A 99 37 42 CD CC 2A 42 CD CC 24 42 CD CC 2A 42 CD CC 30 42 CD CC 42 42 CD CC 54 42 66 66 6E 42
00 00 84 42 00 00 95 42 00 00 A6 42 66 66 B4 42 CD CC C2 42 33 33 CE 42 9A 99 D9 42 9A 99 E1 42
66 66 E5 42 66 66 E5 42 9A 99 E1 42 9A 99 D9 42 33 33 CE 42 CD CC C2 42 66 66 B4 42 00 00 A6 42
00 00 95 42 00 00 84 42 66 66 6E 42 66 66 50 42 00 00 3A 42 9A 99 23 42 00 00 14 42 66 66 04 42
9A 99 F5 41 66 66 E2 41 9A 99 D9 41 CD CC D0 41 00 00 C8 41 00 00 C8 41 00 00 C8 41 CD CC D0 41
9A 99 D9 41 66 66 E2 41 33 33 EB 41 00 00 F4 41 00 00 F4 41 00 00 F4 41 00 00 F4 41 00 00 F4 41
CD CC EC 41 CD CC DC 41 CD CC CC 41 33 33 B7 41 9A 99 A1 41 00 00 8C 41 66 66 76 41 CD CC 54 41
33 33 33 41 CD CC 0C 41 9A 99 E9 40 9A 99 B9 40 9A 99 89 40 00 00 60 40 CD CC 2C 40 33 33 F3 3F
CD CC CC 3F 66 66 A6 3F 00 00 80 3F 00 00 80 3F 00 00 80 3F 00 00 80 3F 66 66 A6 3F CD CC CC 3F
33 33 F3 3F CD CC 0C 40 00 00 20 40 33 33 33 40 66 66 66 40 CD CC 8C 40 66 66 A6 40 00 00 C0 40
00 00 D0 40 00 00 E0 40 00 00 E0 40 00 00 E0 40 00 00 E0 40 00 00 E0 40 00 00 D0 40 66 66 B6 40
CD CC 9C 40 33 33 83 40 33 33 53 40 AB AA 2A 40 00 00 20 40 25 49 12 40 00 00 00 40 CD CC CC 3F
00 00 80 3F 00 00 80 3F 00 00 80 3F 00 00 80 3F 00 00 80 3F 00 00 80 3F 00 00 80 3F 00 00 80 3F
00 00 80 3F 00 00 80 3F 00 00 80 3F 00 00 80 3F CD CC CC 3F CD CC 0C 40 00 00 20 40 B7 6D 5B 40
00 00 84 40 55 55 95 40 33 33 A3 40 33 33 D3 40 9A 99 01 41 9A 99 19 41 CD CC 2C 41 CD CC 34 41
CD CC 3C 41 CD CC 3C 41 CD CC 3C 41 CD CC 34 41 CD CC 2C 41 CD CC 14 41 9A 99 F9 40 9A 99 C9 40
72 1C A7 40 00 00 98 40 00 00 70 40 00 00 30 40 00 00 E0 3F 00 00 B0 3F 00 00 B0 3F 00 00 E0 3F
00 00 08 40 00 00 20 40 55 55 15 40 CD CC 0C 40 CD CC 0C 40 CD CC 0C 40 CD CC 0C 40 55 55 15 40
00 00 08 40 DB B6 ED 3F 6E DB B6 3F 00 00 80 3F 00 00 80 3F 00 00 80 3F 00 00 80 3F 00 00 80 3F
00 00 80 3F 00 00 80 3F 00 00 80 3F 00 00 80 3F 00 00 80 3F 00 00 80 3F 00 00 80 3F 00 00 80 3F
00 00 80 3F 00 00 80 3F 00 00 80 3F 00 00 80 3F 00 00 80 3F 00 00 80 3F 00 00 80 3F 00 00 80 3F
00 00 80 3F 00 00 80 3F 00 00 80 3F 00 00 80 3F 00 00 80 3F 00 00 80 3F 00 00 80 3F 00 00 80 3F
00 00 80 3F 00 00 80 3F 00 00 80 3F 00 00 80 3F 00 00 80 3F 00 00 80 3F 00 00 80 3F 00 00 80 3F
00 00 80 3F 00 00 80 3F 00 00 80 3F 00 00 80 3F 00 00 80 3F 00 00 80 3F 00 00 80 3F 00 00 80 3F
00 00 80 3F 00 00 00 00 00 00 00 00 00 00 00 00 00 00 00 00 00 00 00 00 00 00 00 00 00 00 00 00
00 00 00 00 00 00 00 00 00 00 00 00 00 00 00 00 00 00 00 00 00 00 00 00 00 00 00 00 00 00 00 00
00 00 00 00 00 00 00 00 00 00 00 00 00 00 00 00 00 00 00 00 00 00 00 00 00 00 00 00 00 00 00 00
00 00 00 00 00 00 00 00 00 00 00 00 00 00 00 00 00 00 00 00 00 00 00 00 00 00 00 00 00 00 00 00
00 00 00 00 00 00 00 00 00 00 00 00 00 00 00 00 00 00 00 00 00 00 00 00 00 00 80 3F 00 00 80 3F
00 00 80 3F 00 00 80 3F 00 00 80 3F 00 00 80 3F 00 00 80 3F 00 00 80 3F 00 00 80 3F 00 00 80 3F
00 00 80 3F 00 00 80 3F 00 00 80 3F 00 00 80 3F 00 00 80 3F 00 00 80 3F 00 00 80 3F 00 00 80 3F
00 00 80 3F 00 00 80 3F 00 00 80 3F 00 00 80 3F 00 00 80 3F 00 00 80 3F 00 00 80 3F 00 00 80 3F
00 00 80 3F 00 00 80 3F 00 00 80 3F 00 00 80 3F 00 00 80 3F 00 00 80 3F 00 00 80 3F 00 00 80 3F
00 00 80 3F 00 00 80 3F 00 00 80 3F 00 00 80 3F 00 00 80 3F 00 00 80 3F 00 00 80 3F 00 00 80 3F
00 00 80 3F 00 00 80 3F 00 00 80 3F 00 00 80 3F 00 00 80 3F 00 00 80 3F 00 00 80 3F 00 00 80 3F
00 00 80 3F 00 00 80 3F 00 00 80 3F 00 00 80 3F 00 00 80 3F 00 00 80 3F 00 00 80 3F 00 00 80 3F
00 00 80 3F 00 00 80 3F 00 00 80 3F 00 00 80 3F 00 00 80 3F 00 00 80 3F 00 00 80 3F 00 00 80 3F
00 00 80 3F 00 00 80 3F 00 00 80 3F 00 00 80 3F 00 00 80 3F 00 00 80 3F 00 00 80 3F 00 00 00 00
00 00 00 00 00 00 80 3F 00 00 80 3F 00 00 80 3F 00 00 80 3F 00 00 80 3F 00 00 80 3F 00 00 80 3F
00 00 80 3F 00 00 80 3F 00 00 80 3F 00 00 80 3F 00 00 00 00 00 00 00 00 00 00 00 00 00 00 00 00
00 00 00 00 00 00 00 00 00 00 00 00 00 00 00 00 00 00 00 00 00 00 00 00 00 00 00 00 00 00 00 00
00 00 00 00 00 00 00 00 00 00 00 00 00 00 00 00 00 00 00 00 00 00 00 00 00 00 00 00 00 00 00 00
00 00 00 00 00 00 00 00 00 00 00 00 00 00 00 00 00 00 00 00 00 00 00 00 00 00 00 00 00 00 00 00
00 00 00 00 00 00 00 00 00 00 00 00 00 00 00 00 00 00 00 00 00 00 00 00 00 00 00 00 00 00 00 00
00 00 00 00 00 00 00 00 00 00 00 00 00 00 00 00 00 00 00 00 00 00 00 00 00 00 00 00 00 00 00 00
00 00 00 00 00 00 00 00 00 00 00 00 00 00 00 00 00 00 00 00 00 00 00 00 00 00 00 00 00 00 00 00
00 00 00 00 00 00 00 00 00 00 00 00 00 00 00 00 00 00 00 00 00 00 00 00 00 00 00 00 00 00 00 00
00 00 00 00 00 00 00 00 00 00 00 00 00 00 00 00 00 00 00 00 00 00 00 00 00 00 00 00 00 00 00 00
00 00 00 00 00 00 00 00 00 00 00 00 00 00 00 00 00 00 00 00 00 00 00 00 00 00 00 00 00 00 80 3F
00 00 80 3F 00 00 80 3F 00 00 E0 3F CD CC 4C 40 AB AA AA 40 25 49 02 41 00 00 3A 41 39 8E 8B 41
9A 99 CD 41 00 00 20 42 9A 99 79 42 66 66 BD 42 66 66 0A 43 00 00 48 43 00 40 8D 43 33 73 C2 43
CD 8C 02 44 CD 0C 2D 44 66 C6 61 44 9A 99 8F 44 CD FC B3 44 00 F0 DC 44 00 50 05 45 66 76 1D 45
66 B6 37 45 66 36 52 45 00 D0 6C 45 9A F1 82 45 9A 91 8E 45 00 F8 98 45 00 38 A1 45 CD 14 A7 45
CD 08 AA 45 CD 08 AA 45 33 AF A6 45 33 2F A0 45 00 BC 96 45 00 BC 8A 45 33 83 78 45 33 5B 58 45
33 83 36 45 33 CB 14 45 66 96 EA 44 CD FC B3 44 33 E3 87 44 66 26 58 44 9A 39 43 44 CD 6C 56 44
00 10 8B 44 00 10 C2 44 00 C8 07 45 00 C8 38 45 00 60 72 45 66 F6 99 45 CD 08 BD 45 CD BC E1 45
33 23 03 46 00 0A 15 46 66 88 25 46 33 8F 33 46 66 10 3F 46 66 B6 47 46 9A E9 4C 46 9A 8F 4E 46
9A E9 4C 46 66 5C 47 46 00 FE 3E 46 33 5F 33 46 33 A9 25 46 33 57 16 46 33 D7 05 46 9A 71 E9 45
9A C1 C7 45 33 EB A6 45 CD E0 87 45 66 2E 58 45 CD 74 26 45 CD 2C F9 44 00 E0 B2 44 00 C0 79 44
66 26 28 44 9A 19 DD 43 9A 59 93 43 9A 19 5B 43 66 E6 47 43 66 66 5C 43 CD CC 83 43 9A 59 9F 43
9A 19 BC 43 9A 19 D7 43 CD 8C EC 43 33 F3 FA 43 00 40 00 44 CD 8C FE 43 CD CC F4 43 66 26 E7 43
66 26 D4 43 CD CC BF 43 CD 0C A9 43 00 40 91 43 33 B3 75 43 33 B3 4B 43 9A 99 28 43 9A 19 08 43
9A 99 DD 42 9A 99 B1 42 9A 99 91 42 00 00 6E 42 00 00 4C 42 66 66 32 42 9A 99 25 42 9A 99 1F 42
9A 99 25 42 CD CC 30 42 CD CC 42 42 CD CC 54 42 66 66 6E 42 00 00 84 42 00 00 95 42 00 00 A6 42
66 66 B4 42 CD CC C2 42 33 33 CE 42 9A 99 D9 42 9A 99 E1 42 66 66 E5 42 66 66 E5 42 66 66 E5 42
66 66 DD 42 00 00 D2 42 9A 99 C6 42 33 33 B8 42 CD CC A9 42 CD CC 98 42 CD CC 87 42 00 00 76 42
00 00 58 42 00 00 3A 42 9A 99 23 42 00 00 14 42 66 66 04 42 9A 99 F5 41 66 66 E2 41 9A 99 D9 41
CD CC D0 41 00 00 C8 41 00 00 C8 41 00 00 C8 41 00 00 C8 41 00 00 C8 41 00 00 C8 41 00 00 C8 41
00 00 C8 41 00 00 C8 41 00 00 C8 41 00 00 C8 41 00 00 C8 41 CD CC C0 41 9A 99 B9 41 66 66 B2 41
9A 99 A5 41 CD CC 98 41 00 00 8C 41 66 66 76 41 CD CC 54 41 33 33 33 41 CD CC 0C 41 9A 99 E9 40
9A 99 B9 40 9A 99 89 40 00 00 60 40 CD CC 2C 40 33 33 F3 3F CD CC CC 3F 66 66 A6 3F 00 00 80 3F
66 66 A6 3F CD CC CC 3F 33 33 F3 3F CD CC 0C 40 00 00 20 40 33 33 53 40 33 33 83 40 CD CC 9C 40
66 66 B6 40 00 00 D0 40 00 00 E0 40 00 00 F0 40 00 00 00 41 00 00 08 41 00 00 08 41 00 00 00 41
00 00 F0 40 00 00 E0 40 66 66 C6 40 CD CC AC 40 00 00 A0 40 00 00 90 40 6E DB 76 40 DB B6 2D 40
25 49 12 40 DB B6 ED 3F 6E DB B6 3F 00 00 80 3F 00 00 80 3F 00 00 80 3F 00 00 80 3F 00 00 80 3F
00 00 80 3F 00 00 80 3F 00 00 80 3F 00 00 80 3F 00 00 80 3F 00 00 80 3F 00 00 80 3F 00 00 80 3F
6E DB B6 3F DB B6 ED 3F 25 49 12 40 B7 6D 5B 40 00 00 84 40 55 55 95 40 33 33 A3 40 CD CC BC 40
66 66 D6 40 00 00 F0 40 00 00 00 41 00 00 08 41 00 00 10 41 00 00 10 41 00 00 10 41 00 00 08 41
00 00 00 41 00 00 F0 40 00 00 E0 40 66 66 C6 40 CD CC AC 40 33 33 93 40 39 8E 83 40 00 00 60 40
DB B6 2D 40 25 49 12 40 DB B6 ED 3F 6E DB B6 3F 00 00 80 3F 00 00 80 3F 00 00 80 3F 00 00 80 3F
00 00 80 3F 00 00 80 3F 00 00 80 3F 00 00 80 3F 00 00 80 3F 00 00 80 3F 00 00 80 3F 00 00 80 3F
00 00 80 3F 00 00 80 3F 00 00 80 3F 00 00 80 3F 00 00 80 3F 00 00 80 3F 00 00 80 3F 00 00 80 3F
00 00 80 3F 00 00 80 3F 00 00 80 3F 00 00 80 3F 00 00 80 3F 00 00 80 3F 00 00 80 3F 00 00 80 3F
00 00 80 3F 00 00 80 3F 00 00 80 3F 00 00 80 3F 00 00 00 00 00 00 00 00 00 00 00 00 00 00 00 00
00 00 00 00 00 00 00 00 00 00 00 00 00 00 00 00 00 00 00 00 00 00 00 00 00 00 00 00 00 00 00 00
00 00 00 00 00 00 00 00 00 00 00 00 00 00 00 00 00 00 00 00 00 00 00 00 00 00 00 00 00 00 00 00
00 00 00 00 00 00 00 00 00 00 00 00 00 00 00 00 00 00 00 00 00 00 00 00 00 00 00 00 00 00 00 00
00 00 00 00 00 00 00 00 00 00 00 00 00 00 00 00 00 00 00 00 00 00 00 00 00 00 00 00 00 00 00 00
00 00 00 00 00 00 00 00 00 00 00 00 00 00 00 00 00 00 00 00 00 00 00 00 00 00 00 00 00 00 00 00
00 00 00 00 00 00 00 00 00 00 00 00 00 00 00 00 00 00 00 00 00 00 00 00 00 00 00 00 00 00 00 00
00 00 00 00 00 00 00 00 00 00 00 00 00 00 00 00 00 00 00 00 00 00 00 00 00 00 00 00 00 00 00 00
00 00 00 00 00 00 00 00 00 00 00 00 00 00 00 00 00 00 00 00 00 00 00 00 00 00 00 00 00 00 00 00
00 00 00 00 00 00 00 00 00 00 00 00 00 00 00 00 00 00 00 00 00 00 00 00 00 00 00 00 00 00 00 00
00 00 00 00 00 00 00 00 00 00 00 00 00 00 00 00 00 00 00 00 00 00 00 00 00 00 00 00 00 00 00 00
00 00 00 00 00 00 00 00 00 00 00 00 00 00 00 00 00 00 00 00 00 00 00 00 00 00 00 00 00 00 00 00
00 00 00 00 00 00 00 00 00 00 00 00 00 00 00 00 00 00 00 00 00 00 00 00 00 00 00 00 00 00 00 00
00 00 00 00 00 00 00 00 00 00 00 00 00 00 00 00 00 00 00 00 00 00 00 00 00 00 00 00 00 00 00 00
00 00 00 00 00 00 00 00 00 00 00 00 00 00 00 00 00 00 00 00 00 00 00 00 00 00 00 00 00 00 00 00
00 00 00 00 00 00 00 00 00 00 00 00 00 00 00 00 00 00 00 00 00 00 00 00 00 00 00 00 00 00 00 00
00 00 00 00 00 00 00 00 00 00 00 00 00 00 00 00 00 00 00 00 00 00 00 00 00 00 00 00 00 00 00 00
00 00 00 00 00 00 00 00 00 00 00 00 00 00 00 00 00 00 00 00 00 00 00 00 00 00 00 00 00 00 00 00
00 00 00 00 00 00 00 00 00 00 00 00 00 00 00 00 00 00 00 00 00 00 00 00 00 00 00 00 00 00 00 00
00 00 00 00 00 00 00 00 00 00 00 00 00 00 00 00 00 00 00 00 00 00 00 00 00 00 00 00 00 00 00 00
00 00 00 00 00 00 00 00 00 00 00 00 00 00 00 00 00 00 00 00 00 00 00 00 00 00 00 00 00 00 00 00
00 00 00 00 00 00 00 00 00 00 00 00 00 00 00 00 00 00 00 00 00 00 00 00 00 00 00 00 00 00 00 00
00 00 00 00 00 00 00 00 00 00 00 00 00 00 00 00 00 00 00 00 00 00 00 00 00 00 00 00 00 00 00 00
00 00 00 00 00 00 00 00 00 00 00 00 00 00 00 00 00 00 00 00 00 00 00 00 00 00 00 00 00 00 00 00
00 00 00 00 00 00 00 00 00 00 00 00 00 00 00 00 00 00 00 00 00 00 00 00 00 00 00 00 00 00 00 00
00 00 00 00 00 00 00 00 00 00 00 00 00 00 00 00 00 00 00 00 00 00 00 00 00 00 80 3F 00 00 80 3F
00 00 80 3F 00 00 80 3F 00 00 80 3F 00 00 80 3F 00 00 80 3F 00 00 80 3F 00 00 80 3F 00 00 80 3F
00 00 80 3F 00 00 80 3F 00 00 80 3F 00 00 80 3F 00 00 80 3F 00 00 80 3F 00 00 80 3F 00 00 80 3F
00 00 80 3F 00 00 80 3F 00 00 80 3F 00 00 80 3F 00 00 80 3F 00 00 80 3F 00 00 80 3F 00 00 80 3F
6E DB B6 3F 49 92 24 40 00 00 C0 40 00 00 30 41 00 00 A0 41 49 92 14 42 00 80 56 42 E4 38 98 42
00 00 D9 42 00 00 26 43 00 00 74 43 00 C0 AC 43 CD 4C EC 43 66 46 1F 44 33 93 52 44 66 06 87 44
9A B9 AA 44 9A 09 D3 44 66 A6 FF 44 00 48 18 45 9A 01 32 45 9A E9 4C 45 00 F8 67 45 00 C8 80 45
66 B2 8C 45 9A 69 97 45 66 02 A0 45 66 3E A6 45 00 98 A9 45 00 98 A9 45 33 AF A6 45 33 8B A0 45
66 6A 97 45 9A B1 8B 45 33 E3 7A 45 66 16 5B 45 CD 7C 39 45 CD 04 18 45 9A 09 F1 44 9A B9 B9 44
00 A0 8C 44 CD 2C 5A 44 9A 99 3C 44 00 00 46 44 CD CC 7A 44 00 B0 AC 44 CD CC F1 44 66 5E 26 45
33 6B 5C 45 66 42 8D 45 66 3E AF 45 66 1E D3 45 66 FA F6 45 66 20 0D 46 66 D0 1D 46 33 B7 2C 46
33 35 39 46 33 AD 42 46 33 1D 49 46 9A 0D 4C 46 9A 65 4B 46 CD 26 47 46 00 12 40 46 66 F8 35 46
9A 1B 29 46 9A 6B 1A 46 66 7A 0A 46 33 5B F3 45 CD 80 D1 45 CD 6C B0 45 33 13 91 45 00 A0 68 45
00 C8 34 45 9A D9 07 45 AB 8A DB 44 8E C3 99 44 C7 F1 4E 44 1C 47 09 44 00 00 B9 43 E4 38 87 43
72 1C 6D 43 55 55 80 43 AB AA 99 43 8E 63 BA 43 00 00 C7 43 CD 8C E2 43 00 00 F8 43 33 33 03 44
9A 19 05 44 00 20 04 44 00 80 FE 43 00 80 EE 43 CD 0C D9 43 00 00 C1 43 CD CC A7 43 00 00 90 43
33 33 73 43 33 33 49 43 9A 19 26 43 9A 99 05 43 9A 99 D8 42 9A 99 AC 42 9A 99 8C 42 00 00 6E 42
00 00 4C 42 9A 99 37 42 CD CC 2A 42 CD CC 24 42 CD CC 2A 42 CD CC 3C 42 CD CC 4E 42 66 66 68 42
00 00 81 42 CD CC 8D 42 CD CC 9E 42 33 33 AD 42 9A 99 BB 42 00 00 CA 42 66 66 D5 42 66 66 DD 42
33 33 E1 42 33 33 E1 42 33 33 E1 42 66 66 DD 42 66 66 D5 42 00 00 CA 42 9A 99 BE 42 33 33 B0 42
CD CC A1 42 66 66 93 42 9A 99 86 42 9A 99 73 42 00 00 5A 42 9A 99 43 42 33 33 2D 42 9A 99 1D 42
00 00 0E 42 66 66 04 42 9A 99 F5 41 66 66 E2 41 9A 99 D9 41 CD CC D0 41 00 00 C8 41 00 00 C8 41
00 00 C8 41 00 00 C8 41 00 00 C8 41 00 00 C8 41 00 00 C8 41 00 00 C8 41 00 00 C8 41 00 00 C8 41
CD CC C0 41 9A 99 B9 41 66 66 B2 41 33 33 AB 41 66 66 9E 41 9A 99 91 41 CD CC 84 41 00 00 68 41
66 66 46 41 CD CC 24 41 9A 99 11 41 33 33 F3 40 33 33 C3 40 33 33 93 40 33 33 73 40 00 00 40 40
CD CC 0C 40 33 33 F3 3F CD CC CC 3F 66 66 A6 3F 66 66 A6 3F CD CC CC 3F 33 33 F3 3F CD CC 0C 40
00 00 20 40 33 33 33 40 66 66 66 40 CD CC 8C 40 66 66 A6 40 00 00 C0 40 00 00 D0 40 00 00 E0 40
00 00 F0 40 00 00 00 41 00 00 00 41 00 00 00 41 00 00 F0 40 00 00 E0 40 66 66 C6 40 CD CC AC 40
33 33 93 40 39 8E 83 40 00 00 60 40 DB B6 2D 40 25 49 12 40 DB B6 ED 3F 6E DB B6 3F 00 00 80 3F
00 00 80 3F 00 00 80 3F 00 00 80 3F 00 00 80 3F 00 00 80 3F 00 00 80 3F 00 00 80 3F 00 00 80 3F
00 00 80 3F 00 00 80 3F 00 00 80 3F 00 00 80 3F 00 00 80 3F 00 00 80 3F 6E DB B6 3F DB B6 ED 3F
25 49 12 40 B7 6D 5B 40 00 00 84 40 55 55 95 40 33 33 A3 40 CD CC BC 40 66 66 D6 40 00 00 F0 40
00 00 00 41 00 00 08 41 00 00 10 41 00 00 10 41 00 00 10 41 00 00 10 41 00 00 08 41 00 00 00 41
00 00 F0 40 00 00 E0 40 66 66 C6 40 CD CC AC 40 33 33 93 40 39 8E 83 40 00 00 60 40 DB B6 2D 40
25 49 12 40 DB B6 ED 3F 6E DB B6 3F 00 00 80 3F 00 00 80 3F 00 00 80 3F 00 00 80 3F 00 00 80 3F
00 00 80 3F 00 00 80 3F 00 00 80 3F 00 00 80 3F 00 00 80 3F 00 00 80 3F 00 00 80 3F 00 00 80 3F
00 00 80 3F 00 00 80 3F 00 00 80 3F 00 00 80 3F 00 00 80 3F 00 00 80 3F 00 00 80 3F 00 00 80 3F
00 00 80 3F 00 00 80 3F 00 00 80 3F 00 00 80 3F 00 00 80 3F 00 00 80 3F 00 00 80 3F 00 00 80 3F
00 00 80 3F 00 00 80 3F 00 00 80 3F 00 00 80 3F 00 00 80 3F 00 00 80 3F 00 00 80 3F 00 00 80 3F
00 00 80 3F 00 00 80 3F 00 00 80 3F 00 00 80 3F 00 00 80 3F 00 00 80 3F 00 00 80 3F 00 00 80 3F
00 00 80 3F 00 00 00 00 00 00 00 00 00 00 00 00 00 00 00 00 00 00 00 00 00 00 00 00 00 00 00 00
00 00 00 00 00 00 00 00 00 00 00 00 00 00 00 00 00 00 00 00 00 00 00 00 00 00 00 00 00 00 00 00
00 00 00 00 00 00 00 00 00 00 00 00 00 00 00 00 00 00 00 00 00 00 00 00 00 00 00 00 00 00 00 00
00 00 00 00 00 00 00 00 00 00 00 00 00 00 00 00 00 00 00 00 00 00 00 00 00 00 00 00 00 00 00 00
00 00 00 00 00 00 00 00 00 00 00 00 00 00 00 00 00 00 00 00 00 00 00 00 00 00 00 00 00 00 00 00
00 00 00 00 00 00 00 00 00 00 00 00 00 00 00 00 00 00 00 00 00 00 00 00 00 00 00 00 00 00 00 00
00 00 00 00 00 00 00 00 00 00 00 00 00 00 00 00 00 00 00 00 00 00 00 00 00 00 00 00 00 00 00 00
00 00 00 00 00 00 00 00 00 00 00 00 00 00 00 00 00 00 00 00 00 00 00 00 00 00 00 00 00 00 00 00
00 00 00 00 00 00 00 00 00 00 00 00 00 00 00 00 00 00 00 00 00 00 00 00 00 00 00 00 00 00 00 00
00 00 00 00 00 00 00 00 00 00 00 00 00 00 00 00 00 00 00 00 00 00 00 00 00 00 00 00 00 00 00 00
00 00 00 00 00 00 00 00 00 00 00 00 00 00 00 00 00 00 00 00 00 00 00 00 00 00 00 00 00 00 00 00
00 00 00 00 00 00 00 00 00 00 00 00 00 00 00 00 00 00 00 00 00 00 00 00 00 00 00 00 00 00 00 00
00 00 00 00 00 00 00 00 00 00 00 00 00 00 00 00 00 00 00 00 00 00 00 00 00 00 00 00 00 00 00 00
00 00 00 00 00 00 00 00 00 00 00 00 00 00 00 00 00 00 00 00 00 00 00 00 00 00 00 00 00 00 00 00
00 00 00 00 00 00 00 00 00 00 00 00 00 00 00 00 00 00 00 00 00 00 00 00 00 00 00 00 00 00 00 00
00 00 00 00 00 00 00 00 00 00 00 00 00 00 00 00 00 00 00 00 00 00 00 00 00 00 00 00 00 00 00 00
00 00 00 00 00 00 00 00 00 00 00 00 00 00 00 00 00 00 00 00 00 00 00 00 00 00 00 00 00 00 00 00
00 00 00 00 00 00 00 00 00 00 00 00 00 00 00 00 00 00 00 00 00 00 00 00 00 00 00 00 00 00 00 00
00 00 00 00 00 00 00 00 00 00 00 00 00 00 00 00 00 00 00 00 00 00 00 00 00 00 00 00 00 00 00 00
00 00 00 00 00 00 00 00 00 00 00 00 00 00 00 00 00 00 00 00 00 00 00 00 00 00 00 00 00 00 00 00
00 00 00 00 00 00 00 00 00 00 00 00 00 00 00 00 00 00 00 00 00 00 00 00 00 00 00 00 00 00 00 00
00 00 00 00 00 00 00 00 00 00 00 00 00 00 00 00 00 00 00 00 00 00 00 00 00 00 00 00 00 00 00 00
00 00 00 00 00 00 00 00 00 00 00 00 00 00 00 00 00 00 00 00 00 00 00 00 00 00 00 00 00 00 00 00
00 00 00 00 00 00 00 00 00 00 00 00 00 00 00 00 00 00 00 00 00 00 00 00 00 00 00 00 00 00 00 00
00 00 00 00 00 00 00 00 00 00 00 00 00 00 00 00 00 00 00 00 00 00 00 00 00 00 00 00 00 00 00 00
00 00 00 00 00 00 00 00 00 00 00 00 00 00 00 00 00 00 00 00 00 00 00 00 00 00 00 00 00 00 00 00
00 00 80 3F 00 00 80 3F 00 00 00 40 00 00 20 40 33 33 73 40 AB AA BA 40 92 24 09 41 00 00 5A 41
1C C7 99 41 66 66 DA 41 66 66 30 42 33 33 8B 42 9A 99 D2 42 CD 4C 19 43 00 00 5C 43 33 33 9A 43
33 33 D6 43 66 E6 0F 44 33 B3 3E 44 CD CC 75 44 66 E6 9B 44 00 C0 C2 44 9A 49 EE 44 00 58 0F 45
00 E0 28 45 66 8E 44 45 66 0E 60 45 33 9B 7B 45 00 C4 8A 45 00 94 96 45 00 D0 A0 45 9A 59 A8 45
33 73 AD 45 33 97 AF 45 9A BD AE 45 9A 19 AA 45 66 52 A2 45 00 4C 97 45 9A 89 89 45 33 DB 73 45
66 6E 51 45 CD BC 2E 45 33 AB 0C 45 33 A3 DA 44 9A B9 A5 44 00 40 7C 44 33 13 50 44 66 A6 4D 44
9A B9 77 44 CD 0C A8 44 66 F6 EA 44 CD 4C 22 45 66 5E 59 45 00 7C 8C 45 66 22 B0 45 CD EC D5 45
CD 6C FC 45 33 BD 10 46 00 5C 22 46 CD 02 32 46 33 3F 3F 46 66 72 49 46 00 4E 50 46 00 9E 53 46
CD F2 52 46 33 9F 4E 46 33 BF 46 46 33 2D 3C 46 66 CE 2E 46 00 96 1F 46 66 E6 0E 46 CD 10 FB 45
9A C9 D7 45 9A 55 B5 45 00 AC 94 45 00 58 6D 45 00 58 38 45 CD 6C 0A 45 00 D0 C8 44 33 C3 8B 44
66 86 3C 44 CD 0C F5 43 CD 0C A1 43 9A 99 64 43 CD 4C 42 43 33 B3 4A 43 33 B3 6E 43 9A 59 8F 43
00 C0 A9 43 66 66 C3 43 CD 8C D7 43 66 26 E5 43 9A 59 EC 43 9A 59 EC 43 00 C0 E4 43 9A 59 D9 43
33 B3 C8 43 33 B3 B6 43 33 73 A3 43 00 00 8E 43 33 B3 73 43 33 B3 4F 43 9A 19 2E 43 66 E6 0E 43
CD CC ED 42 66 66 C4 42 00 00 A7 42 00 00 8F 42 00 00 78 42 9A 99 63 42 CD CC 56 42 00 00 50 42
00 00 50 42 CD CC 5C 42 9A 99 69 42 66 66 76 42 66 66 85 42 9A 99 8F 42 CD CC 99 42 33 33 A8 42
9A 99 B6 42 00 00 C2 42 66 66 CD 42 33 33 D1 42 00 00 D5 42 CD CC D8 42 CD CC D8 42 00 00 D5 42
33 33 D1 42 33 33 C9 42 CD CC BD 42 66 66 B2 42 00 00 A4 42 CD CC 99 42 9A 99 8F 42 CD CC 82 42
00 00 6C 42 00 00 5A 42 9A 99 43 42 33 33 2D 42 9A 99 1D 42 00 00 0E 42 66 66 04 42 9A 99 F5 41
66 66 E2 41 9A 99 D9 41 CD CC D0 41 00 00 C8 41 00 00 C8 41 00 00 C8 41 00 00 C8 41 00 00 C8 41
00 00 C8 41 00 00 C8 41 00 00 C8 41 CD CC C0 41 9A 99 B9 41 66 66 B2 41 33 33 AB 41 00 00 A4 41
33 33 97 41 66 66 8A 41 33 33 7B 41 9A 99 61 41 00 00 40 41 CD CC 2C 41 9A 99 19 41 66 66 06 41
66 66 E6 40 66 66 B6 40 CD CC 9C 40 33 33 83 40 33 33 53 40 00 00 20 40 00 00 20 40 00 00 20 40
00 00 20 40 00 00 20 40 00 00 20 40 33 33 33 40 66 66 46 40 9A 99 79 40 66 66 96 40 00 00 B0 40
00 00 C0 40 00 00 D0 40 00 00 E0 40 00 00 F0 40 00 00 00 41 00 00 00 41 00 00 00 41 00 00 F0 40
00 00 E0 40 66 66 C6 40 CD CC AC 40 33 33 93 40 39 8E 83 40 00 00 60 40 DB B6 2D 40 00 00 20 40
00 00 00 40 00 00 C0 3F 00 00 80 3F 00 00 80 3F 00 00 80 3F 00 00 80 3F 00 00 80 3F 00 00 80 3F
00 00 80 3F 00 00 80 3F 00 00 80 3F 00 00 80 3F 00 00 80 3F 00 00 80 3F 00 00 80 3F 00 00 80 3F
00 00 80 3F 6E DB B6 3F DB B6 ED 3F 25 49 12 40 B7 6D 5B 40 00 00 84 40 55 55 95 40 33 33 A3 40
CD CC BC 40 66 66 D6 40 00 00 F0 40 00 00 00 41 00 00 08 41 00 00 10 41 00 00 10 41 00 00 10 41
00 00 08 41 00 00 00 41 00 00 F0 40 00 00 E0 40 66 66 C6 40 CD CC AC 40 33 33 93 40 39 8E 83 40
00 00 60 40 DB B6 2D 40 25 49 12 40 DB B6 ED 3F 6E DB B6 3F 00 00 80 3F 00 00 80 3F 00 00 80 3F
00 00 80 3F 00 00 80 3F 00 00 80 3F 00 00 80 3F 00 00 80 3F 00 00 80 3F 00 00 80 3F 00 00 80 3F
00 00 80 3F 00 00 80 3F 00 00 80 3F 00 00 80 3F 00 00 80 3F 00 00 80 3F 00 00 80 3F 00 00 80 3F
00 00 80 3F 00 00 80 3F 00 00 80 3F 00 00 80 3F 00 00 80 3F 00 00 80 3F 00 00 80 3F 00 00 80 3F
00 00 80 3F 00 00 80 3F 00 00 80 3F 00 00 80 3F 00 00 80 3F 00 00 00 00 00 00 00 00 00 00 00 00
00 00 00 00 00 00 00 00 00 00 00 00 00 00 00 00 00 00 00 00 00 00 00 00 00 00 00 00 00 00 00 00
00 00 00 00 00 00 00 00 00 00 00 00 00 00 00 00 00 00 00 00 00 00 00 00 00 00 00 00 00 00 00 00
00 00 00 00 00 00 00 00 00 00 00 00 00 00 00 00 00 00 00 00 00 00 00 00 00 00 00 00 00 00 00 00
00 00 00 00 00 00 00 00 00 00 00 00 00 00 00 00 00 00 00 00 00 00 00 00 00 00 00 00 00 00 00 00
00 00 00 00 00 00 00 00 00 00 00 00 00 00 00 00 00 00 00 00 00 00 00 00 00 00 00 00 00 00 00 00
00 00 00 00 00 00 00 00 00 00 00 00 00 00 00 00 00 00 00 00 00 00 00 00 00 00 00 00 00 00 00 00
00 00 00 00 00 00 00 00 00 00 00 00 00 00 00 00 00 00 00 00 00 00 00 00 00 00 00 00 00 00 00 00
00 00 00 00 00 00 00 00 00 00 00 00 00 00 00 00 00 00 00 00 00 00 00 00 00 00 00 00 00 00 00 00
00 00 00 00 00 00 00 00 00 00 00 00 00 00 00 00 00 00 00 00 00 00 00 00 00 00 00 00 00 00 00 00
00 00 00 00 00 00 00 00 00 00 00 00 00 00 00 00 00 00 00 00 00 00 00 00 00 00 00 00 00 00 00 00
00 00 00 00 00 00 00 00 00 00 00 00 00 00 00 00 00 00 00 00 00 00 00 00 00 00 00 00 00 00 00 00
00 00 00 00 00 00 00 00 00 00 00 00 00 00 00 00 00 00 00 00 00 00 00 00 00 00 00 00 00 00 00 00
00 00 00 00 00 00 00 00 00 00 00 00 00 00 00 00 00 00 00 00 00 00 00 00 00 00 00 00 00 00 00 00
00 00 00 00 00 00 00 00 00 00 00 00 00 00 00 00 00 00 00 00 00 00 00 00 00 00 00 00 00 00 00 00
00 00 00 00 00 00 00 00 00 00 00 00 00 00 00 00 00 00 00 00 00 00 00 00 00 00 00 00 00 00 00 00
00 00 00 00 00 00 00 00 00 00 00 00 00 00 00 00 00 00 00 00 00 00 00 00 00 00 00 00 00 00 00 00
00 00 00 00 00 00 00 00 00 00 00 00 00 00 00 00 00 00 00 00 00 00 00 00 00 00 00 00 00 00 00 00
00 00 00 00 00 00 00 00 00 00 00 00 00 00 00 00 00 00 00 00 00 00 00 00 00 00 00 00 00 00 00 00
00 00 00 00 00 00 00 00 00 00 00 00 00 00 00 00 00 00 00 00 00 00 00 00 00 00 00 00 00 00 00 00
00 00 00 00 00 00 00 00 00 00 00 00 00 00 00 00 00 00 00 00 00 00 00 00 00 00 00 00 00 00 00 00
00 00 00 00 00 00 00 00 00 00 00 00 00 00 00 00 00 00 00 00 00 00 00 00 00 00 00 00 00 00 00 00
00 00 00 00 00 00 00 00 00 00 00 00 00 00 00 00 00 00 00 00 00 00 00 00 00 00 00 00 00 00 00 00
00 00 00 00 00 00 00 00 00 00 00 00 00 00 00 00 00 00 00 00 00 00 80 3F 00 00 80 3F 00 00 80 3F
00 00 80 3F 00 00 80 3F 00 00 80 3F 00 00 80 3F 00 00 80 3F 00 00 80 3F 00 00 80 3F 00 00 80 3F
00 00 80 3F 00 00 80 3F 00 00 80 3F 00 00 80 3F 00 00 80 3F 00 00 80 3F 00 00 80 3F 00 00 80 3F
00 00 00 00 00 00 00 00 00 00 00 00 00 00 00 00 00 00 00 00 00 00 00 00 00 00 00 00 00 00 00 00
00 00 00 00 00 00 00 00 00 00 00 00 00 00 00 00 00 00 00 00 00 00 00 00 00 00 00 00 00 00 00 00
00 00 00 00 00 00 00 00 00 00 00 00 00 00 00 00 00 00 00 00 00 00 80 3F 00 00 80 3F 00 00 00 40
00 00 20 40 33 33 73 40 AB AA EA 40 6E DB 36 41 00 00 90 41 8E E3 D8 41 33 33 1B 42 CD CC 74 42
00 00 BB 42 33 33 09 43 CD 4C 47 43 00 40 8D 43 33 73 C2 43 CD 8C 02 44 CD 0C 2D 44 66 C6 61 44
9A 99 8F 44 CD FC B3 44 00 F0 DC 44 00 50 05 45 66 4E 1E 45 66 8E 38 45 66 0E 53 45 00 A8 6D 45
00 D8 83 45 00 78 8F 45 66 DE 99 45 66 1E A2 45 33 FB A7 45 33 EF AA 45 33 83 AA 45 9A 29 A7 45
9A A9 A0 45 66 36 97 45 66 76 8A 45 00 F8 77 45 00 78 57 45 CD 64 35 45 9A 91 13 45 CD 2C E8 44
CD 2C B2 44 CD 2C 87 44 66 06 5A 44 66 66 49 44 CD CC 66 44 33 03 98 44 9A 59 D3 44 CD B4 12 45
00 10 46 45 00 08 81 45 CD F4 A2 45 9A 1D C7 45 9A 1D EC 45 00 6C 08 46 66 D2 19 46 66 B8 29 46
66 4A 37 46 66 48 42 46 00 02 4A 46 CD 40 4E 46 33 95 4E 46 33 4D 4B 46 33 CD 44 46 00 F8 3A 46
00 98 2E 46 66 F8 1F 46 9A D9 0F 46 CD 4C FD 45 9A 95 DA 45 00 5C B8 45 33 0F 98 45 CD A4 74 45
33 D3 3E 45 00 00 11 45 9A 19 D4 44 33 33 95 44 66 86 4B 44 66 A6 05 44 00 C0 AC 43 00 80 6D 43
9A 99 37 43 CD 4C 33 43 33 33 4D 43 33 33 77 43 9A 59 93 43 9A 19 AB 43 33 B3 BE 43 66 A6 CC 43
33 73 D3 43 33 33 D5 43 9A 99 D1 43 CD CC C6 43 66 66 B8 43 66 A6 A8 43 66 A6 97 43 00 80 85 43
66 E6 68 43 00 00 49 43 CD 4C 2B 43 CD 4C 11 43 9A 99 F2 42 66 66 CF 42 00 00 B2 42 00 00 9A 42
00 00 87 42 33 33 77 42 CD CC 68 42 00 00 62 42 00 00 62 42 CD CC 68 42 9A 99 75 42 33 33 81 42
66 66 8B 42 9A 99 95 42 CD CC 9F 42 00 00 A7 42 33 33 AE 42 66 66 B5 42 9A 99 BC 42 66 66 C0 42
33 33 C4 42 33 33 C4 42 66 66 C0 42 9A 99 BC 42 66 66 B5 42 33 33 AE 42 00 00 A7 42 CD CC 9C 42
9A 99 92 42 66 66 88 42 33 33 77 42 33 33 65 42 33 33 53 42 33 33 41 42 00 00 36 42 CD CC 2A 42
9A 99 1F 42 00 00 16 42 66 66 0C 42 CD CC 02 42 CD CC FC 41 00 00 F4 41 33 33 EB 41 66 66 E2 41
9A 99 D9 41 CD CC D0 41 00 00 C8 41 00 00 C8 41 00 00 C8 41 00 00 C8 41 00 00 C8 41 00 00 C8 41
CD CC C0 41 9A 99 B9 41 66 66 B2 41 33 33 AB 41 66 66 9E 41 9A 99 91 41 CD CC 84 41 00 00 70 41
66 66 4E 41 CD CC 2C 41 9A 99 19 41 66 66 06 41 66 66 E6 40 00 00 C0 40 66 66 A6 40 CD CC 8C 40
66 66 66 40 33 33 33 40 33 33 33 40 33 33 33 40 33 33 33 40 33 33 33 40 33 33 33 40 33 33 33 40
66 66 46 40 9A 99 59 40 66 66 86 40 00 00 A0 40 00 00 B0 40 00 00 C0 40 00 00 D0 40 00 00 E0 40
00 00 F0 40 00 00 00 41 00 00 00 41 00 00 00 41 00 00 F0 40 00 00 E0 40 66 66 C6 40 CD CC AC 40
33 33 93 40 39 8E 83 40 00 00 60 40 DB B6 2D 40 25 49 12 40 DB B6 ED 3F 6E DB B6 3F 00 00 80 3F
00 00 80 3F 00 00 80 3F 00 00 80 3F 00 00 80 3F 00 00 80 3F 00 00 80 3F 00 00 80 3F 00 00 80 3F
00 00 80 3F 00 00 80 3F 00 00 80 3F 00 00 80 3F 00 00 80 3F 6E DB B6 3F DB B6 ED 3F 25 49 12 40
B7 6D 5B 40 00 00 84 40 55 55 95 40 33 33 A3 40 CD CC BC 40 66 66 D6 40 00 00 F0 40 00 00 00 41
00 00 08 41 00 00 10 41 00 00 10 41 00 00 10 41 00 00 08 41 00 00 00 41 00 00 F0 40 66 66 D6 40
CD CC BC 40 33 33 A3 40 9A 99 89 40 1C C7 71 40 00 00 48 40 25 49 12 40 DB B6 ED 3F 6E DB B6 3F
00 00 80 3F 00 00 80 3F 00 00 80 3F 00 00 80 3F 00 00 80 3F 00 00 80 3F 00 00 80 3F 00 00 80 3F
00 00 80 3F 00 00 80 3F 00 00 80 3F 00 00 80 3F 00 00 80 3F 00 00 80 3F 00 00 80 3F 00 00 80 3F
00 00 80 3F 00 00 80 3F 00 00 80 3F 00 00 80 3F 00 00 80 3F 00 00 80 3F 00 00 80 3F 00 00 80 3F
00 00 80 3F 00 00 80 3F 00 00 80 3F 00 00 80 3F 00 00 80 3F 00 00 80 3F 00 00 80 3F 00 00 80 3F
00 00 80 3F 00 00 00 00 00 00 00 00 00 00 00 00 00 00 00 00 00 00 00 00 00 00 00 00 00 00 00 00
00 00 00 00 00 00 00 00 00 00 00 00 00 00 00 00 00 00 00 00 00 00 00 00 00 00 00 00 00 00 00 00
00 00 00 00 00 00 00 00 00 00 00 00 00 00 00 00 00 00 00 00 00 00 00 00 00 00 00 00 00 00 00 00
00 00 00 00 00 00 00 00 00 00 00 00 00 00 00 00 00 00 00 00 00 00 00 00 00 00 00 00 00 00 00 00
00 00 00 00 00 00 00 00 00 00 00 00 00 00 00 00 00 00 00 00 00 00 00 00 00 00 00 00 00 00 00 00
00 00 00 00 00 00 00 00 00 00 00 00 00 00 00 00 00 00 00 00 00 00 00 00 00 00 00 00 00 00 00 00
00 00 00 00 00 00 00 00 00 00 00 00 00 00 00 00 00 00 00 00 00 00 00 00 00 00 00 00 00 00 00 00
00 00 00 00 00 00 00 00 00 00 00 00 00 00 00 00 00 00 00 00 00 00 00 00 00 00 00 00 00 00 00 00
00 00 00 00 00 00 00 00 00 00 00 00 00 00 00 00 00 00 00 00 00 00 00 00 00 00 00 00 00 00 00 00
00 00 00 00 00 00 00 00 00 00 00 00 00 00 00 00 00 00 00 00 00 00 00 00 00 00 00 00 00 00 00 00
00 00 00 00 00 00 00 00 00 00 00 00 00 00 00 00 00 00 00 00 00 00 00 00 00 00 00 00 00 00 00 00
00 00 00 00 00 00 00 00 00 00 00 00 00 00 00 00 00 00 00 00 00 00 00 00 00 00 00 00 00 00 00 00
00 00 00 00 00 00 00 00 00 00 00 00 00 00 00 00 00 00 00 00 00 00 00 00 00 00 00 00 00 00 00 00
00 00 00 00 00 00 00 00 00 00 00 00 00 00 00 00 00 00 00 00 00 00 00 00 00 00 00 00 00 00 00 00
00 00 00 00 00 00 00 00 00 00 00 00 00 00 00 00 00 00 00 00 00 00 00 00 00 00 00 00 00 00 00 00
00 00 00 00 00 00 00 00 00 00 00 00 00 00 00 00 00 00 00 00 00 00 00 00 00 00 00 00 00 00 00 00
00 00 00 00 00 00 00 00 00 00 00 00 00 00 00 00 00 00 00 00 00 00 00 00 00 00 00 00 00 00 00 00
00 00 00 00 00 00 00 00 00 00 00 00 00 00 00 00 00 00 00 00 00 00 00 00 00 00 00 00 00 00 00 00
00 00 00 00 00 00 00 00 00 00 00 00 00 00 00 00 00 00 00 00 00 00 00 00 00 00 00 00 00 00 00 00
00 00 00 00 00 00 00 00 00 00 00 00 00 00 00 00 00 00 00 00 00 00 00 00 00 00 00 00 00 00 00 00
00 00 00 00 00 00 00 00 00 00 00 00 00 00 00 00 00 00 00 00 00 00 00 00 00 00 00 00 00 00 00 00
00 00 00 00 00 00 00 00 00 00 00 00 00 00 00 00 00 00 00 00 00 00 00 00 00 00 00 00 00 00 00 00
00 00 00 00 00 00 00 00 00 00 00 00 00 00 00 00 00 00 00 00 00 00 00 00 00 00 00 00 00 00 00 00
00 00 00 00 00 00 00 00 00 00 00 00 00 00 00 00 00 00 00 00 00 00 00 00 00 00 00 00 00 00 00 00
00 00 00 00 00 00 00 00 00 00 00 00 00 00 00 00 00 00 00 00 00 00 00 00 00 00 00 00 00 00 00 00
00 00 00 00 00 00 00 00 00 00 00 00 00 00 00 00 00 00 00 00 00 00 00 00 00 00 00 00 00 00 00 00
00 00 00 00 00 00 00 00 00 00 00 00 00 00 00 00 00 00 00 00 00 00 00 00 00 00 00 00 00 00 00 00
00 00 00 00 00 00 00 00 00 00 00 00 00 00 00 00 00 00 00 00 00 00 00 00 00 00 00 00 00 00 00 00
00 00 80 3F 00 00 80 3F 00 00 80 3F 00 00 E0 3F CD CC 0C 40 55 55 55 40 49 92 A4 40 00 00 10 41
72 1C 57 41 9A 99 A1 41 CD CC 00 42 CD CC 4E 42 00 00 A1 42 33 33 F0 42 CD 4C 31 43 CD 4C 79 43
CD 0C AF 43 CD 0C EE 43 33 D3 1F 44 CD 6C 50 44 33 F3 85 44 33 F3 A7 44 9A D9 CF 44 66 76 FC 44
00 B0 16 45 9A C1 30 45 9A A9 4B 45 00 B8 66 45 00 28 80 45 33 5B 8C 45 66 12 97 45 66 02 A0 45
66 3E A6 45 66 0A AA 45 66 76 AA 45 33 F3 A7 45 CD 2C A2 45 00 60 99 45 00 F0 8D 45 00 D8 7F 45
9A 69 60 45 9A 11 3F 45 66 BE 1D 45 CD BC FA 44 CD BC C1 44 66 96 92 44 CD 2C 63 44 9A F9 42 44
9A 19 4A 44 66 06 7D 44 66 C6 AE 44 00 50 F5 44 33 FB 27 45 66 2E 5F 45 CD 44 8F 45 CD 08 B2 45
33 9B D6 45 33 E7 FB 45 CD F4 0F 46 66 04 21 46 00 14 30 46 CD B2 3C 46 00 88 46 46 00 08 4D 46
9A FF 4F 46 66 02 4F 46 66 6A 4A 46 9A 9D 42 46 66 E2 37 46 00 A6 2A 46 9A 5F 1B 46 33 DF 0A 46
00 18 F3 45 66 42 D0 45 66 46 AE 45 CD C0 8E 45 CD BC 63 45 CD BC 2F 45 CD DC 03 45 39 AE D2 44
39 CE 92 44 8E 63 44 44 55 95 01 44 00 80 AC 43 55 55 7D 43 72 1C 62 43 1C C7 74 43 8E 63 92 43
8E 63 B0 43 CD 8C BB 43 00 C0 D4 43 33 F3 E7 43 33 33 F4 43 00 C0 F9 43 CD CC F7 43 CD 0C EE 43
66 66 E0 43 66 66 CD 43 CD 0C B9 43 CD 4C A2 43 9A D9 8C 43 66 66 71 43 33 B3 4B 43 9A 99 28 43
66 66 09 43 33 33 E0 42 33 33 B4 42 33 33 94 42 33 33 73 42 33 33 51 42 CD CC 3C 42 00 00 30 42
00 00 2A 42 00 00 30 42 00 00 36 42 00 00 48 42 00 00 5A 42 9A 99 73 42 9A 99 86 42 66 66 93 42
9A 99 9D 42 00 00 AC 42 66 66 BA 42 CD CC C5 42 00 00 CD 42 CD CC D0 42 9A 99 D4 42 9A 99 D4 42
CD CC D0 42 00 00 CD 42 33 33 C9 42 CD CC BD 42 66 66 B2 42 00 00 A4 42 CD CC 99 42 00 00 8D 42
33 33 80 42 CD CC 66 42 66 66 50 42 00 00 3A 42 9A 99 23 42 00 00 14 42 66 66 04 42 9A 99 F5 41
66 66 E2 41 9A 99 D9 41 CD CC D0 41 00 00 C8 41 00 00 C8 41 00 00 C8 41 00 00 C8 41 00 00 C8 41
00 00 C8 41 00 00 C8 41 00 00 C8 41 00 00 C8 41 00 00 C8 41 00 00 C8 41 CD CC C0 41 9A 99 B9 41
66 66 B2 41 33 33 AB 41 66 66 9E 41 9A 99 91 41 CD CC 84 41 00 00 68 41 66 66 46 41 CD CC 24 41
9A 99 11 41 33 33 F3 40 33 33 C3 40 33 33 93 40 33 33 73 40 00 00 40 40 CD CC 0C 40 33 33 F3 3F
CD CC CC 3F 66 66 A6 3F 66 66 A6 3F CD CC CC 3F 33 33 F3 3F CD CC 0C 40 00 00 20 40 33 33 53 40
33 33 83 40 CD CC 9C 40 66 66 B6 40 00 00 D0 40 00 00 E0 40 00 00 F0 40 00 00 00 41 00 00 08 41
00 00 08 41 00 00 00 41 00 00 F0 40 66 66 D6 40 CD CC BC 40 33 33 A3 40 55 55 95 40 00 00 84 40
B7 6D 5B 40 25 49 12 40 DB B6 ED 3F 6E DB B6 3F 00 00 80 3F 00 00 80 3F 00 00 80 3F 00 00 80 3F
00 00 80 3F 00 00 80 3F 00 00 80 3F 00 00 80 3F 00 00 80 3F 00 00 80 3F 00 00 80 3F 00 00 80 3F
00 00 80 3F 6E DB B6 3F DB B6 ED 3F 25 49 12 40 B7 6D 5B 40 25 49 92 40 00 00 A4 40 1C C7 B1 40
CD CC BC 40 CD CC EC 40 66 66 0E 41 9A 99 21 41 9A 99 29 41 9A 99 31 41 9A 99 31 41 9A 99 31 41
9A 99 29 41 9A 99 21 41 9A 99 19 41 9A 99 01 41 33 33 D3 40 33 33 A3 40 55 55 95 40 00 00 84 40
B7 6D 5B 40 00 00 20 40 00 00 00 40 00 00 C0 3F 00 00 80 3F 00 00 80 3F 00 00 80 3F 00 00 80 3F
00 00 80 3F 00 00 80 3F 00 00 80 3F 00 00 80 3F 00 00 80 3F 00 00 80 3F 00 00 80 3F 00 00 80 3F
00 00 80 3F 00 00 80 3F 00 00 80 3F 00 00 80 3F 00 00 80 3F 00 00 80 3F 00 00 80 3F 00 00 80 3F
00 00 80 3F 00 00 80 3F 00 00 80 3F 00 00 80 3F 00 00 80 3F 00 00 80 3F 00 00 80 3F 00 00 80 3F
00 00 80 3F 00 00 80 3F 00 00 80 3F 00 00 80 3F 00 00 00 00 00 00 00 00 00 00 00 00 00 00 00 00
00 00 00 00 00 00 00 00 00 00 00 00 00 00 00 00 00 00 00 00 00 00 00 00 00 00 00 00 00 00 00 00
00 00 00 00 00 00 00 00 00 00 00 00 00 00 00 00 00 00 00 00 00 00 00 00 00 00 00 00 00 00 00 00
00 00 00 00 00 00 00 00 00 00 00 00 00 00 00 00 00 00 00 00 00 00 00 00 00 00 00 00 00 00 00 00
00 00 00 00 00 00 00 00 00 00 00 00 00 00 00 00 00 00 00 00 00 00 00 00 00 00 00 00 00 00 00 00
00 00 00 00 00 00 00 00 00 00 00 00 00 00 00 00 00 00 00 00 00 00 00 00 00 00 00 00 00 00 00 00
00 00 00 00 00 00 00 00 00 00 00 00 00 00 00 00 00 00 00 00 00 00 00 00 00 00 00 00 00 00 00 00
00 00 00 00 00 00 00 00 00 00 00 00 00 00 00 00 00 00 00 00 00 00 00 00 00 00 00 00 00 00 00 00
00 00 00 00 00 00 00 00 00 00 00 00 00 00 00 00 00 00 00 00 00 00 00 00 00 00 00 00 00 00 00 00
00 00 00 00 00 00 00 00 00 00 00 00 00 00 00 00 00 00 00 00 00 00 00 00 00 00 00 00 00 00 00 00
00 00 00 00 00 00 00 00 00 00 00 00 00 00 00 00 00 00 00 00 00 00 00 00 00 00 00 00 00 00 00 00
00 00 00 00 00 00 00 00 00 00 00 00 00 00 00 00 00 00 00 00 00 00 00 00 00 00 00 00 00 00 00 00
00 00 00 00 00 00 00 00 00 00 00 00 00 00 00 00 00 00 00 00 00 00 00 00 00 00 00 00 00 00 00 00
00 00 00 00 00 00 00 00 00 00 00 00 00 00 00 00 00 00 00 00 00 00 00 00 00 00 00 00 00 00 00 00
00 00 00 00 00 00 00 00 00 00 00 00 00 00 00 00 00 00 00 00 00 00 00 00 00 00 00 00 00 00 00 00
00 00 00 00 00 00 00 00 00 00 00 00 00 00 00 00 00 00 00 00 00 00 00 00 00 00 00 00 00 00 00 00
00 00 00 00 00 00 00 00 00 00 00 00 00 00 00 00 00 00 00 00 00 00 00 00 00 00 00 00 00 00 00 00
00 00 00 00 00 00 00 00 00 00 00 00 00 00 00 00 00 00 00 00 00 00 00 00 00 00 00 00 00 00 00 00
00 00 00 00 00 00 00 00 00 00 00 00 00 00 00 00 00 00 00 00 00 00 00 00 00 00 00 00 00 00 00 00
00 00 00 00 00 00 00 00 00 00 00 00 00 00 00 00 00 00 00 00 00 00 00 00 00 00 00 00 00 00 00 00
00 00 00 00 00 00 00 00 00 00 00 00 00 00 00 00 00 00 00 00 00 00 00 00 00 00 00 00 00 00 00 00
00 00 00 00 00 00 00 00 00 00 00 00 00 00 00 00 00 00 00 00 00 00 00 00 00 00 00 00 00 00 00 00
00 00 00 00 00 00 00 00 00 00 00 00 00 00 00 00 00 00 00 00 00 00 00 00 00 00 00 00 00 00 00 00
00 00 00 00 00 00 00 00 00 00 00 00 00 00 00 00 00 00 00 00 00 00 00 00 00 00 00 00 00 00 00 00
00 00 00 00 00 00 00 00 00 00 00 00 00 00 00 00 00 00 00 00 00 00 00 00 00 00 00 00 00 00 00 00
00 00 00 00 00 00 00 00 00 00 00 00 00 00 00 00 00 00 00 00 00 00 00 00 00 00 00 00 00 00 00 00
00 00 00 00 00 00 00 00 00 00 00 00 00 00 00 00 00 00 00 00 00 00 00 00 00 00 00 00 00 00 00 00
00 00 00 00 00 00 00 00 00 00 00 00 00 00 00 00 00 00 00 00 00 00 00 00 00 00 00 00 00 00 00 00
00 00 00 00 00 00 00 00 00 00 00 00 00 00 00 00 00 00 80 3F 00 00 80 3F 00 00 80 3F 00 00 E0 3F
CD CC 0C 40 55 55 55 40 49 92 A4 40 00 00 F4 40 39 8E 43 41 CD CC 98 41 CD CC F8 41 9A 99 3F 42
CD CC 92 42 33 33 DA 42 9A 99 21 43 CD 4C 64 43 9A 59 9E 43 9A 59 DA 43 9A F9 11 44 9A 59 40 44
CD EC 76 44 66 76 9C 44 00 E0 C1 44 9A 69 ED 44 66 CE 0D 45 66 56 27 45 CD 1C 42 45 66 AE 5C 45
66 46 77 45 9A 1D 88 45 9A 71 93 45 9A 31 9D 45 66 9E A4 45 66 42 A9 45 66 5E AB 45 66 1A AA 45
00 88 A5 45 33 DF 9D 45 33 53 93 45 CD 0C 86 45 9A D9 6D 45 CD 64 4C 45 CD A4 2A 45 66 7E 09 45
CD 0C D6 44 9A 69 A2 44 33 B3 78 44 9A 79 4D 44 CD AC 48 44 00 E0 6F 44 00 70 A2 44 00 70 E3 44
00 78 1D 45 66 5E 53 45 33 DB 88 45 00 44 AB 45 00 A8 CF 45 33 EF F4 45 9A C5 0C 46 00 32 1E 46
CD 0E 2E 46 66 88 3B 46 00 00 46 46 66 26 4D 46 CD C6 50 46 CD C6 50 46 CD 76 4D 46 33 9B 46 46
33 AD 3C 46 9A ED 2F 46 9A ED 20 46 33 6F 10 46 00 78 FE 45 00 78 DB 45 66 3E B9 45 66 C2 98 45
CD 84 74 45 CD 84 3E 45 CD 9C 0F 45 9A 39 D1 44 9A 69 92 44 00 C0 46 44 33 13 02 44 33 B3 AB 43
