00 40 9C 46 00 40 9C 46 00 40 9C 46 00 40 9C 46 00 40 9C 46 00 40 9C 46 00 40 9C 46 00 40 9C 46
00 40 9C 46 00 40 9C 46 00 40 9C 46 00 40 9C 46 00 40 9C 46 00 40 9C 46 00 40 9C 46 00 40 9C 46
00 40 9C 46 00 40 9C 46 00 40 9C 46 00 40 9C 46 00 40 9C 46 00 40 9C 46 00 40 9C 46 00 40 9C 46
00 40 9C 46 00 40 9C 46 00 40 9C 46 00 40 9C 46 00 40 9C 46 00 40 9C 46 00 40 9C 46 00 40 9C 46
00 40 9C 46 00 40 9C 46 00 40 9C 46 00 40 9C 46 00 40 9C 46 00 40 9C 46 00 40 9C 46 00 40 9C 46
00 40 9C 46 00 40 9C 46 00 40 9C 46 00 40 9C 46 00 40 9C 46 00 40 9C 46 00 40 9C 46 00 40 9C 46
00 40 9C 46 00 40 9C 46 00 40 9C 46 00 40 9C 46 00 40 9C 46 00 40 9C 46 00 40 9C 46 00 40 9C 46
00 40 9C 46 00 40 9C 46 00 40 9C 46 00 40 9C 46 00 40 9C 46 00 40 9C 46 00 40 9C 46 00 40 9C 46
00 40 9C 46 00 40 9C 46 00 40 9C 46 00 40 9C 46 00 40 9C 46 00 40 9C 46 00 40 9C 46 00 40 9C 46
00 40 9C 46 00 40 9C 46 00 40 9C 46 00 40 9C 46 00 40 9C 46 00 40 9C 46 00 40 9C 46 00 40 9C 46
00 40 9C 46 00 40 9C 46 00 40 9C 46 00 40 9C 46 00 40 9C 46 00 40 9C 46 00 40 9C 46 00 40 9C 46
00 40 9C 46 00 40 9C 46 00 40 9C 46 00 40 9C 46 00 40 9C 46 00 40 9C 46 00 40 9C 46 00 40 9C 46
00 40 9C 46 00 40 9C 46 00 40 9C 46 00 40 9C 46 00 40 9C 46 00 40 9C 46 00 40 9C 46 00 40 9C 46
00 40 9C 46 00 40 9C 46 00 40 9C 46 00 40 9C 46 00 40 9C 46 00 40 9C 46 00 40 9C 46 00 40 9C 46
00 40 9C 46 00 40 9C 46 00 40 9C 46 00 40 9C 46 00 40 9C 46 00 40 9C 46 00 40 9C 46 00 40 9C 46
00 40 9C 46 00 40 9C 46 00 40 9C 46 00 40 9C 46 00 40 9C 46 00 40 9C 46 00 40 9C 46 00 40 9C 46
00 40 9C 46 00 40 9C 46 00 40 9C 46 00 40 9C 46 00 40 9C 46 00 40 9C 46 00 40 9C 46 00 40 9C 46
00 40 9C 46 00 40 9C 46 00 40 9C 46 00 40 9C 46 00 40 9C 46 00 40 9C 46 00 40 9C 46 00 40 9C 46
00 40 9C 46 00 40 9C 46 00 40 9C 46 00 40 9C 46 00 40 9C 46 00 40 9C 46 00 40 9C 46 00 40 9C 46
00 40 9C 46 00 40 9C 46 00 40 9C 46 00 40 9C 46 00 40 9C 46 00 40 9C 46 00 40 9C 46 00 40 9C 46
00 40 9C 46 00 40 9C 46 00 40 9C 46 00 40 9C 46 00 40 9C 46 00 40 9C 46 00 40 9C 46 00 40 9C 46
00 40 9C 46 00 40 9C 46 00 40 9C 46 00 40 9C 46 00 40 9C 46 00 40 9C 46 00 40 9C 46 00 40 9C 46
00 40 9C 46 00 40 9C 46 00 40 9C 46 00 40 9C 46 00 40 9C 46 00 40 9C 46 00 40 9C 46 00 40 9C 46
00 40 9C 46 00 40 9C 46 00 40 9C 46 00 40 9C 46 00 40 9C 46 00 40 9C 46 00 40 9C 46 00 40 9C 46
00 40 9C 46 00 40 9C 46 00 40 9C 46 00 40 9C 46 00 40 9C 46 00 40 9C 46 00 40 9C 46 00 40 9C 46
00 40 9C 46 00 40 9C 46 00 40 9C 46 00 40 9C 46 00 40 9C 46 00 40 9C 46 00 40 9C 46 00 40 9C 46
00 40 9C 46 00 40 9C 46 00 40 9C 46 00 40 9C 46 00 40 9C 46 00 40 9C 46 00 40 9C 46 00 40 9C 46
00 40 9C 46 00 40 9C 46 00 40 9C 46 00 40 9C 46 00 40 9C 46 00 40 9C 46 00 40 9C 46 00 40 9C 46
00 40 9C 46 00 40 9C 46 00 40 9C 46 00 40 9C 46 00 40 9C 46 00 40 9C 46 00 40 9C 46 00 40 9C 46
00 40 9C 46 00 40 9C 46 00 40 9C 46 00 40 9C 46 00 40 9C 46 00 40 9C 46 00 40 9C 46 00 40 9C 46
00 40 9C 46 00 40 9C 46 00 40 9C 46 00 40 9C 46 00 40 9C 46 00 40 9C 46 00 40 9C 46 00 40 9C 46
00 40 9C 46 00 40 9C 46 00 40 9C 46 00 40 9C 46 00 40 9C 46 00 40 9C 46 00 40 9C 46 00 40 9C 46
00 40 9C 46 00 40 9C 46 00 40 9C 46 00 40 9C 46 00 40 9C 46 00 40 9C 46 00 40 9C 46 00 40 9C 46
00 40 9C 46 00 40 9C 46 00 40 9C 46 00 40 9C 46 00 40 9C 46 00 40 9C 46 00 40 9C 46 00 40 9C 46
00 40 9C 46 00 40 9C 46 00 40 9C 46 00 40 9C 46 00 40 9C 46 00 40 9C 46 00 40 9C 46 00 40 9C 46
00 40 9C 46 00 40 9C 46 00 40 9C 46 00 40 9C 46 00 40 9C 46 00 40 9C 46 00 40 9C 46 00 40 9C 46
00 40 9C 46 00 40 9C 46 00 40 9C 46 00 40 9C 46 00 40 9C 46 00 40 9C 46 00 40 9C 46 00 40 9C 46
00 40 9C 46 00 40 9C 46 00 40 9C 46 00 40 9C 46 00 40 9C 46 00 40 9C 46 00 40 9C 46 00 40 9C 46
00 40 9C 46 00 40 9C 46 00 40 9C 46 00 40 9C 46 00 40 9C 46 00 40 9C 46 00 40 9C 46 00 40 9C 46
00 40 9C 46 00 40 9C 46 00 40 9C 46 00 40 9C 46 00 40 9C 46 00 40 9C 46 00 40 9C 46 00 40 9C 46
00 40 9C 46 00 40 9C 46 00 40 9C 46 00 40 9C 46 00 40 9C 46 00 40 9C 46 00 40 9C 46 00 40 9C 46
00 40 9C 46 00 40 9C 46 00 40 9C 46 00 40 9C 46 00 40 9C 46 00 40 9C 46 00 40 9C 46 00 40 9C 46
00 40 9C 46 00 40 9C 46 00 40 9C 46 00 40 9C 46 00 40 9C 46 00 40 9C 46 00 40 9C 46 00 40 9C 46
00 40 9C 46 00 40 9C 46 00 40 9C 46 00 40 9C 46 00 40 9C 46 00 40 9C 46 00 40 9C 46 00 40 9C 46
00 40 9C 46 00 40 9C 46 00 40 9C 46 00 40 9C 46 00 40 9C 46 00 40 9C 46 00 40 9C 46 00 40 9C 46
00 40 9C 46 00 40 9C 46 00 40 9C 46 00 40 9C 46 00 40 9C 46 00 40 9C 46 00 40 9C 46 00 40 9C 46
00 40 9C 46 00 40 9C 46 00 40 9C 46 00 40 9C 46 00 40 9C 46 00 40 9C 46 00 40 9C 46 00 40 9C 46
00 40 9C 46 00 40 9C 46 00 40 9C 46 00 40 9C 46 00 40 9C 46 00 40 9C 46 00 40 9C 46 00 40 9C 46
00 40 9C 46 00 40 9C 46 00 40 9C 46 00 40 9C 46 00 40 9C 46 00 40 9C 46 00 40 9C 46 00 40 9C 46
00 40 9C 46 00 40 9C 46 00 40 9C 46 00 40 9C 46 00 40 9C 46 00 40 9C 46 00 40 9C 46 00 40 9C 46
00 40 9C 46 00 40 9C 46 00 40 9C 46 00 40 9C 46 00 40 9C 46 00 40 9C 46 00 40 9C 46 00 40 9C 46
00 40 9C 46 00 40 9C 46 00 40 9C 46 00 40 9C 46 00 40 9C 46 00 40 9C 46 00 40 9C 46 00 40 9C 46
00 40 9C 46 00 40 9C 46 00 40 9C 46 00 40 9C 46 00 40 9C 46 00 40 9C 46 00 40 9C 46 00 40 9C 46
00 40 9C 46 00 40 9C 46 00 40 9C 46 00 40 9C 46 00 40 9C 46 00 40 9C 46 00 40 9C 46 00 40 9C 46
00 40 9C 46 00 40 9C 46 00 40 9C 46 00 40 9C 46 00 40 9C 46 00 40 9C 46 00 40 9C 46 00 40 9C 46
00 40 9C 46 00 40 9C 46 00 40 9C 46 00 40 9C 46 00 40 9C 46 00 40 9C 46 00 40 9C 46 00 40 9C 46
00 40 9C 46 00 40 9C 46 00 40 9C 46 00 40 9C 46 00 40 9C 46 00 40 9C 46 00 40 9C 46 00 40 9C 46
00 40 9C 46 00 40 9C 46 00 40 9C 46 00 40 9C 46 00 40 9C 46 00 40 9C 46 00 40 9C 46 00 40 9C 46
00 40 9C 46 00 40 9C 46 00 40 9C 46 00 40 9C 46 00 40 9C 46 00 40 9C 46 00 40 9C 46 00 40 9C 46
00 40 9C 46 00 40 9C 46 00 40 9C 46 00 40 9C 46 00 40 9C 46 00 40 9C 46 00 40 9C 46 00 40 9C 46
00 40 9C 46 00 40 9C 46 00 40 9C 46 00 40 9C 46 00 40 9C 46 00 40 9C 46 00 40 9C 46 00 40 9C 46
00 40 9C 46 00 40 9C 46 00 40 9C 46 00 40 9C 46 00 40 9C 46 00 40 9C 46 00 40 9C 46 00 40 9C 46
00 40 9C 46 00 40 9C 46 00 40 9C 46 00 40 9C 46 00 40 9C 46 00 40 9C 46 00 40 9C 46 00 40 9C 46
00 40 9C 46 00 40 9C 46 00 40 9C 46 00 40 9C 46 00 40 9C 46 00 40 9C 46 00 40 9C 46 00 40 9C 46
00 40 9C 46 00 40 9C 46 00 40 9C 46 00 40 9C 46 00 40 9C 46 00 40 9C 46 00 40 9C 46 00 40 9C 46
00 40 9C 46 00 40 9C 46 00 40 9C 46 00 40 9C 46 00 40 9C 46 00 40 9C 46 00 40 9C 46 00 40 9C 46
00 40 9C 46 00 40 9C 46 00 40 9C 46 00 40 9C 46 00 40 9C 46 00 40 9C 46 00 40 9C 46 00 40 9C 46
00 40 9C 46 00 40 9C 46 00 40 9C 46 00 40 9C 46 00 40 9C 46 00 40 9C 46 00 40 9C 46 00 40 9C 46
00 40 9C 46 00 40 9C 46 00 40 9C 46 00 40 9C 46 00 40 9C 46 00 40 9C 46 00 40 9C 46 00 40 9C 46
00 40 9C 46 00 40 9C 46 00 40 9C 46 00 40 9C 46 00 40 9C 46 00 40 9C 46 00 40 9C 46 00 40 9C 46
00 40 9C 46 00 40 9C 46 00 40 9C 46 00 40 9C 46 00 40 9C 46 00 40 9C 46 00 40 9C 46 00 40 9C 46
00 40 9C 46 00 40 9C 46 00 40 9C 46 00 40 9C 46 00 40 9C 46 00 40 9C 46 00 40 9C 46 00 40 9C 46
00 40 9C 46 00 40 9C 46 00 40 9C 46 00 40 9C 46 00 40 9C 46 00 40 9C 46 00 40 9C 46 00 40 9C 46
00 40 9C 46 00 40 9C 46 00 40 9C 46 00 40 9C 46 00 40 9C 46 00 40 9C 46 00 40 9C 46 00 40 9C 46
00 40 9C 46 00 40 9C 46 00 40 9C 46 00 40 9C 46 00 40 9C 46 00 40 9C 46 00 40 9C 46 00 40 9C 46
00 40 9C 46 00 40 9C 46 00 40 9C 46 00 40 9C 46 00 40 9C 46 00 40 9C 46 00 40 9C 46 00 40 9C 46
00 40 9C 46 00 40 9C 46 00 40 9C 46 00 40 9C 46 00 40 9C 46 00 40 9C 46 00 40 9C 46 00 40 9C 46
00 40 9C 46 00 40 9C 46 00 40 9C 46 00 40 9C 46 00 40 9C 46 00 40 9C 46 00 40 9C 46 00 40 9C 46
00 40 9C 46 00 40 9C 46 00 40 9C 46 00 40 9C 46 00 40 9C 46 00 40 9C 46 00 40 9C 46 00 40 9C 46
00 40 9C 46 00 40 9C 46 00 40 9C 46 00 40 9C 46 00 40 9C 46 00 40 9C 46 00 40 9C 46 00 40 9C 46
00 40 9C 46 00 40 9C 46 00 40 9C 46 00 40 9C 46 00 40 9C 46 00 40 9C 46 00 40 9C 46 00 40 9C 46
00 40 9C 46 00 40 9C 46 00 40 9C 46 00 40 9C 46 00 40 9C 46 00 40 9C 46 00 40 9C 46 00 40 9C 46
00 40 9C 46 00 40 9C 46 00 40 9C 46 00 40 9C 46 00 40 9C 46 00 40 9C 46 00 40 9C 46 00 40 9C 46
00 40 9C 46 00 40 9C 46 00 40 9C 46 00 40 9C 46 00 40 9C 46 00 40 9C 46 00 40 9C 46 00 40 9C 46
00 40 9C 46 00 40 9C 46 00 40 9C 46 00 40 9C 46 00 40 9C 46 00 40 9C 46 00 40 9C 46 00 40 9C 46
00 40 9C 46 00 40 9C 46 00 40 9C 46 00 40 9C 46 00 40 9C 46 00 40 9C 46 00 40 9C 46 00 40 9C 46
00 40 9C 46 00 40 9C 46 00 40 9C 46 00 40 9C 46 00 40 9C 46 00 40 9C 46 00 40 9C 46 00 40 9C 46
00 40 9C 46 00 40 9C 46 00 40 9C 46 00 40 9C 46 00 40 9C 46 00 40 9C 46 00 40 9C 46 00 40 9C 46
00 40 9C 46 00 40 9C 46 00 40 9C 46 00 40 9C 46 00 40 9C 46 00 40 9C 46 00 40 9C 46 00 40 9C 46
00 40 9C 46 00 40 9C 46 00 40 9C 46 00 40 9C 46 00 40 9C 46 00 40 9C 46 00 40 9C 46 00 40 9C 46
00 40 9C 46 00 40 9C 46 00 40 9C 46 00 40 9C 46 00 40 9C 46 00 40 9C 46 00 40 9C 46 00 40 9C 46
00 40 9C 46 00 40 9C 46 00 40 9C 46 00 40 9C 46 00 40 9C 46 00 40 9C 46 00 40 9C 46 00 40 9C 46
00 40 9C 46 00 40 9C 46 00 40 9C 46 00 40 9C 46 00 40 9C 46 00 40 9C 46 00 40 9C 46 00 40 9C 46
00 40 9C 46 00 40 9C 46 00 40 9C 46 00 40 9C 46 00 40 9C 46 00 40 9C 46 00 40 9C 46 00 40 9C 46
00 40 9C 46 00 40 9C 46 00 40 9C 46 00 40 9C 46 00 40 9C 46 00 40 9C 46 00 40 9C 46 00 40 9C 46
00 40 9C 46 00 40 9C 46 00 40 9C 46 00 40 9C 46 00 40 9C 46 00 40 9C 46 00 40 9C 46 00 40 9C 46
00 40 9C 46 00 40 9C 46 00 40 9C 46 00 40 9C 46 00 40 9C 46 00 40 9C 46 00 40 9C 46 00 40 9C 46
00 40 9C 46 00 40 9C 46 00 40 9C 46 00 40 9C 46 00 40 9C 46 00 40 9C 46 00 40 9C 46 00 40 9C 46
00 40 9C 46 00 40 9C 46 00 40 9C 46 00 40 9C 46 00 40 9C 46 00 40 9C 46 00 40 9C 46 00 40 9C 46
00 40 9C 46 00 40 9C 46 00 40 9C 46 00 40 9C 46 00 40 9C 46 00 40 9C 46 00 40 9C 46 00 40 9C 46
00 40 9C 46 00 40 9C 46 00 40 9C 46 00 40 9C 46 00 40 9C 46 00 40 9C 46 00 40 9C 46 00 40 9C 46
00 40 9C 46 00 40 9C 46 00 40 9C 46 00 40 9C 46 00 40 9C 46 00 40 9C 46 00 40 9C 46 00 40 9C 46
00 40 9C 46 00 40 9C 46 00 40 9C 46 00 40 9C 46 00 40 9C 46 00 40 9C 46 00 40 9C 46 00 40 9C 46
00 40 9C 46 00 40 9C 46 00 40 9C 46 00 40 9C 46 00 40 9C 46 00 40 9C 46 00 40 9C 46 00 40 9C 46
00 40 9C 46 00 40 9C 46 00 40 9C 46 00 40 9C 46 00 40 9C 46 00 40 9C 46 00 40 9C 46 00 40 9C 46
00 40 9C 46 00 40 9C 46 00 40 9C 46 00 40 9C 46 00 40 9C 46 00 40 9C 46 00 40 9C 46 00 40 9C 46
00 40 9C 46 00 40 9C 46 00 40 9C 46 00 40 9C 46 00 40 9C 46 00 40 9C 46 00 40 9C 46 00 40 9C 46
00 40 9C 46 00 40 9C 46 00 40 9C 46 00 40 9C 46 00 40 9C 46 00 40 9C 46 00 40 9C 46 00 40 9C 46
00 40 9C 46 00 40 9C 46 00 40 9C 46 00 40 9C 46 00 40 9C 46 00 40 9C 46 00 40 9C 46 00 40 9C 46
00 40 9C 46 00 40 9C 46 00 40 9C 46 00 40 9C 46 00 40 9C 46 00 40 9C 46 00 40 9C 46 00 40 9C 46
00 40 9C 46 00 40 9C 46 00 40 9C 46 00 40 9C 46 00 40 9C 46 00 40 9C 46 00 40 9C 46 00 40 9C 46
00 40 9C 46 00 40 9C 46 00 40 9C 46 00 40 9C 46 00 40 9C 46 00 40 9C 46 00 40 9C 46 00 40 9C 46
00 40 9C 46 00 40 9C 46 00 40 9C 46 00 40 9C 46 00 40 9C 46 00 40 9C 46 00 40 9C 46 00 40 9C 46
00 40 9C 46 00 40 9C 46 00 40 9C 46 00 40 9C 46 00 40 9C 46 00 40 9C 46 00 40 9C 46 00 40 9C 46
00 40 9C 46 00 40 9C 46 00 40 9C 46 00 40 9C 46 00 40 9C 46 00 40 9C 46 00 40 9C 46 00 40 9C 46
00 40 9C 46 00 40 9C 46 00 40 9C 46 00 40 9C 46 00 40 9C 46 00 40 9C 46 00 40 9C 46 00 40 9C 46
00 40 9C 46 00 40 9C 46 00 40 9C 46 00 40 9C 46 00 40 9C 46 00 40 9C 46 00 40 9C 46 00 40 9C 46
00 40 9C 46 00 40 9C 46 00 40 9C 46 00 40 9C 46 00 40 9C 46 00 40 9C 46 00 40 9C 46 00 40 9C 46
00 40 9C 46 00 40 9C 46 00 40 9C 46 00 40 9C 46 00 40 9C 46 00 40 9C 46 00 40 9C 46 00 40 9C 46
00 40 9C 46 00 40 9C 46 00 40 9C 46 00 40 9C 46 00 40 9C 46 00 40 9C 46 00 40 9C 46 00 40 9C 46
00 40 9C 46 00 40 9C 46 00 40 9C 46 00 40 9C 46 00 40 9C 46 00 40 9C 46 00 40 9C 46 00 40 9C 46
00 40 9C 46 00 40 9C 46 00 40 9C 46 00 40 9C 46 00 40 9C 46 00 40 9C 46 00 40 9C 46 00 40 9C 46
00 40 9C 46 00 40 9C 46 00 40 9C 46 00 40 9C 46 00 40 9C 46 00 40 9C 46 00 40 9C 46 00 40 9C 46
00 40 9C 46 00 40 9C 46 00 40 9C 46 00 40 9C 46 00 40 9C 46 00 40 9C 46 00 40 9C 46 00 40 9C 46
00 40 9C 46 00 40 9C 46 00 40 9C 46 00 40 9C 46 00 40 9C 46 00 40 9C 46 00 40 9C 46 00 40 9C 46
00 40 9C 46 00 40 9C 46 00 40 9C 46 00 40 9C 46 00 40 9C 46 00 40 9C 46 00 40 9C 46 00 40 9C 46
00 40 9C 46 00 40 9C 46 00 40 9C 46 00 40 9C 46 00 40 9C 46 00 40 9C 46 00 40 9C 46 00 40 9C 46
00 40 9C 46 00 40 9C 46 00 40 9C 46 00 40 9C 46 00 40 9C 46 00 40 9C 46 00 40 9C 46 00 40 9C 46
00 40 9C 46 00 40 9C 46 00 40 9C 46 00 40 9C 46 00 40 9C 46 00 40 9C 46 00 40 9C 46 00 40 9C 46
00 40 9C 46 00 40 9C 46 00 40 9C 46 00 40 9C 46 00 40 9C 46 00 40 9C 46 00 40 9C 46 00 40 9C 46
00 40 9C 46 00 40 9C 46 00 40 9C 46 00 40 9C 46 00 40 9C 46 00 40 9C 46 00 40 9C 46 00 40 9C 46
00 40 9C 46 00 40 9C 46 C0 C9 E8 46 A0 AD E6 46 35 9B E4 46 39 92 E2 46 71 92 E0 46 9C 9B DE 46
7F AD DC 46 E1 C7 DA 46 8A EA D8 46 44 15 D7 46 DC 47 D5 46 1F 82 D3 46 DD C3 D1 46 E7 0C D0 46
0E 5D CE 46 28 B4 CC 46 0A 12 CB 46 8A 76 C9 46 81 E1 C7 46 C8 52 C6 46 38 CA C4 46 B0 47 C3 46
0B CB C1 46 25 54 C0 46 E0 E2 BE 46 1A 77 BD 46 B4 10 BC 46 91 AF BA 46 91 53 B9 46 9A FC B7 46
90 AA B6 46 56 5D B5 46 D3 14 B4 46 EF D0 B2 46 8F 91 B1 46 9C 56 B0 46 FF 1F AF 46 A0 ED AD 46
6B BF AC 46 48 95 AB 46 23 6F AA 46 E9 4C A9 46 84 2E A8 46 E1 13 A7 46 EF FC A5 46 9A E9 A4 46
D0 D9 A3 46 82 CD A2 46 9B C4 A1 46 0D BF A0 46 C9 BC 9F 46 BC BD 9E 46 D9 C1 9D 46 11 C9 9C 46
00 40 9C 46 00 40 9C 46 00 40 9C 46 00 40 9C 46 00 40 9C 46 00 40 9C 46 00 40 9C 46 00 40 9C 46
00 40 9C 46 00 40 9C 46 00 40 9C 46 00 40 9C 46 00 40 9C 46 00 40 9C 46 00 40 9C 46 00 40 9C 46
00 40 9C 46 00 40 9C 46 00 40 9C 46 00 40 9C 46 00 40 9C 46 00 40 9C 46 00 40 9C 46 00 40 9C 46
00 40 9C 46 00 40 9C 46 00 40 9C 46 00 40 9C 46 00 40 9C 46 00 40 9C 46 00 40 9C 46 00 40 9C 46
00 40 9C 46 00 40 9C 46 00 40 9C 46 00 40 9C 46 00 40 9C 46 00 40 9C 46 00 40 9C 46 00 40 9C 46
00 40 9C 46 00 40 9C 46 00 40 9C 46 00 40 9C 46 00 40 9C 46 00 40 9C 46 00 40 9C 46 00 40 9C 46
00 40 9C 46 00 40 9C 46 00 40 9C 46 00 40 9C 46 00 40 9C 46 00 40 9C 46 00 40 9C 46 00 40 9C 46
00 40 9C 46 00 40 9C 46 00 40 9C 46 00 40 9C 46 00 40 9C 46 00 40 9C 46 00 40 9C 46 00 40 9C 46
00 40 9C 46 00 40 9C 46 00 40 9C 46 00 40 9C 46 00 40 9C 46 00 40 9C 46 00 40 9C 46 00 40 9C 46
00 40 9C 46 00 40 9C 46 00 40 9C 46 00 40 9C 46 00 40 9C 46 00 40 9C 46 00 40 9C 46 00 40 9C 46
00 40 9C 46 00 40 9C 46 00 40 9C 46 00 40 9C 46 00 40 9C 46 00 40 9C 46 00 40 9C 46 00 40 9C 46
00 40 9C 46 00 40 9C 46 00 40 9C 46 00 40 9C 46 00 40 9C 46 00 40 9C 46 00 40 9C 46 00 40 9C 46
00 40 9C 46 00 40 9C 46 00 40 9C 46 00 40 9C 46 00 40 9C 46 00 40 9C 46 00 40 9C 46 00 40 9C 46
00 40 9C 46 00 40 9C 46 00 40 9C 46 00 40 9C 46 00 40 9C 46 00 40 9C 46 00 40 9C 46 00 40 9C 46
00 40 9C 46 00 40 9C 46 00 40 9C 46 00 40 9C 46 00 40 9C 46 00 40 9C 46 00 40 9C 46 00 40 9C 46
00 40 9C 46 00 40 9C 46 00 40 9C 46 00 40 9C 46 00 40 9C 46 00 40 9C 46 00 40 9C 46 00 40 9C 46
00 40 9C 46 00 40 9C 46 00 40 9C 46 00 40 9C 46 00 40 9C 46 00 40 9C 46 00 40 9C 46 00 40 9C 46
00 40 9C 46 00 40 9C 46 00 40 9C 46 00 40 9C 46 00 40 9C 46 00 40 9C 46 00 40 9C 46 00 40 9C 46
00 40 9C 46 00 40 9C 46 00 40 9C 46 00 40 9C 46 00 40 9C 46 00 40 9C 46 00 40 9C 46 00 40 9C 46
00 40 9C 46 00 40 9C 46 00 40 9C 46 00 40 9C 46 00 40 9C 46 00 40 9C 46 00 40 9C 46 00 40 9C 46
00 40 9C 46 00 40 9C 46 00 40 9C 46 00 40 9C 46 00 40 9C 46 00 40 9C 46 00 40 9C 46 00 40 9C 46
00 40 9C 46 00 40 9C 46 00 40 9C 46 00 40 9C 46 00 40 9C 46 00 40 9C 46 00 40 9C 46 00 40 9C 46
00 40 9C 46 00 40 9C 46 00 40 9C 46 00 40 9C 46 00 40 9C 46 00 40 9C 46 00 40 9C 46 00 40 9C 46
00 40 9C 46 00 40 9C 46 00 40 9C 46 00 40 9C 46 00 40 9C 46 00 40 9C 46 00 40 9C 46 00 40 9C 46
00 40 9C 46 00 40 9C 46 00 40 9C 46 00 40 9C 46 00 40 9C 46 00 40 9C 46 00 40 9C 46 00 40 9C 46
00 40 9C 46 00 40 9C 46 00 40 9C 46 00 40 9C 46 00 40 9C 46 00 40 9C 46 00 40 9C 46 00 40 9C 46
00 40 9C 46 00 40 9C 46 00 40 9C 46 00 40 9C 46 00 40 9C 46 00 40 9C 46 00 40 9C 46 00 40 9C 46
00 40 9C 46 00 40 9C 46 00 40 9C 46 00 40 9C 46 00 40 9C 46 00 40 9C 46 00 40 9C 46 00 40 9C 46
00 40 9C 46 00 40 9C 46 00 40 9C 46 00 40 9C 46 00 40 9C 46 00 40 9C 46 00 40 9C 46 00 40 9C 46
00 40 9C 46 00 40 9C 46 00 40 9C 46 00 40 9C 46 00 40 9C 46 00 40 9C 46 00 40 9C 46 00 40 9C 46
00 40 9C 46 00 40 9C 46 00 40 9C 46 00 40 9C 46 00 40 9C 46 00 40 9C 46 00 40 9C 46 00 40 9C 46
00 40 9C 46 00 40 9C 46 00 40 9C 46 00 40 9C 46 00 40 9C 46 00 40 9C 46 00 40 9C 46 00 40 9C 46
00 40 9C 46 00 40 9C 46 00 40 9C 46 00 40 9C 46 00 40 9C 46 00 40 9C 46 00 40 9C 46 00 40 9C 46
00 40 9C 46 00 40 9C 46 00 40 9C 46 00 40 9C 46 00 40 9C 46 00 40 9C 46 00 40 9C 46 00 40 9C 46
00 40 9C 46 00 40 9C 46 00 40 9C 46 00 40 9C 46 00 40 9C 46 00 40 9C 46 00 40 9C 46 00 40 9C 46
00 40 9C 46 00 40 9C 46 00 40 9C 46 00 40 9C 46 00 40 9C 46 00 40 9C 46 00 40 9C 46 00 40 9C 46
00 40 9C 46 00 40 9C 46 00 40 9C 46 00 40 9C 46 00 40 9C 46 00 40 9C 46 00 40 9C 46 00 40 9C 46
00 40 9C 46 00 40 9C 46 00 40 9C 46 00 40 9C 46 00 40 9C 46 00 40 9C 46 00 40 9C 46 00 40 9C 46
00 40 9C 46 00 40 9C 46 00 40 9C 46 00 40 9C 46 00 40 9C 46 00 40 9C 46 00 40 9C 46 00 40 9C 46
00 40 9C 46 00 40 9C 46 00 40 9C 46 00 40 9C 46 00 40 9C 46 00 40 9C 46 00 40 9C 46 00 40 9C 46
00 40 9C 46 00 40 9C 46 00 40 9C 46 00 40 9C 46 00 40 9C 46 00 40 9C 46 00 40 9C 46 00 40 9C 46
00 40 9C 46 00 40 9C 46 00 40 9C 46 00 40 9C 46 00 40 9C 46 00 40 9C 46 00 40 9C 46 00 40 9C 46
00 40 9C 46 00 40 9C 46 00 40 9C 46 00 40 9C 46 00 40 9C 46 00 40 9C 46 00 40 9C 46 00 40 9C 46
00 40 9C 46 00 40 9C 46 00 40 9C 46 00 40 9C 46 00 40 9C 46 00 40 9C 46 00 40 9C 46 00 40 9C 46
00 40 9C 46 00 40 9C 46 00 40 9C 46 00 40 9C 46 00 40 9C 46 00 40 9C 46 00 40 9C 46 00 40 9C 46
00 40 9C 46 00 40 9C 46 00 40 9C 46 00 40 9C 46 00 40 9C 46 00 40 9C 46 00 40 9C 46 00 40 9C 46
00 40 9C 46 00 40 9C 46 00 40 9C 46 00 40 9C 46 00 40 9C 46 00 40 9C 46 00 40 9C 46 00 40 9C 46
00 40 9C 46 00 40 9C 46 00 40 9C 46 00 40 9C 46 00 40 9C 46 00 40 9C 46 00 40 9C 46 00 40 9C 46
00 40 9C 46 00 40 9C 46 00 40 9C 46 00 40 9C 46 00 40 9C 46 00 40 9C 46 00 40 9C 46 00 40 9C 46
00 40 9C 46 00 40 9C 46 00 40 9C 46 00 40 9C 46 00 40 9C 46 00 40 9C 46 00 40 9C 46 00 40 9C 46
00 40 9C 46 00 40 9C 46 00 40 9C 46 00 40 9C 46 00 40 9C 46 00 40 9C 46 00 40 9C 46 00 40 9C 46
00 40 9C 46 00 40 9C 46 00 40 9C 46 00 40 9C 46 00 40 9C 46 00 40 9C 46 00 40 9C 46 00 40 9C 46
00 40 9C 46 00 40 9C 46 00 40 9C 46 00 40 9C 46 00 40 9C 46 00 40 9C 46 00 40 9C 46 00 40 9C 46
00 40 9C 46 00 40 9C 46 00 40 9C 46 00 40 9C 46 00 40 9C 46 00 40 9C 46 00 40 9C 46 00 40 9C 46
00 40 9C 46 00 40 9C 46 00 40 9C 46 00 40 9C 46 00 40 9C 46 00 40 9C 46 00 40 9C 46 00 40 9C 46
00 40 9C 46 00 40 9C 46 00 40 9C 46 00 40 9C 46 00 40 9C 46 00 40 9C 46 1A 5C E6 46 9D 45 E4 46
BA 38 E2 46 2E 35 E0 46 BC 3A DE 46 26 49 DC 46 30 60 DA 46 A3 7F D8 46 47 A7 D6 46 E6 D6 D4 46
4E 0E D3 46 4D 4D D1 46 B3 93 CF 46 51 E1 CD 46 F9 35 CC 46 82 91 CA 46 C0 F3 C8 46 8B 5C C7 46
BB CB C5 46 2B 41 C4 46 B4 BC C2 46 34 3E C1 46 87 C5 BF 46 8B 52 BE 46 20 E5 BC 46 25 7D BB 46
7C 1A BA 46 08 BD B8 46 AA 64 B7 46 46 11 B6 46 C3 C2 B4 46 03 79 B3 46 EE 33 B2 46 6A F3 B0 46
5F B7 AF 46 B5 7F AE 46 56 4C AD 46 29 1D AC 46 1A F2 AA 46 14 CB A9 46 01 A8 A8 46 CD 88 A7 46
65 6D A6 46 B5 55 A5 46 AC 41 A4 46 37 31 A3 46 42 24 A2 46 C0 1A A1 46 9D 14 A0 46 C9 11 9F 46
37 12 9E 46 D3 15 9D 46 00 40 9C 46 00 40 9C 46 00 40 9C 46 00 40 9C 46 00 40 9C 46 00 40 9C 46
00 40 9C 46 00 40 9C 46 00 40 9C 46 00 40 9C 46 00 40 9C 46 00 40 9C 46 00 40 9C 46 00 40 9C 46
00 40 9C 46 00 40 9C 46 00 40 9C 46 00 40 9C 46 00 40 9C 46 00 40 9C 46 00 40 9C 46 00 40 9C 46
00 40 9C 46 00 40 9C 46 00 40 9C 46 00 40 9C 46 00 40 9C 46 00 40 9C 46 00 40 9C 46 00 40 9C 46
00 40 9C 46 00 40 9C 46 00 40 9C 46 00 40 9C 46 00 40 9C 46 00 40 9C 46 00 40 9C 46 00 40 9C 46
00 40 9C 46 00 40 9C 46 00 40 9C 46 00 40 9C 46 00 40 9C 46 00 40 9C 46 00 40 9C 46 00 40 9C 46
00 40 9C 46 00 40 9C 46 00 40 9C 46 00 40 9C 46 00 40 9C 46 00 40 9C 46 00 40 9C 46 00 40 9C 46
00 40 9C 46 00 40 9C 46 00 40 9C 46 00 40 9C 46 00 40 9C 46 00 40 9C 46 00 40 9C 46 00 40 9C 46
00 40 9C 46 00 40 9C 46 00 40 9C 46 00 40 9C 46 00 40 9C 46 00 40 9C 46 00 40 9C 46 00 40 9C 46
00 40 9C 46 00 40 9C 46 00 40 9C 46 00 40 9C 46 00 40 9C 46 00 40 9C 46 00 40 9C 46 00 40 9C 46
00 40 9C 46 00 40 9C 46 00 40 9C 46 00 40 9C 46 00 40 9C 46 00 40 9C 46 00 40 9C 46 00 40 9C 46
00 40 9C 46 00 40 9C 46 00 40 9C 46 00 40 9C 46 00 40 9C 46 00 40 9C 46 00 40 9C 46 00 40 9C 46
00 40 9C 46 00 40 9C 46 00 40 9C 46 00 40 9C 46 00 40 9C 46 00 40 9C 46 00 40 9C 46 00 40 9C 46
00 40 9C 46 00 40 9C 46 00 40 9C 46 00 40 9C 46 00 40 9C 46 00 40 9C 46 00 40 9C 46 00 40 9C 46
00 40 9C 46 00 40 9C 46 00 40 9C 46 00 40 9C 46 00 40 9C 46 00 40 9C 46 00 40 9C 46 00 40 9C 46
00 40 9C 46 00 40 9C 46 00 40 9C 46 00 40 9C 46 00 40 9C 46 00 40 9C 46 00 40 9C 46 00 40 9C 46
00 40 9C 46 00 40 9C 46 00 40 9C 46 00 40 9C 46 00 40 9C 46 00 40 9C 46 00 40 9C 46 00 40 9C 46
00 40 9C 46 00 40 9C 46 00 40 9C 46 00 40 9C 46 00 40 9C 46 00 40 9C 46 00 40 9C 46 00 40 9C 46
00 40 9C 46 00 40 9C 46 00 40 9C 46 00 40 9C 46 00 40 9C 46 00 40 9C 46 00 40 9C 46 00 40 9C 46
00 40 9C 46 00 40 9C 46 00 40 9C 46 00 40 9C 46 00 40 9C 46 00 40 9C 46 00 40 9C 46 00 40 9C 46
00 40 9C 46 00 40 9C 46 00 40 9C 46 00 40 9C 46 00 40 9C 46 00 40 9C 46 00 40 9C 46 00 40 9C 46
00 40 9C 46 00 40 9C 46 00 40 9C 46 00 40 9C 46 00 40 9C 46 00 40 9C 46 00 40 9C 46 00 40 9C 46
00 40 9C 46 00 40 9C 46 00 40 9C 46 00 40 9C 46 00 40 9C 46 00 40 9C 46 00 40 9C 46 00 40 9C 46
00 40 9C 46 00 40 9C 46 00 40 9C 46 00 40 9C 46 00 40 9C 46 00 40 9C 46 00 40 9C 46 00 40 9C 46
00 40 9C 46 00 40 9C 46 00 40 9C 46 00 40 9C 46 00 40 9C 46 00 40 9C 46 00 40 9C 46 00 40 9C 46
00 40 9C 46 00 40 9C 46 00 40 9C 46 00 40 9C 46 00 40 9C 46 00 40 9C 46 00 40 9C 46 00 40 9C 46
00 40 9C 46 00 40 9C 46 00 40 9C 46 00 40 9C 46 00 40 9C 46 00 40 9C 46 00 40 9C 46 00 40 9C 46
00 40 9C 46 00 40 9C 46 00 40 9C 46 00 40 9C 46 00 40 9C 46 00 40 9C 46 00 40 9C 46 00 40 9C 46
00 40 9C 46 00 40 9C 46 00 40 9C 46 00 40 9C 46 00 40 9C 46 00 40 9C 46 00 40 9C 46 00 40 9C 46
00 40 9C 46 00 40 9C 46 00 40 9C 46 00 40 9C 46 00 40 9C 46 00 40 9C 46 00 40 9C 46 00 40 9C 46
00 40 9C 46 00 40 9C 46 00 40 9C 46 00 40 9C 46 00 40 9C 46 00 40 9C 46 00 40 9C 46 00 40 9C 46
00 40 9C 46 00 40 9C 46 00 40 9C 46 00 40 9C 46 00 40 9C 46 00 40 9C 46 00 40 9C 46 00 40 9C 46
00 40 9C 46 00 40 9C 46 00 40 9C 46 00 40 9C 46 00 40 9C 46 00 40 9C 46 00 40 9C 46 00 40 9C 46
00 40 9C 46 00 40 9C 46 00 40 9C 46 00 40 9C 46 00 40 9C 46 00 40 9C 46 00 40 9C 46 00 40 9C 46
00 40 9C 46 00 40 9C 46 00 40 9C 46 00 40 9C 46 00 40 9C 46 00 40 9C 46 00 40 9C 46 00 40 9C 46
00 40 9C 46 00 40 9C 46 00 40 9C 46 00 40 9C 46 00 40 9C 46 00 40 9C 46 00 40 9C 46 00 40 9C 46
00 40 9C 46 00 40 9C 46 00 40 9C 46 00 40 9C 46 00 40 9C 46 00 40 9C 46 00 40 9C 46 00 40 9C 46
00 40 9C 46 00 40 9C 46 00 40 9C 46 00 40 9C 46 00 40 9C 46 00 40 9C 46 00 40 9C 46 00 40 9C 46
00 40 9C 46 00 40 9C 46 00 40 9C 46 00 40 9C 46 00 40 9C 46 00 40 9C 46 00 40 9C 46 00 40 9C 46
00 40 9C 46 00 40 9C 46 00 40 9C 46 00 40 9C 46 00 40 9C 46 00 40 9C 46 00 40 9C 46 00 40 9C 46
00 40 9C 46 00 40 9C 46 00 40 9C 46 00 40 9C 46 00 40 9C 46 00 40 9C 46 00 40 9C 46 00 40 9C 46
00 40 9C 46 00 40 9C 46 00 40 9C 46 00 40 9C 46 00 40 9C 46 00 40 9C 46 00 40 9C 46 00 40 9C 46
00 40 9C 46 00 40 9C 46 00 40 9C 46 00 40 9C 46 00 40 9C 46 00 40 9C 46 00 40 9C 46 00 40 9C 46
00 40 9C 46 00 40 9C 46 00 40 9C 46 00 40 9C 46 00 40 9C 46 00 40 9C 46 00 40 9C 46 00 40 9C 46
00 40 9C 46 00 40 9C 46 00 40 9C 46 00 40 9C 46 00 40 9C 46 00 40 9C 46 00 40 9C 46 00 40 9C 46
00 40 9C 46 00 40 9C 46 00 40 9C 46 00 40 9C 46 00 40 9C 46 00 40 9C 46 00 40 9C 46 00 40 9C 46
00 40 9C 46 00 40 9C 46 00 40 9C 46 00 40 9C 46 00 40 9C 46 00 40 9C 46 00 40 9C 46 00 40 9C 46
00 40 9C 46 00 40 9C 46 00 40 9C 46 00 40 9C 46 00 40 9C 46 00 40 9C 46 00 40 9C 46 00 40 9C 46
00 40 9C 46 00 40 9C 46 00 40 9C 46 00 40 9C 46 00 40 9C 46 00 40 9C 46 00 40 9C 46 00 40 9C 46
00 40 9C 46 00 40 9C 46 00 40 9C 46 00 40 9C 46 00 40 9C 46 00 40 9C 46 00 40 9C 46 00 40 9C 46
00 40 9C 46 00 40 9C 46 00 40 9C 46 00 40 9C 46 00 40 9C 46 00 40 9C 46 00 40 9C 46 00 40 9C 46
00 40 9C 46 00 40 9C 46 00 40 9C 46 00 40 9C 46 00 40 9C 46 00 40 9C 46 00 40 9C 46 00 40 9C 46
00 40 9C 46 00 40 9C 46 00 40 9C 46 00 40 9C 46 00 40 9C 46 00 40 9C 46 00 40 9C 46 00 40 9C 46
00 40 9C 46 00 40 9C 46 00 40 9C 46 00 40 9C 46 00 40 9C 46 00 40 9C 46 00 40 9C 46 00 40 9C 46
00 40 9C 46 00 40 9C 46 00 40 9C 46 00 40 9C 46 00 40 9C 46 00 40 9C 46 00 40 9C 46 00 40 9C 46
00 40 9C 46 00 40 9C 46 00 40 9C 46 00 40 9C 46 00 40 9C 46 00 40 9C 46 00 40 9C 46 00 40 9C 46
00 40 9C 46 00 40 9C 46 9A 19 EF 46 D5 EE EC 46 08 CE EA 46 EC B6 E8 46 44 A9 E6 46 CD A4 E4 46
49 A9 E2 46 81 B6 E0 46 39 CC DE 46 39 EA DC 46 4E 10 DB 46 44 3E D9 46 E8 73 D7 46 0B B1 D5 46
7C F5 D3 46 11 41 D2 46 9D 93 D0 46 F4 EC CE 46 F0 4C CD 46 67 B3 CB 46 33 20 CA 46 30 93 C8 46
38 0C C7 46 28 8B C5 46 E0 0F C4 46 3D 9A C2 46 1F 2A C1 46 69 BF BF 46 FA 59 BE 46 B5 F9 BC 46
81 9E BB 46 3E 48 BA 46 D3 F6 B8 46 27 AA B7 46 1E 62 B6 46 A1 1E B5 46 98 DF B3 46 EA A4 B2 46
83 6E B1 46 4B 3C B0 46 2C 0E AF 46 13 E4 AD 46 EB BD AC 46 9E 9B AB 46 1C 7D AA 46 50 62 A9 46
27 4B A8 46 92 37 A7 46 7D 27 A6 46 D7 1A A5 46 92 11 A4 46 9B 0B A3 46 E3 08 A2 46 5C 09 A1 46
F5 0C A0 46 A1 13 9F 46 52 1D 9E 46 F8 29 9D 46 00 40 9C 46 00 40 9C 46 00 40 9C 46 00 40 9C 46
00 40 9C 46 00 40 9C 46 00 40 9C 46 00 40 9C 46 00 40 9C 46 00 40 9C 46 00 40 9C 46 00 40 9C 46
00 40 9C 46 00 40 9C 46 00 40 9C 46 00 40 9C 46 00 40 9C 46 00 40 9C 46 00 40 9C 46 00 40 9C 46
00 40 9C 46 00 40 9C 46 00 40 9C 46 00 40 9C 46 00 40 9C 46 00 40 9C 46 00 40 9C 46 00 40 9C 46
00 40 9C 46 00 40 9C 46 00 40 9C 46 00 40 9C 46 00 40 9C 46 00 40 9C 46 00 40 9C 46 00 40 9C 46
00 40 9C 46 00 40 9C 46 00 40 9C 46 00 40 9C 46 00 40 9C 46 00 40 9C 46 00 40 9C 46 00 40 9C 46
00 40 9C 46 00 40 9C 46 00 40 9C 46 00 40 9C 46 00 40 9C 46 00 40 9C 46 00 40 9C 46 00 40 9C 46
00 40 9C 46 00 40 9C 46 00 40 9C 46 00 40 9C 46 00 40 9C 46 00 40 9C 46 00 40 9C 46 00 40 9C 46
00 40 9C 46 00 40 9C 46 00 40 9C 46 00 40 9C 46 00 40 9C 46 00 40 9C 46 00 40 9C 46 00 40 9C 46
00 40 9C 46 00 40 9C 46 00 40 9C 46 00 40 9C 46 00 40 9C 46 00 40 9C 46 00 40 9C 46 00 40 9C 46
00 40 9C 46 00 40 9C 46 00 40 9C 46 00 40 9C 46 00 40 9C 46 00 40 9C 46 00 40 9C 46 00 40 9C 46
00 40 9C 46 00 40 9C 46 00 40 9C 46 00 40 9C 46 00 40 9C 46 00 40 9C 46 00 40 9C 46 00 40 9C 46
00 40 9C 46 00 40 9C 46 00 40 9C 46 00 40 9C 46 00 40 9C 46 00 40 9C 46 00 40 9C 46 00 40 9C 46
00 40 9C 46 00 40 9C 46 00 40 9C 46 00 40 9C 46 00 40 9C 46 00 40 9C 46 00 40 9C 46 00 40 9C 46
00 40 9C 46 00 40 9C 46 00 40 9C 46 00 40 9C 46 00 40 9C 46 00 40 9C 46 00 40 9C 46 00 40 9C 46
00 40 9C 46 00 40 9C 46 00 40 9C 46 00 40 9C 46 00 40 9C 46 00 40 9C 46 00 40 9C 46 00 40 9C 46
00 40 9C 46 00 40 9C 46 00 40 9C 46 00 40 9C 46 00 40 9C 46 00 40 9C 46 00 40 9C 46 00 40 9C 46
00 40 9C 46 00 40 9C 46 00 40 9C 46 00 40 9C 46 00 40 9C 46 00 40 9C 46 00 40 9C 46 00 40 9C 46
00 40 9C 46 00 40 9C 46 00 40 9C 46 00 40 9C 46 00 40 9C 46 00 40 9C 46 00 40 9C 46 00 40 9C 46
00 40 9C 46 00 40 9C 46 00 40 9C 46 00 40 9C 46 00 40 9C 46 00 40 9C 46 00 40 9C 46 00 40 9C 46
00 40 9C 46 00 40 9C 46 00 40 9C 46 00 40 9C 46 00 40 9C 46 00 40 9C 46 00 40 9C 46 00 40 9C 46
00 40 9C 46 00 40 9C 46 00 40 9C 46 00 40 9C 46 00 40 9C 46 00 40 9C 46 00 40 9C 46 00 40 9C 46
00 40 9C 46 00 40 9C 46 00 40 9C 46 00 40 9C 46 00 40 9C 46 00 40 9C 46 00 40 9C 46 00 40 9C 46
00 40 9C 46 00 40 9C 46 00 40 9C 46 00 40 9C 46 00 40 9C 46 00 40 9C 46 00 40 9C 46 00 40 9C 46
00 40 9C 46 00 40 9C 46 00 40 9C 46 00 40 9C 46 00 40 9C 46 00 40 9C 46 00 40 9C 46 00 40 9C 46
00 40 9C 46 00 40 9C 46 00 40 9C 46 00 40 9C 46 00 40 9C 46 00 40 9C 46 00 40 9C 46 00 40 9C 46
00 40 9C 46 00 40 9C 46 00 40 9C 46 00 40 9C 46 00 40 9C 46 00 40 9C 46 00 40 9C 46 00 40 9C 46
00 40 9C 46 00 40 9C 46 00 40 9C 46 00 40 9C 46 00 40 9C 46 00 40 9C 46 00 40 9C 46 00 40 9C 46
00 40 9C 46 00 40 9C 46 00 40 9C 46 00 40 9C 46 00 40 9C 46 00 40 9C 46 00 40 9C 46 00 40 9C 46
00 40 9C 46 00 40 9C 46 00 40 9C 46 00 40 9C 46 00 40 9C 46 00 40 9C 46 00 40 9C 46 00 40 9C 46
00 40 9C 46 00 40 9C 46 00 40 9C 46 00 40 9C 46 00 40 9C 46 00 40 9C 46 00 40 9C 46 00 40 9C 46
00 40 9C 46 00 40 9C 46 00 40 9C 46 00 40 9C 46 00 40 9C 46 00 40 9C 46 00 40 9C 46 00 40 9C 46
00 40 9C 46 00 40 9C 46 00 40 9C 46 00 40 9C 46 00 40 9C 46 00 40 9C 46 00 40 9C 46 00 40 9C 46
00 40 9C 46 00 40 9C 46 00 40 9C 46 00 40 9C 46 00 40 9C 46 00 40 9C 46 00 40 9C 46 00 40 9C 46
00 40 9C 46 00 40 9C 46 00 40 9C 46 00 40 9C 46 00 40 9C 46 00 40 9C 46 00 40 9C 46 00 40 9C 46
00 40 9C 46 00 40 9C 46 00 40 9C 46 00 40 9C 46 00 40 9C 46 00 40 9C 46 00 40 9C 46 00 40 9C 46
00 40 9C 46 00 40 9C 46 00 40 9C 46 00 40 9C 46 00 40 9C 46 00 40 9C 46 00 40 9C 46 00 40 9C 46
00 40 9C 46 00 40 9C 46 00 40 9C 46 00 40 9C 46 00 40 9C 46 00 40 9C 46 00 40 9C 46 00 40 9C 46
00 40 9C 46 00 40 9C 46 00 40 9C 46 00 40 9C 46 00 40 9C 46 00 40 9C 46 00 40 9C 46 00 40 9C 46
00 40 9C 46 00 40 9C 46 00 40 9C 46 00 40 9C 46 00 40 9C 46 00 40 9C 46 00 40 9C 46 00 40 9C 46
00 40 9C 46 00 40 9C 46 00 40 9C 46 00 40 9C 46 00 40 9C 46 00 40 9C 46 00 40 9C 46 00 40 9C 46
00 40 9C 46 00 40 9C 46 00 40 9C 46 00 40 9C 46 00 40 9C 46 00 40 9C 46 00 40 9C 46 00 40 9C 46
00 40 9C 46 00 40 9C 46 00 40 9C 46 00 40 9C 46 00 40 9C 46 00 40 9C 46 00 40 9C 46 00 40 9C 46
00 40 9C 46 00 40 9C 46 00 40 9C 46 00 40 9C 46 00 40 9C 46 00 40 9C 46 00 40 9C 46 00 40 9C 46
00 40 9C 46 00 40 9C 46 00 40 9C 46 00 40 9C 46 00 40 9C 46 00 40 9C 46 00 40 9C 46 00 40 9C 46
00 40 9C 46 00 40 9C 46 00 40 9C 46 00 40 9C 46 00 40 9C 46 00 40 9C 46 00 40 9C 46 00 40 9C 46
00 40 9C 46 00 40 9C 46 00 40 9C 46 00 40 9C 46 00 40 9C 46 00 40 9C 46 00 40 9C 46 00 40 9C 46
00 40 9C 46 00 40 9C 46 00 40 9C 46 00 40 9C 46 00 40 9C 46 00 40 9C 46 00 40 9C 46 00 40 9C 46
00 40 9C 46 00 40 9C 46 00 40 9C 46 00 40 9C 46 00 40 9C 46 00 40 9C 46 00 40 9C 46 00 40 9C 46
00 40 9C 46 00 40 9C 46 00 40 9C 46 00 40 9C 46 00 40 9C 46 00 40 9C 46 00 40 9C 46 00 40 9C 46
00 40 9C 46 00 40 9C 46 00 40 9C 46 00 40 9C 46 00 40 9C 46 00 40 9C 46 00 40 9C 46 00 40 9C 46
00 40 9C 46 00 40 9C 46 00 40 9C 46 00 40 9C 46 00 40 9C 46 00 40 9C 46 00 40 9C 46 00 40 9C 46
00 40 9C 46 00 40 9C 46 00 40 9C 46 00 40 9C 46 00 40 9C 46 00 40 9C 46 00 40 9C 46 00 40 9C 46
00 40 9C 46 00 40 9C 46 00 40 9C 46 00 40 9C 46 00 40 9C 46 00 40 9C 46 00 40 9C 46 00 40 9C 46
00 40 9C 46 00 40 9C 46 00 40 9C 46 00 40 9C 46 00 40 9C 46 00 40 9C 46 00 40 9C 46 00 40 9C 46
00 40 9C 46 00 40 9C 46 00 40 9C 46 00 40 9C 46 00 40 9C 46 00 40 9C 46 BC D4 E5 46 79 BF E3 46
CA B3 E1 46 6D B1 DF 46 25 B8 DD 46 B4 C7 DB 46 DD DF D9 46 6A 00 D8 46 24 29 D6 46 D3 59 D4 46
48 92 D2 46 4F D2 D0 46 B8 19 CF 46 55 68 CD 46 F8 BD CB 46 78 1A CA 46 AA 7D C8 46 64 E7 C6 46
80 57 C5 46 D8 CD C3 46 45 4A C2 46 A6 CC C0 46 D6 54 BF 46 B4 E2 BD 46 1F 76 BC 46 F9 0E BB 46
20 AD B9 46 7A 50 B8 46 E5 F8 B6 46 49 A6 B5 46 8A 58 B4 46 8C 0F B3 46 36 CB B1 46 6F 8B B0 46
1D 50 AF 46 2B 19 AE 46 80 E6 AC 46 05 B8 AB 46 A6 8D AA 46 4D 67 A9 46 E5 44 A8 46 5A 26 A7 46
99 0B A6 46 8D F4 A4 46 26 E1 A3 46 51 D1 A2 46 FB C4 A1 46 15 BC A0 46 8B B6 9F 46 50 B4 9E 46
53 B5 9D 46 84 B9 9C 46 00 40 9C 46 00 40 9C 46 00 40 9C 46 00 40 9C 46 00 40 9C 46 00 40 9C 46
00 40 9C 46 00 40 9C 46 00 40 9C 46 00 40 9C 46 00 40 9C 46 00 40 9C 46 00 40 9C 46 00 40 9C 46
00 40 9C 46 00 40 9C 46 00 40 9C 46 00 40 9C 46 00 40 9C 46 00 40 9C 46 00 40 9C 46 00 40 9C 46
00 40 9C 46 00 40 9C 46 00 40 9C 46 00 40 9C 46 00 40 9C 46 00 40 9C 46 00 40 9C 46 00 40 9C 46
00 40 9C 46 00 40 9C 46 00 40 9C 46 00 40 9C 46 00 40 9C 46 00 40 9C 46 00 40 9C 46 00 40 9C 46
00 40 9C 46 00 40 9C 46 00 40 9C 46 00 40 9C 46 00 40 9C 46 00 40 9C 46 00 40 9C 46 00 40 9C 46
00 40 9C 46 00 40 9C 46 00 40 9C 46 00 40 9C 46 00 40 9C 46 00 40 9C 46 00 40 9C 46 00 40 9C 46
00 40 9C 46 00 40 9C 46 00 40 9C 46 00 40 9C 46 00 40 9C 46 00 40 9C 46 00 40 9C 46 00 40 9C 46
00 40 9C 46 00 40 9C 46 00 40 9C 46 00 40 9C 46 00 40 9C 46 00 40 9C 46 00 40 9C 46 00 40 9C 46
00 40 9C 46 00 40 9C 46 00 40 9C 46 00 40 9C 46 00 40 9C 46 00 40 9C 46 00 40 9C 46 00 40 9C 46
00 40 9C 46 00 40 9C 46 00 40 9C 46 00 40 9C 46 00 40 9C 46 00 40 9C 46 00 40 9C 46 00 40 9C 46
00 40 9C 46 00 40 9C 46 00 40 9C 46 00 40 9C 46 00 40 9C 46 00 40 9C 46 00 40 9C 46 00 40 9C 46
00 40 9C 46 00 40 9C 46 00 40 9C 46 00 40 9C 46 00 40 9C 46 00 40 9C 46 00 40 9C 46 00 40 9C 46
00 40 9C 46 00 40 9C 46 00 40 9C 46 00 40 9C 46 00 40 9C 46 00 40 9C 46 00 40 9C 46 00 40 9C 46
00 40 9C 46 00 40 9C 46 00 40 9C 46 00 40 9C 46 00 40 9C 46 00 40 9C 46 00 40 9C 46 00 40 9C 46
00 40 9C 46 00 40 9C 46 00 40 9C 46 00 40 9C 46 00 40 9C 46 00 40 9C 46 00 40 9C 46 00 40 9C 46
00 40 9C 46 00 40 9C 46 00 40 9C 46 00 40 9C 46 00 40 9C 46 00 40 9C 46 00 40 9C 46 00 40 9C 46
00 40 9C 46 00 40 9C 46 00 40 9C 46 00 40 9C 46 00 40 9C 46 00 40 9C 46 00 40 9C 46 00 40 9C 46
00 40 9C 46 00 40 9C 46 00 40 9C 46 00 40 9C 46 00 40 9C 46 00 40 9C 46 00 40 9C 46 00 40 9C 46
00 40 9C 46 00 40 9C 46 00 40 9C 46 00 40 9C 46 00 40 9C 46 00 40 9C 46 00 40 9C 46 00 40 9C 46
00 40 9C 46 00 40 9C 46 00 40 9C 46 00 40 9C 46 00 40 9C 46 00 40 9C 46 00 40 9C 46 00 40 9C 46
00 40 9C 46 00 40 9C 46 00 40 9C 46 00 40 9C 46 00 40 9C 46 00 40 9C 46 00 40 9C 46 00 40 9C 46
00 40 9C 46 00 40 9C 46 00 40 9C 46 00 40 9C 46 00 40 9C 46 00 40 9C 46 00 40 9C 46 00 40 9C 46
00 40 9C 46 00 40 9C 46 00 40 9C 46 00 40 9C 46 00 40 9C 46 00 40 9C 46 00 40 9C 46 00 40 9C 46
00 40 9C 46 00 40 9C 46 00 40 9C 46 00 40 9C 46 00 40 9C 46 00 40 9C 46 00 40 9C 46 00 40 9C 46
00 40 9C 46 00 40 9C 46 00 40 9C 46 00 40 9C 46 00 40 9C 46 00 40 9C 46 00 40 9C 46 00 40 9C 46
00 40 9C 46 00 40 9C 46 00 40 9C 46 00 40 9C 46 00 40 9C 46 00 40 9C 46 00 40 9C 46 00 40 9C 46
00 40 9C 46 00 40 9C 46 00 40 9C 46 00 40 9C 46 00 40 9C 46 00 40 9C 46 00 40 9C 46 00 40 9C 46
00 40 9C 46 00 40 9C 46 00 40 9C 46 00 40 9C 46 00 40 9C 46 00 40 9C 46 00 40 9C 46 00 40 9C 46
00 40 9C 46 00 40 9C 46 00 40 9C 46 00 40 9C 46 00 40 9C 46 00 40 9C 46 00 40 9C 46 00 40 9C 46
00 40 9C 46 00 40 9C 46 00 40 9C 46 00 40 9C 46 00 40 9C 46 00 40 9C 46 00 40 9C 46 00 40 9C 46
00 40 9C 46 00 40 9C 46 00 40 9C 46 00 40 9C 46 00 40 9C 46 00 40 9C 46 00 40 9C 46 00 40 9C 46
00 40 9C 46 00 40 9C 46 00 40 9C 46 00 40 9C 46 00 40 9C 46 00 40 9C 46 00 40 9C 46 00 40 9C 46
00 40 9C 46 00 40 9C 46 00 40 9C 46 00 40 9C 46 00 40 9C 46 00 40 9C 46 00 40 9C 46 00 40 9C 46
00 40 9C 46 00 40 9C 46 00 40 9C 46 00 40 9C 46 00 40 9C 46 00 40 9C 46 00 40 9C 46 00 40 9C 46
00 40 9C 46 00 40 9C 46 00 40 9C 46 00 40 9C 46 00 40 9C 46 00 40 9C 46 00 40 9C 46 00 40 9C 46
00 40 9C 46 00 40 9C 46 00 40 9C 46 00 40 9C 46 00 40 9C 46 00 40 9C 46 00 40 9C 46 00 40 9C 46
00 40 9C 46 00 40 9C 46 00 40 9C 46 00 40 9C 46 00 40 9C 46 00 40 9C 46 00 40 9C 46 00 40 9C 46
00 40 9C 46 00 40 9C 46 00 40 9C 46 00 40 9C 46 00 40 9C 46 00 40 9C 46 00 40 9C 46 00 40 9C 46
00 40 9C 46 00 40 9C 46 00 40 9C 46 00 40 9C 46 00 40 9C 46 00 40 9C 46 00 40 9C 46 00 40 9C 46
00 40 9C 46 00 40 9C 46 00 40 9C 46 00 40 9C 46 00 40 9C 46 00 40 9C 46 00 40 9C 46 00 40 9C 46
00 40 9C 46 00 40 9C 46 00 40 9C 46 00 40 9C 46 00 40 9C 46 00 40 9C 46 00 40 9C 46 00 40 9C 46
00 40 9C 46 00 40 9C 46 00 40 9C 46 00 40 9C 46 00 40 9C 46 00 40 9C 46 00 40 9C 46 00 40 9C 46
00 40 9C 46 00 40 9C 46 00 40 9C 46 00 40 9C 46 00 40 9C 46 00 40 9C 46 00 40 9C 46 00 40 9C 46
00 40 9C 46 00 40 9C 46 00 40 9C 46 00 40 9C 46 00 40 9C 46 00 40 9C 46 00 40 9C 46 00 40 9C 46
00 40 9C 46 00 40 9C 46 00 40 9C 46 00 40 9C 46 00 40 9C 46 00 40 9C 46 00 40 9C 46 00 40 9C 46
00 40 9C 46 00 40 9C 46 00 40 9C 46 00 40 9C 46 00 40 9C 46 00 40 9C 46 00 40 9C 46 00 40 9C 46
00 40 9C 46 00 40 9C 46 00 40 9C 46 00 40 9C 46 00 40 9C 46 00 40 9C 46 00 40 9C 46 00 40 9C 46
00 40 9C 46 00 40 9C 46 00 40 9C 46 00 40 9C 46 00 40 9C 46 00 40 9C 46 00 40 9C 46 00 40 9C 46
00 40 9C 46 00 40 9C 46 00 40 9C 46 00 40 9C 46 00 40 9C 46 00 40 9C 46 00 40 9C 46 00 40 9C 46
00 40 9C 46 00 40 9C 46 00 40 9C 46 00 40 9C 46 00 40 9C 46 00 40 9C 46 00 40 9C 46 00 40 9C 46
00 40 9C 46 00 40 9C 46 00 40 9C 46 00 40 9C 46 00 40 9C 46 00 40 9C 46 00 40 9C 46 00 40 9C 46
00 40 9C 46 00 40 9C 46 00 40 9C 46 00 40 9C 46 00 40 9C 46 00 40 9C 46 00 40 9C 46 00 40 9C 46
00 40 9C 46 00 40 9C 46 00 40 9C 46 00 40 9C 46 00 40 9C 46 00 40 9C 46 00 40 9C 46 00 40 9C 46
00 40 9C 46 00 40 9C 46 00 40 9C 46 00 40 9C 46 00 40 9C 46 00 40 9C 46 00 40 9C 46 00 40 9C 46
00 40 9C 46 00 40 9C 46 00 40 9C 46 00 40 9C 46 00 40 9C 46 00 40 9C 46 00 40 9C 46 00 40 9C 46
00 40 9C 46 00 40 9C 46 24 26 E6 46 24 10 E4 46 BC 03 E2 46 A8 00 E0 46 AD 06 DE 46 8C 15 DC 46
09 2D DA 46 EC 4C D8 46 FF 74 D6 46 0A A5 D4 46 DE DC D2 46 46 1C D1 46 13 63 CF 46 16 B1 CD 46
23 06 CC 46 0E 62 CA 46 AE C4 C8 46 D7 2D C7 46 66 9D C5 46 32 13 C4 46 16 8F C2 46 F0 10 C1 46
9B 98 BF 46 F5 25 BE 46 E0 B8 BC 46 3A 51 BB 46 E4 EE B9 46 C2 91 B8 46 B4 39 B7 46 A0 E6 B5 46
6B 98 B4 46 F8 4E B3 46 2F 0A B2 46 F7 C9 B0 46 36 8E AF 46 D5 56 AE 46 BE 23 AD 46 D8 F4 AB 46
0F CA AA 46 4E A3 A9 46 7F 80 A8 46 8F 61 A7 46 69 46 A6 46 FB 2E A5 46 32 1B A4 46 FC 0A A3 46
47 FE A1 46 03 F5 A0 46 1D EF 9F 46 86 EC 9E 46 30 ED 9D 46 07 F1 9C 46 00 40 9C 46 00 40 9C 46
00 40 9C 46 00 40 9C 46 00 40 9C 46 00 40 9C 46 00 40 9C 46 00 40 9C 46 00 40 9C 46 00 40 9C 46
00 40 9C 46 00 40 9C 46 00 40 9C 46 00 40 9C 46 00 40 9C 46 00 40 9C 46 00 40 9C 46 00 40 9C 46
00 40 9C 46 00 40 9C 46 00 40 9C 46 00 40 9C 46 00 40 9C 46 00 40 9C 46 00 40 9C 46 00 40 9C 46
00 40 9C 46 00 40 9C 46 00 40 9C 46 00 40 9C 46 00 40 9C 46 00 40 9C 46 00 40 9C 46 00 40 9C 46
00 40 9C 46 00 40 9C 46 00 40 9C 46 00 40 9C 46 00 40 9C 46 00 40 9C 46 00 40 9C 46 00 40 9C 46
00 40 9C 46 00 40 9C 46 00 40 9C 46 00 40 9C 46 00 40 9C 46 00 40 9C 46 00 40 9C 46 00 40 9C 46
00 40 9C 46 00 40 9C 46 00 40 9C 46 00 40 9C 46 00 40 9C 46 00 40 9C 46 00 40 9C 46 00 40 9C 46
00 40 9C 46 00 40 9C 46 00 40 9C 46 00 40 9C 46 00 40 9C 46 00 40 9C 46 00 40 9C 46 00 40 9C 46
00 40 9C 46 00 40 9C 46 00 40 9C 46 00 40 9C 46 00 40 9C 46 00 40 9C 46 00 40 9C 46 00 40 9C 46
00 40 9C 46 00 40 9C 46 00 40 9C 46 00 40 9C 46 00 40 9C 46 00 40 9C 46 00 40 9C 46 00 40 9C 46
00 40 9C 46 00 40 9C 46 00 40 9C 46 00 40 9C 46 00 40 9C 46 00 40 9C 46 00 40 9C 46 00 40 9C 46
00 40 9C 46 00 40 9C 46 00 40 9C 46 00 40 9C 46 00 40 9C 46 00 40 9C 46 00 40 9C 46 00 40 9C 46
00 40 9C 46 00 40 9C 46 00 40 9C 46 00 40 9C 46 00 40 9C 46 00 40 9C 46 00 40 9C 46 00 40 9C 46
00 40 9C 46 00 40 9C 46 00 40 9C 46 00 40 9C 46 00 40 9C 46 00 40 9C 46 00 40 9C 46 00 40 9C 46
00 40 9C 46 00 40 9C 46 00 40 9C 46 00 40 9C 46 00 40 9C 46 00 40 9C 46 00 40 9C 46 00 40 9C 46
00 40 9C 46 00 40 9C 46 00 40 9C 46 00 40 9C 46 00 40 9C 46 00 40 9C 46 00 40 9C 46 00 40 9C 46
00 40 9C 46 00 40 9C 46 00 40 9C 46 00 40 9C 46 00 40 9C 46 00 40 9C 46 00 40 9C 46 00 40 9C 46
00 40 9C 46 00 40 9C 46 00 40 9C 46 00 40 9C 46 00 40 9C 46 00 40 9C 46 00 40 9C 46 00 40 9C 46
00 40 9C 46 00 40 9C 46 00 40 9C 46 00 40 9C 46 00 40 9C 46 00 40 9C 46 00 40 9C 46 00 40 9C 46
00 40 9C 46 00 40 9C 46 00 40 9C 46 00 40 9C 46 00 40 9C 46 00 40 9C 46 00 40 9C 46 00 40 9C 46
00 40 9C 46 00 40 9C 46 00 40 9C 46 00 40 9C 46 00 40 9C 46 00 40 9C 46 00 40 9C 46 00 40 9C 46
00 40 9C 46 00 40 9C 46 00 40 9C 46 00 40 9C 46 00 40 9C 46 00 40 9C 46 00 40 9C 46 00 40 9C 46
00 40 9C 46 00 40 9C 46 00 40 9C 46 00 40 9C 46 00 40 9C 46 00 40 9C 46 00 40 9C 46 00 40 9C 46
00 40 9C 46 00 40 9C 46 00 40 9C 46 00 40 9C 46 00 40 9C 46 00 40 9C 46 00 40 9C 46 00 40 9C 46
00 40 9C 46 00 40 9C 46 00 40 9C 46 00 40 9C 46 00 40 9C 46 00 40 9C 46 00 40 9C 46 00 40 9C 46
00 40 9C 46 00 40 9C 46 00 40 9C 46 00 40 9C 46 00 40 9C 46 00 40 9C 46 00 40 9C 46 00 40 9C 46
00 40 9C 46 00 40 9C 46 00 40 9C 46 00 40 9C 46 00 40 9C 46 00 40 9C 46 00 40 9C 46 00 40 9C 46
00 40 9C 46 00 40 9C 46 00 40 9C 46 00 40 9C 46 00 40 9C 46 00 40 9C 46 00 40 9C 46 00 40 9C 46
00 40 9C 46 00 40 9C 46 00 40 9C 46 00 40 9C 46 00 40 9C 46 00 40 9C 46 00 40 9C 46 00 40 9C 46
00 40 9C 46 00 40 9C 46 00 40 9C 46 00 40 9C 46 00 40 9C 46 00 40 9C 46 00 40 9C 46 00 40 9C 46
00 40 9C 46 00 40 9C 46 00 40 9C 46 00 40 9C 46 00 40 9C 46 00 40 9C 46 00 40 9C 46 00 40 9C 46
00 40 9C 46 00 40 9C 46 00 40 9C 46 00 40 9C 46 00 40 9C 46 00 40 9C 46 00 40 9C 46 00 40 9C 46
00 40 9C 46 00 40 9C 46 00 40 9C 46 00 40 9C 46 00 40 9C 46 00 40 9C 46 00 40 9C 46 00 40 9C 46
00 40 9C 46 00 40 9C 46 00 40 9C 46 00 40 9C 46 00 40 9C 46 00 40 9C 46 00 40 9C 46 00 40 9C 46
00 40 9C 46 00 40 9C 46 00 40 9C 46 00 40 9C 46 00 40 9C 46 00 40 9C 46 00 40 9C 46 00 40 9C 46
00 40 9C 46 00 40 9C 46 00 40 9C 46 00 40 9C 46 00 40 9C 46 00 40 9C 46 00 40 9C 46 00 40 9C 46
00 40 9C 46 00 40 9C 46 00 40 9C 46 00 40 9C 46 00 40 9C 46 00 40 9C 46 00 40 9C 46 00 40 9C 46
00 40 9C 46 00 40 9C 46 00 40 9C 46 00 40 9C 46 00 40 9C 46 00 40 9C 46 00 40 9C 46 00 40 9C 46
00 40 9C 46 00 40 9C 46 00 40 9C 46 00 40 9C 46 00 40 9C 46 00 40 9C 46 00 40 9C 46 00 40 9C 46
00 40 9C 46 00 40 9C 46 00 40 9C 46 00 40 9C 46 00 40 9C 46 00 40 9C 46 00 40 9C 46 00 40 9C 46
00 40 9C 46 00 40 9C 46 00 40 9C 46 00 40 9C 46 00 40 9C 46 00 40 9C 46 00 40 9C 46 00 40 9C 46
00 40 9C 46 00 40 9C 46 00 40 9C 46 00 40 9C 46 00 40 9C 46 00 40 9C 46 00 40 9C 46 00 40 9C 46
00 40 9C 46 00 40 9C 46 00 40 9C 46 00 40 9C 46 00 40 9C 46 00 40 9C 46 00 40 9C 46 00 40 9C 46
00 40 9C 46 00 40 9C 46 00 40 9C 46 00 40 9C 46 00 40 9C 46 00 40 9C 46 00 40 9C 46 00 40 9C 46
00 40 9C 46 00 40 9C 46 00 40 9C 46 00 40 9C 46 00 40 9C 46 00 40 9C 46 00 40 9C 46 00 40 9C 46
00 40 9C 46 00 40 9C 46 00 40 9C 46 00 40 9C 46 00 40 9C 46 00 40 9C 46 00 40 9C 46 00 40 9C 46
00 40 9C 46 00 40 9C 46 00 40 9C 46 00 40 9C 46 00 40 9C 46 00 40 9C 46 00 40 9C 46 00 40 9C 46
00 40 9C 46 00 40 9C 46 00 40 9C 46 00 40 9C 46 00 40 9C 46 00 40 9C 46 00 40 9C 46 00 40 9C 46
00 40 9C 46 00 40 9C 46 00 40 9C 46 00 40 9C 46 00 40 9C 46 00 40 9C 46 00 40 9C 46 00 40 9C 46
00 40 9C 46 00 40 9C 46 00 40 9C 46 00 40 9C 46 00 40 9C 46 00 40 9C 46 00 40 9C 46 00 40 9C 46
00 40 9C 46 00 40 9C 46 00 40 9C 46 00 40 9C 46 00 40 9C 46 00 40 9C 46 00 40 9C 46 00 40 9C 46
00 40 9C 46 00 40 9C 46 00 40 9C 46 00 40 9C 46 00 40 9C 46 00 40 9C 46 00 40 9C 46 00 40 9C 46
00 40 9C 46 00 40 9C 46 00 40 9C 46 00 40 9C 46 00 40 9C 46 00 40 9C 46 00 40 9C 46 00 40 9C 46
00 40 9C 46 00 40 9C 46 00 40 9C 46 00 40 9C 46 00 40 9C 46 00 40 9C 46 00 40 9C 46 00 40 9C 46
00 40 9C 46 00 40 9C 46 00 40 9C 46 00 40 9C 46 00 40 9C 46 00 40 9C 46 00 40 9C 46 00 40 9C 46
00 40 9C 46 00 40 9C 46 00 40 9C 46 00 40 9C 46 00 40 9C 46 00 40 9C 46 13 8B ED 46 BE 59 EB 46
AD 32 E9 46 9A 15 E7 46 3F 02 E5 46 59 F8 E2 46 AA F7 E0 46 F3 FF DE 46 F6 10 DD 46 7E 2A DB 46
50 4C D9 46 36 76 D7 46 FE A7 D5 46 75 E1 D3 46 6A 22 D2 46 AE 6A D0 46 12 BA CE 46 6D 10 CD 46
92 6D CB 46 58 D1 C9 46 99 3B C8 46 2C AC C6 46 EC 22 C5 46 B5 9F C3 46 64 22 C2 46 D6 AA C0 46
EA 38 BF 46 80 CC BD 46 79 65 BC 46 B7 03 BB 46 1A A7 B9 46 88 4F B8 46 E6 FC B6 46 15 AF B5 46
FF 65 B4 46 88 21 B3 46 98 E1 B1 46 18 A6 B0 46 EF 6E AF 46 06 3C AE 46 48 0D AD 46 9F E2 AB 46
F5 BB AA 46 38 99 A9 46 52 7A A8 46 30 5F A7 46 C0 47 A6 46 EF 33 A5 46 AB 23 A4 46 E3 16 A3 46
85 0D A2 46 81 07 A1 46 C9 04 A0 46 49 05 9F 46 F4 08 9E 46 BC 0F 9D 46 00 40 9C 46 00 40 9C 46
00 40 9C 46 00 40 9C 46 00 40 9C 46 00 40 9C 46 00 40 9C 46 00 40 9C 46 00 40 9C 46 00 40 9C 46
00 40 9C 46 00 40 9C 46 00 40 9C 46 00 40 9C 46 00 40 9C 46 00 40 9C 46 00 40 9C 46 00 40 9C 46
00 40 9C 46 00 40 9C 46 00 40 9C 46 00 40 9C 46 00 40 9C 46 00 40 9C 46 00 40 9C 46 00 40 9C 46
00 40 9C 46 00 40 9C 46 00 40 9C 46 00 40 9C 46 00 40 9C 46 00 40 9C 46 00 40 9C 46 00 40 9C 46
00 40 9C 46 00 40 9C 46 00 40 9C 46 00 40 9C 46 00 40 9C 46 00 40 9C 46 00 40 9C 46 00 40 9C 46
00 40 9C 46 00 40 9C 46 00 40 9C 46 00 40 9C 46 00 40 9C 46 00 40 9C 46 00 40 9C 46 00 40 9C 46
00 40 9C 46 00 40 9C 46 00 40 9C 46 00 40 9C 46 00 40 9C 46 00 40 9C 46 00 40 9C 46 00 40 9C 46
00 40 9C 46 00 40 9C 46 00 40 9C 46 00 40 9C 46 00 40 9C 46 00 40 9C 46 00 40 9C 46 00 40 9C 46
00 40 9C 46 00 40 9C 46 00 40 9C 46 00 40 9C 46 00 40 9C 46 00 40 9C 46 00 40 9C 46 00 40 9C 46
00 40 9C 46 00 40 9C 46 00 40 9C 46 00 40 9C 46 00 40 9C 46 00 40 9C 46 00 40 9C 46 00 40 9C 46
00 40 9C 46 00 40 9C 46 00 40 9C 46 00 40 9C 46 00 40 9C 46 00 40 9C 46 00 40 9C 46 00 40 9C 46
00 40 9C 46 00 40 9C 46 00 40 9C 46 00 40 9C 46 00 40 9C 46 00 40 9C 46 00 40 9C 46 00 40 9C 46
00 40 9C 46 00 40 9C 46 00 40 9C 46 00 40 9C 46 00 40 9C 46 00 40 9C 46 00 40 9C 46 00 40 9C 46
00 40 9C 46 00 40 9C 46 00 40 9C 46 00 40 9C 46 00 40 9C 46 00 40 9C 46 00 40 9C 46 00 40 9C 46
00 40 9C 46 00 40 9C 46 00 40 9C 46 00 40 9C 46 00 40 9C 46 00 40 9C 46 00 40 9C 46 00 40 9C 46
00 40 9C 46 00 40 9C 46 00 40 9C 46 00 40 9C 46 00 40 9C 46 00 40 9C 46 00 40 9C 46 00 40 9C 46
00 40 9C 46 00 40 9C 46 00 40 9C 46 00 40 9C 46 00 40 9C 46 00 40 9C 46 00 40 9C 46 00 40 9C 46
00 40 9C 46 00 40 9C 46 00 40 9C 46 00 40 9C 46 00 40 9C 46 00 40 9C 46 00 40 9C 46 00 40 9C 46
00 40 9C 46 00 40 9C 46 00 40 9C 46 00 40 9C 46 00 40 9C 46 00 40 9C 46 00 40 9C 46 00 40 9C 46
00 40 9C 46 00 40 9C 46 00 40 9C 46 00 40 9C 46 00 40 9C 46 00 40 9C 46 00 40 9C 46 00 40 9C 46
00 40 9C 46 00 40 9C 46 00 40 9C 46 00 40 9C 46 00 40 9C 46 00 40 9C 46 00 40 9C 46 00 40 9C 46
00 40 9C 46 00 40 9C 46 00 40 9C 46 00 40 9C 46 00 40 9C 46 00 40 9C 46 00 40 9C 46 00 40 9C 46
00 40 9C 46 00 40 9C 46 00 40 9C 46 00 40 9C 46 00 40 9C 46 00 40 9C 46 00 40 9C 46 00 40 9C 46
00 40 9C 46 00 40 9C 46 00 40 9C 46 00 40 9C 46 00 40 9C 46 00 40 9C 46 00 40 9C 46 00 40 9C 46
00 40 9C 46 00 40 9C 46 00 40 9C 46 00 40 9C 46 00 40 9C 46 00 40 9C 46 00 40 9C 46 00 40 9C 46
00 40 9C 46 00 40 9C 46 00 40 9C 46 00 40 9C 46 00 40 9C 46 00 40 9C 46 00 40 9C 46 00 40 9C 46
00 40 9C 46 00 40 9C 46 00 40 9C 46 00 40 9C 46 00 40 9C 46 00 40 9C 46 00 40 9C 46 00 40 9C 46
00 40 9C 46 00 40 9C 46 00 40 9C 46 00 40 9C 46 00 40 9C 46 00 40 9C 46 00 40 9C 46 00 40 9C 46
00 40 9C 46 00 40 9C 46 00 40 9C 46 00 40 9C 46 00 40 9C 46 00 40 9C 46 00 40 9C 46 00 40 9C 46
00 40 9C 46 00 40 9C 46 00 40 9C 46 00 40 9C 46 00 40 9C 46 00 40 9C 46 00 40 9C 46 00 40 9C 46
00 40 9C 46 00 40 9C 46 00 40 9C 46 00 40 9C 46 00 40 9C 46 00 40 9C 46 00 40 9C 46 00 40 9C 46
00 40 9C 46 00 40 9C 46 00 40 9C 46 00 40 9C 46 00 40 9C 46 00 40 9C 46 00 40 9C 46 00 40 9C 46
00 40 9C 46 00 40 9C 46 00 40 9C 46 00 40 9C 46 00 40 9C 46 00 40 9C 46 00 40 9C 46 00 40 9C 46
00 40 9C 46 00 40 9C 46 00 40 9C 46 00 40 9C 46 00 40 9C 46 00 40 9C 46 00 40 9C 46 00 40 9C 46
00 40 9C 46 00 40 9C 46 00 40 9C 46 00 40 9C 46 00 40 9C 46 00 40 9C 46 00 40 9C 46 00 40 9C 46
00 40 9C 46 00 40 9C 46 00 40 9C 46 00 40 9C 46 00 40 9C 46 00 40 9C 46 00 40 9C 46 00 40 9C 46
00 40 9C 46 00 40 9C 46 00 40 9C 46 00 40 9C 46 00 40 9C 46 00 40 9C 46 00 40 9C 46 00 40 9C 46
00 40 9C 46 00 40 9C 46 00 40 9C 46 00 40 9C 46 00 40 9C 46 00 40 9C 46 00 40 9C 46 00 40 9C 46
00 40 9C 46 00 40 9C 46 00 40 9C 46 00 40 9C 46 00 40 9C 46 00 40 9C 46 00 40 9C 46 00 40 9C 46
00 40 9C 46 00 40 9C 46 00 40 9C 46 00 40 9C 46 00 40 9C 46 00 40 9C 46 00 40 9C 46 00 40 9C 46
00 40 9C 46 00 40 9C 46 00 40 9C 46 00 40 9C 46 00 40 9C 46 00 40 9C 46 00 40 9C 46 00 40 9C 46
00 40 9C 46 00 40 9C 46 00 40 9C 46 00 40 9C 46 00 40 9C 46 00 40 9C 46 00 40 9C 46 00 40 9C 46
00 40 9C 46 00 40 9C 46 00 40 9C 46 00 40 9C 46 00 40 9C 46 00 40 9C 46 00 40 9C 46 00 40 9C 46
00 40 9C 46 00 40 9C 46 00 40 9C 46 00 40 9C 46 00 40 9C 46 00 40 9C 46 00 40 9C 46 00 40 9C 46
00 40 9C 46 00 40 9C 46 00 40 9C 46 00 40 9C 46 00 40 9C 46 00 40 9C 46 00 40 9C 46 00 40 9C 46
00 40 9C 46 00 40 9C 46 00 40 9C 46 00 40 9C 46 00 40 9C 46 00 40 9C 46 00 40 9C 46 00 40 9C 46
00 40 9C 46 00 40 9C 46 00 40 9C 46 00 40 9C 46 00 40 9C 46 00 40 9C 46 00 40 9C 46 00 40 9C 46
00 40 9C 46 00 40 9C 46 00 40 9C 46 00 40 9C 46 00 40 9C 46 00 40 9C 46 00 40 9C 46 00 40 9C 46
00 40 9C 46 00 40 9C 46 00 40 9C 46 00 40 9C 46 00 40 9C 46 00 40 9C 46 00 40 9C 46 00 40 9C 46
00 40 9C 46 00 40 9C 46 00 40 9C 46 00 40 9C 46 00 40 9C 46 00 40 9C 46 00 40 9C 46 00 40 9C 46
00 40 9C 46 00 40 9C 46 00 40 9C 46 00 40 9C 46 00 40 9C 46 00 40 9C 46 00 40 9C 46 00 40 9C 46
00 40 9C 46 00 40 9C 46 00 40 9C 46 00 40 9C 46 00 40 9C 46 00 40 9C 46 00 40 9C 46 00 40 9C 46
00 40 9C 46 00 40 9C 46 00 40 9C 46 00 40 9C 46 00 40 9C 46 00 40 9C 46 00 40 9C 46 00 40 9C 46
00 40 9C 46 00 40 9C 46 00 40 9C 46 00 40 9C 46 00 40 9C 46 00 40 9C 46 00 40 9C 46 00 40 9C 46
00 40 9C 46 00 40 9C 46 00 40 9C 46 00 40 9C 46 00 40 9C 46 00 40 9C 46 00 40 9C 46 00 40 9C 46
00 40 9C 46 00 40 9C 46 4F BA E6 46 F7 A2 E4 46 3E 95 E2 46 DF 90 E0 46 9E 95 DE 46 3D A3 DC 46
7F B9 DA 46 2D D8 D8 46 10 FF D6 46 F1 2D D5 46 9E 64 D3 46 E6 A2 D1 46 97 E8 CF 46 83 35 CE 46
7C 89 CC 46 59 E4 CA 46 EF 45 C9 46 13 AE C7 46 A0 1C C6 46 6E 91 C4 46 58 0C C3 46 3B 8D C1 46
F5 13 C0 46 60 A0 BE 46 60 32 BD 46 D2 C9 BB 46 98 66 BA 46 96 08 B9 46 AA AF B7 46 BC 5B B6 46
B0 0C B5 46 68 C2 B3 46 CF 7C B2 46 C8 3B B1 46 3B FF AF 46 12 C7 AE 46 35 93 AD 46 8C 63 AC 46
03 38 AB 46 84 10 AA 46 FA EC A8 46 51 CD A7 46 75 B1 A6 46 53 99 A5 46 D9 84 A4 46 F4 73 A3 46
92 66 A2 46 A3 5C A1 46 15 56 A0 46 D7 52 9F 46 DC 52 9E 46 11 56 9D 46 69 5C 9C 46 00 40 9C 46
00 40 9C 46 00 40 9C 46 00 40 9C 46 00 40 9C 46 00 40 9C 46 00 40 9C 46 00 40 9C 46 00 40 9C 46
00 40 9C 46 00 40 9C 46 00 40 9C 46 00 40 9C 46 00 40 9C 46 00 40 9C 46 00 40 9C 46 00 40 9C 46
00 40 9C 46 00 40 9C 46 00 40 9C 46 00 40 9C 46 00 40 9C 46 00 40 9C 46 00 40 9C 46 00 40 9C 46
00 40 9C 46 00 40 9C 46 00 40 9C 46 00 40 9C 46 00 40 9C 46 00 40 9C 46 00 40 9C 46 00 40 9C 46
00 40 9C 46 00 40 9C 46 00 40 9C 46 00 40 9C 46 00 40 9C 46 00 40 9C 46 00 40 9C 46 00 40 9C 46
00 40 9C 46 00 40 9C 46 00 40 9C 46 00 40 9C 46 00 40 9C 46 00 40 9C 46 00 40 9C 46 00 40 9C 46
00 40 9C 46 00 40 9C 46 00 40 9C 46 00 40 9C 46 00 40 9C 46 00 40 9C 46 00 40 9C 46 00 40 9C 46
00 40 9C 46 00 40 9C 46 00 40 9C 46 00 40 9C 46 00 40 9C 46 00 40 9C 46 00 40 9C 46 00 40 9C 46
00 40 9C 46 00 40 9C 46 00 40 9C 46 00 40 9C 46 00 40 9C 46 00 40 9C 46 00 40 9C 46 00 40 9C 46
00 40 9C 46 00 40 9C 46 00 40 9C 46 00 40 9C 46 00 40 9C 46 00 40 9C 46 00 40 9C 46 00 40 9C 46
00 40 9C 46 00 40 9C 46 00 40 9C 46 00 40 9C 46 00 40 9C 46 00 40 9C 46 00 40 9C 46 00 40 9C 46
00 40 9C 46 00 40 9C 46 00 40 9C 46 00 40 9C 46 00 40 9C 46 00 40 9C 46 00 40 9C 46 00 40 9C 46
00 40 9C 46 00 40 9C 46 00 40 9C 46 00 40 9C 46 00 40 9C 46 00 40 9C 46 00 40 9C 46 00 40 9C 46
00 40 9C 46 00 40 9C 46 00 40 9C 46 00 40 9C 46 00 40 9C 46 00 40 9C 46 00 40 9C 46 00 40 9C 46
00 40 9C 46 00 40 9C 46 00 40 9C 46 00 40 9C 46 00 40 9C 46 00 40 9C 46 00 40 9C 46 00 40 9C 46
00 40 9C 46 00 40 9C 46 00 40 9C 46 00 40 9C 46 00 40 9C 46 00 40 9C 46 00 40 9C 46 00 40 9C 46
00 40 9C 46 00 40 9C 46 00 40 9C 46 00 40 9C 46 00 40 9C 46 00 40 9C 46 00 40 9C 46 00 40 9C 46
00 40 9C 46 00 40 9C 46 00 40 9C 46 00 40 9C 46 00 40 9C 46 00 40 9C 46 00 40 9C 46 00 40 9C 46
00 40 9C 46 00 40 9C 46 00 40 9C 46 00 40 9C 46 00 40 9C 46 00 40 9C 46 00 40 9C 46 00 40 9C 46
00 40 9C 46 00 40 9C 46 00 40 9C 46 00 40 9C 46 00 40 9C 46 00 40 9C 46 00 40 9C 46 00 40 9C 46
00 40 9C 46 00 40 9C 46 00 40 9C 46 00 40 9C 46 00 40 9C 46 00 40 9C 46 00 40 9C 46 00 40 9C 46
00 40 9C 46 00 40 9C 46 00 40 9C 46 00 40 9C 46 00 40 9C 46 00 40 9C 46 00 40 9C 46 00 40 9C 46
00 40 9C 46 00 40 9C 46 00 40 9C 46 00 40 9C 46 00 40 9C 46 00 40 9C 46 00 40 9C 46 00 40 9C 46
00 40 9C 46 00 40 9C 46 00 40 9C 46 00 40 9C 46 00 40 9C 46 00 40 9C 46 00 40 9C 46 00 40 9C 46
00 40 9C 46 00 40 9C 46 00 40 9C 46 00 40 9C 46 00 40 9C 46 00 40 9C 46 00 40 9C 46 00 40 9C 46
00 40 9C 46 00 40 9C 46 00 40 9C 46 00 40 9C 46 00 40 9C 46 00 40 9C 46 00 40 9C 46 00 40 9C 46
00 40 9C 46 00 40 9C 46 00 40 9C 46 00 40 9C 46 00 40 9C 46 00 40 9C 46 00 40 9C 46 00 40 9C 46
00 40 9C 46 00 40 9C 46 00 40 9C 46 00 40 9C 46 00 40 9C 46 00 40 9C 46 00 40 9C 46 00 40 9C 46
00 40 9C 46 00 40 9C 46 00 40 9C 46 00 40 9C 46 00 40 9C 46 00 40 9C 46 00 40 9C 46 00 40 9C 46
00 40 9C 46 00 40 9C 46 00 40 9C 46 00 40 9C 46 00 40 9C 46 00 40 9C 46 00 40 9C 46 00 40 9C 46
00 40 9C 46 00 40 9C 46 00 40 9C 46 00 40 9C 46 00 40 9C 46 00 40 9C 46 00 40 9C 46 00 40 9C 46
00 40 9C 46 00 40 9C 46 00 40 9C 46 00 40 9C 46 00 40 9C 46 00 40 9C 46 00 40 9C 46 00 40 9C 46
00 40 9C 46 00 40 9C 46 00 40 9C 46 00 40 9C 46 00 40 9C 46 00 40 9C 46 00 40 9C 46 00 40 9C 46
00 40 9C 46 00 40 9C 46 00 40 9C 46 00 40 9C 46 00 40 9C 46 00 40 9C 46 00 40 9C 46 00 40 9C 46
00 40 9C 46 00 40 9C 46 00 40 9C 46 00 40 9C 46 00 40 9C 46 00 40 9C 46 00 40 9C 46 00 40 9C 46
00 40 9C 46 00 40 9C 46 00 40 9C 46 00 40 9C 46 00 40 9C 46 00 40 9C 46 00 40 9C 46 00 40 9C 46
00 40 9C 46 00 40 9C 46 00 40 9C 46 00 40 9C 46 00 40 9C 46 00 40 9C 46 00 40 9C 46 00 40 9C 46
00 40 9C 46 00 40 9C 46 00 40 9C 46 00 40 9C 46 00 40 9C 46 00 40 9C 46 00 40 9C 46 00 40 9C 46
00 40 9C 46 00 40 9C 46 00 40 9C 46 00 40 9C 46 00 40 9C 46 00 40 9C 46 00 40 9C 46 00 40 9C 46
00 40 9C 46 00 40 9C 46 00 40 9C 46 00 40 9C 46 00 40 9C 46 00 40 9C 46 00 40 9C 46 00 40 9C 46
00 40 9C 46 00 40 9C 46 00 40 9C 46 00 40 9C 46 00 40 9C 46 00 40 9C 46 00 40 9C 46 00 40 9C 46
00 40 9C 46 00 40 9C 46 00 40 9C 46 00 40 9C 46 00 40 9C 46 00 40 9C 46 00 40 9C 46 00 40 9C 46
00 40 9C 46 00 40 9C 46 00 40 9C 46 00 40 9C 46 00 40 9C 46 00 40 9C 46 00 40 9C 46 00 40 9C 46
00 40 9C 46 00 40 9C 46 00 40 9C 46 00 40 9C 46 00 40 9C 46 00 40 9C 46 00 40 9C 46 00 40 9C 46
00 40 9C 46 00 40 9C 46 00 40 9C 46 00 40 9C 46 00 40 9C 46 00 40 9C 46 00 40 9C 46 00 40 9C 46
00 40 9C 46 00 40 9C 46 00 40 9C 46 00 40 9C 46 00 40 9C 46 00 40 9C 46 00 40 9C 46 00 40 9C 46
00 40 9C 46 00 40 9C 46 00 40 9C 46 00 40 9C 46 00 40 9C 46 00 40 9C 46 00 40 9C 46 00 40 9C 46
00 40 9C 46 00 40 9C 46 00 40 9C 46 00 40 9C 46 00 40 9C 46 00 40 9C 46 00 40 9C 46 00 40 9C 46
00 40 9C 46 00 40 9C 46 00 40 9C 46 00 40 9C 46 00 40 9C 46 00 40 9C 46 00 40 9C 46 00 40 9C 46
00 40 9C 46 00 40 9C 46 00 40 9C 46 00 40 9C 46 00 40 9C 46 00 40 9C 46 00 40 9C 46 00 40 9C 46
00 40 9C 46 00 40 9C 46 00 40 9C 46 00 40 9C 46 00 40 9C 46 00 40 9C 46 00 40 9C 46 00 40 9C 46
00 40 9C 46 00 40 9C 46 00 40 9C 46 00 40 9C 46 00 40 9C 46 00 40 9C 46 00 40 9C 46 00 40 9C 46
00 40 9C 46 00 40 9C 46 00 40 9C 46 00 40 9C 46 00 40 9C 46 00 40 9C 46 00 40 9C 46 00 40 9C 46
00 40 9C 46 00 40 9C 46 00 40 9C 46 00 40 9C 46 00 40 9C 46 00 40 9C 46 00 40 9C 46 00 40 9C 46
00 40 9C 46 00 40 9C 46 00 40 9C 46 00 40 9C 46 00 40 9C 46 00 40 9C 46 00 40 9C 46 00 40 9C 46
00 40 9C 46 00 40 9C 46 00 40 9C 46 00 40 9C 46 00 40 9C 46 00 40 9C 46 CF E0 EA 46 D6 BF E8 46
A7 A8 E6 46 FF 9A E4 46 9E 96 E2 46 46 9B E0 46 B8 A8 DE 46 BE BE DC 46 1F DD DA 46 A1 03 D9 46
15 32 D7 46 45 68 D5 46 02 A6 D3 46 1A EB D1 46 61 37 D0 46 AA 8A CE 46 CB E4 CC 46 99 45 CB 46
ED AC C9 46 A0 1A C8 46 8A 8E C6 46 89 08 C5 46 79 88 C3 46 36 0E C2 46 A0 99 C0 46 96 2A BF 46
F8 C0 BD 46 AA 5C BC 46 8A FD BA 46 7E A3 B9 46 6B 4E B8 46 33 FE B6 46 BE B2 B5 46 F1 6B B4 46
B2 29 B3 46 EC EB B1 46 85 B2 B0 46 66 7D AF 46 7A 4C AE 46 AA 1F AD 46 E1 F6 AB 46 0B D2 AA 46
14 B1 A9 46 E8 93 A8 46 75 7A A7 46 A7 64 A6 46 6C 52 A5 46 B5 43 A4 46 6D 38 A3 46 86 30 A2 46
F0 2B A1 46 99 2A A0 46 73 2C 9F 46 6F 31 9E 46 7D 39 9D 46 90 44 9C 46 00 40 9C 46 00 40 9C 46
00 40 9C 46 00 40 9C 46 00 40 9C 46 00 40 9C 46 00 40 9C 46 00 40 9C 46 00 40 9C 46 00 40 9C 46
00 40 9C 46 00 40 9C 46 00 40 9C 46 00 40 9C 46 00 40 9C 46 00 40 9C 46 00 40 9C 46 00 40 9C 46
00 40 9C 46 00 40 9C 46 00 40 9C 46 00 40 9C 46 00 40 9C 46 00 40 9C 46 00 40 9C 46 00 40 9C 46
00 40 9C 46 00 40 9C 46 00 40 9C 46 00 40 9C 46 00 40 9C 46 00 40 9C 46 00 40 9C 46 00 40 9C 46
00 40 9C 46 00 40 9C 46 00 40 9C 46 00 40 9C 46 00 40 9C 46 00 40 9C 46 00 40 9C 46 00 40 9C 46
00 40 9C 46 00 40 9C 46 00 40 9C 46 00 40 9C 46 00 40 9C 46 00 40 9C 46 00 40 9C 46 00 40 9C 46
00 40 9C 46 00 40 9C 46 00 40 9C 46 00 40 9C 46 00 40 9C 46 00 40 9C 46 00 40 9C 46 00 40 9C 46
00 40 9C 46 00 40 9C 46 00 40 9C 46 00 40 9C 46 00 40 9C 46 00 40 9C 46 00 40 9C 46 00 40 9C 46
00 40 9C 46 00 40 9C 46 00 40 9C 46 00 40 9C 46 00 40 9C 46 00 40 9C 46 00 40 9C 46 00 40 9C 46
00 40 9C 46 00 40 9C 46 00 40 9C 46 00 40 9C 46 00 40 9C 46 00 40 9C 46 00 40 9C 46 00 40 9C 46
00 40 9C 46 00 40 9C 46 00 40 9C 46 00 40 9C 46 00 40 9C 46 00 40 9C 46 00 40 9C 46 00 40 9C 46
00 40 9C 46 00 40 9C 46 00 40 9C 46 00 40 9C 46 00 40 9C 46 00 40 9C 46 00 40 9C 46 00 40 9C 46
00 40 9C 46 00 40 9C 46 00 40 9C 46 00 40 9C 46 00 40 9C 46 00 40 9C 46 00 40 9C 46 00 40 9C 46
00 40 9C 46 00 40 9C 46 00 40 9C 46 00 40 9C 46 00 40 9C 46 00 40 9C 46 00 40 9C 46 00 40 9C 46
00 40 9C 46 00 40 9C 46 00 40 9C 46 00 40 9C 46 00 40 9C 46 00 40 9C 46 00 40 9C 46 00 40 9C 46
00 40 9C 46 00 40 9C 46 00 40 9C 46 00 40 9C 46 00 40 9C 46 00 40 9C 46 00 40 9C 46 00 40 9C 46
00 40 9C 46 00 40 9C 46 00 40 9C 46 00 40 9C 46 00 40 9C 46 00 40 9C 46 00 40 9C 46 00 40 9C 46
00 40 9C 46 00 40 9C 46 00 40 9C 46 00 40 9C 46 00 40 9C 46 00 40 9C 46 00 40 9C 46 00 40 9C 46
00 40 9C 46 00 40 9C 46 00 40 9C 46 00 40 9C 46 00 40 9C 46 00 40 9C 46 00 40 9C 46 00 40 9C 46
00 40 9C 46 00 40 9C 46 00 40 9C 46 00 40 9C 46 00 40 9C 46 00 40 9C 46 00 40 9C 46 00 40 9C 46
00 40 9C 46 00 40 9C 46 00 40 9C 46 00 40 9C 46 00 40 9C 46 00 40 9C 46 00 40 9C 46 00 40 9C 46
00 40 9C 46 00 40 9C 46 00 40 9C 46 00 40 9C 46 00 40 9C 46 00 40 9C 46 00 40 9C 46 00 40 9C 46
00 40 9C 46 00 40 9C 46 00 40 9C 46 00 40 9C 46 00 40 9C 46 00 40 9C 46 00 40 9C 46 00 40 9C 46
00 40 9C 46 00 40 9C 46 00 40 9C 46 00 40 9C 46 00 40 9C 46 00 40 9C 46 00 40 9C 46 00 40 9C 46
00 40 9C 46 00 40 9C 46 00 40 9C 46 00 40 9C 46 00 40 9C 46 00 40 9C 46 00 40 9C 46 00 40 9C 46
00 40 9C 46 00 40 9C 46 00 40 9C 46 00 40 9C 46 00 40 9C 46 00 40 9C 46 00 40 9C 46 00 40 9C 46
00 40 9C 46 00 40 9C 46 00 40 9C 46 00 40 9C 46 00 40 9C 46 00 40 9C 46 00 40 9C 46 00 40 9C 46
00 40 9C 46 00 40 9C 46 00 40 9C 46 00 40 9C 46 00 40 9C 46 00 40 9C 46 00 40 9C 46 00 40 9C 46
00 40 9C 46 00 40 9C 46 00 40 9C 46 00 40 9C 46 00 40 9C 46 00 40 9C 46 00 40 9C 46 00 40 9C 46
00 40 9C 46 00 40 9C 46 00 40 9C 46 00 40 9C 46 00 40 9C 46 00 40 9C 46 00 40 9C 46 00 40 9C 46
00 40 9C 46 00 40 9C 46 00 40 9C 46 00 40 9C 46 00 40 9C 46 00 40 9C 46 00 40 9C 46 00 40 9C 46
00 40 9C 46 00 40 9C 46 00 40 9C 46 00 40 9C 46 00 40 9C 46 00 40 9C 46 00 40 9C 46 00 40 9C 46
00 40 9C 46 00 40 9C 46 00 40 9C 46 00 40 9C 46 00 40 9C 46 00 40 9C 46 00 40 9C 46 00 40 9C 46
00 40 9C 46 00 40 9C 46 00 40 9C 46 00 40 9C 46 00 40 9C 46 00 40 9C 46 00 40 9C 46 00 40 9C 46
00 40 9C 46 00 40 9C 46 00 40 9C 46 00 40 9C 46 00 40 9C 46 00 40 9C 46 00 40 9C 46 00 40 9C 46
00 40 9C 46 00 40 9C 46 00 40 9C 46 00 40 9C 46 00 40 9C 46 00 40 9C 46 00 40 9C 46 00 40 9C 46
00 40 9C 46 00 40 9C 46 00 40 9C 46 00 40 9C 46 00 40 9C 46 00 40 9C 46 00 40 9C 46 00 40 9C 46
00 40 9C 46 00 40 9C 46 00 40 9C 46 00 40 9C 46 00 40 9C 46 00 40 9C 46 00 40 9C 46 00 40 9C 46
00 40 9C 46 00 40 9C 46 00 40 9C 46 00 40 9C 46 00 40 9C 46 00 40 9C 46 00 40 9C 46 00 40 9C 46
00 40 9C 46 00 40 9C 46 00 40 9C 46 00 40 9C 46 00 40 9C 46 00 40 9C 46 00 40 9C 46 00 40 9C 46
00 40 9C 46 00 40 9C 46 00 40 9C 46 00 40 9C 46 00 40 9C 46 00 40 9C 46 00 40 9C 46 00 40 9C 46
00 40 9C 46 00 40 9C 46 00 40 9C 46 00 40 9C 46 00 40 9C 46 00 40 9C 46 00 40 9C 46 00 40 9C 46
00 40 9C 46 00 40 9C 46 00 40 9C 46 00 40 9C 46 00 40 9C 46 00 40 9C 46 00 40 9C 46 00 40 9C 46
00 40 9C 46 00 40 9C 46 00 40 9C 46 00 40 9C 46 00 40 9C 46 00 40 9C 46 00 40 9C 46 00 40 9C 46
00 40 9C 46 00 40 9C 46 00 40 9C 46 00 40 9C 46 00 40 9C 46 00 40 9C 46 00 40 9C 46 00 40 9C 46
00 40 9C 46 00 40 9C 46 00 40 9C 46 00 40 9C 46 00 40 9C 46 00 40 9C 46 00 40 9C 46 00 40 9C 46
00 40 9C 46 00 40 9C 46 00 40 9C 46 00 40 9C 46 00 40 9C 46 00 40 9C 46 00 40 9C 46 00 40 9C 46
00 40 9C 46 00 40 9C 46 00 40 9C 46 00 40 9C 46 00 40 9C 46 00 40 9C 46 00 40 9C 46 00 40 9C 46
00 40 9C 46 00 40 9C 46 00 40 9C 46 00 40 9C 46 00 40 9C 46 00 40 9C 46 00 40 9C 46 00 00 00 00
