00 00 00 C0 00 00 00 40 00 00 E0 40 00 00 40 40 00 00 40 40 00 00 C0 40 00 00 80 40 00 00 C0 40
00 00 20 41 00 00 00 41 00 00 80 40 00 00 10 41 00 00 60 41 00 00 10 41 00 00 00 41 00 00 30 41
00 00 10 41 00 00 20 41 00 00 40 41 00 00 10 41 00 00 40 40 00 00 E0 40 00 00 30 41 00 00 A0 40
00 00 A0 40 00 00 C0 40 00 00 40 40 00 00 00 40 00 00 80 40 00 00 80 3F 00 00 80 C0 00 00 00 00
00 00 80 40 00 00 00 C0 00 00 C0 C0 00 00 A0 C0 00 00 00 C1 00 00 10 C1 00 00 E0 C0 00 00 20 C1
00 00 88 C1 00 00 80 C1 00 00 40 C1 00 00 70 C1 00 00 60 C1 00 00 40 C1 00 00 70 C1 00 00 70 C1
00 00 30 C1 00 00 40 C1 00 00 88 C1 00 00 80 C1 00 00 40 C1 00 00 80 C1 00 00 80 C1 00 00 50 C1
00 00 60 C1 00 00 40 C1 00 00 00 C1 00 00 00 C1 00 00 50 C1 00 00 20 C1 00 00 A0 C0 00 00 00 C1
00 00 00 C1 00 00 A0 C0 00 00 C0 C0 00 00 A0 C0 00 00 00 00 00 00 80 3F 00 00 40 C0 00 00 00 C0
00 00 80 3F 00 00 00 C0 00 00 00 C0 00 00 00 00 00 00 00 C0 00 00 00 C0 00 00 80 3F 00 00 80 3F
00 00 80 C0 00 00 40 C0 00 00 00 40 00 00 80 BF 00 00 80 BF 00 00 00 00 00 00 40 C0 00 00 40 C0
00 00 00 00 00 00 80 3F 00 00 80 C0 00 00 00 C0 00 00 40 40 00 00 80 3F 00 00 80 3F 00 00 00 40
00 00 80 BF 00 00 80 BF 00 00 00 40 00 00 40 40 00 00 80 BF 00 00 00 00 00 00 80 40 00 00 80 3F
00 00 00 00 00 00 80 3F 00 00 80 BF 00 00 80 BF 00 00 00 40 00 00 00 40 00 00 00 C0 00 00 80 BF
00 00 80 40 00 00 80 3F 00 00 00 00 00 00 80 3F 00 00 80 BF 00 00 80 BF 00 00 00 40 00 00 80 3F
00 00 80 C0 00 00 40 C0 00 00 80 3F 00 00 80 BF 00 00 80 BF 00 00 80 3F 00 00 80 BF 00 00 80 BF
00 00 00 40 00 00 40 40 00 00 00 C0 00 00 00 C0 00 00 40 40 00 00 80 3F 00 00 00 00 00 00 00 40
00 00 00 00 00 00 80 BF 00 00 00 40 00 00 40 40 00 00 00 C0 00 00 80 BF 00 00 40 40 00 00 00 00
00 00 80 BF 00 00 00 00 00 00 80 BF 00 00 00 C0 00 00 80 3F 00 00 80 3F 00 00 40 C0 00 00 40 C0
00 00 00 40 00 00 00 00 00 00 80 BF 00 00 80 3F 00 00 80 BF 00 00 80 BF 00 00 00 40 00 00 40 40
00 00 40 C0 00 00 40 C0 00 00 00 40 00 00 00 00 00 00 80 BF 00 00 80 3F 00 00 80 BF 00 00 00 C0
00 00 80 3F 00 00 00 40 00 00 00 C0 00 00 00 C0 00 00 40 40 00 00 80 3F 00 00 80 BF 00 00 80 3F
00 00 80 BF 00 00 00 C0 00 00 80 3F 00 00 40 40 00 00 80 BF 00 00 00 C0 00 00 40 40 00 00 80 3F
00 00 80 BF 00 00 80 3F 00 00 80 BF 00 00 80 BF 00 00 80 3F 00 00 00 40 00 00 40 C0 00 00 80 C0
00 00 80 3F 00 00 00 00 00 00 80 BF 00 00 80 3F 00 00 80 BF 00 00 00 C0 00 00 80 3F 00 00 40 40
00 00 80 BF 00 00 00 C0 00 00 40 40 00 00 80 3F 00 00 80 BF 00 00 80 3F 00 00 80 BF 00 00 00 C0
00 00 00 00 00 00 00 40 00 00 00 C0 00 00 00 C0 00 00 00 40 00 00 80 3F 00 00 80 BF 00 00 80 3F
00 00 00 00 00 00 00 C0 00 00 80 3F 00 00 00 40 00 00 00 C0 00 00 40 C0 00 00 00 40 00 00 80 3F
00 00 80 BF 00 00 80 3F 00 00 00 00 00 00 80 BF 00 00 80 3F 00 00 40 40 00 00 00 C0 00 00 40 C0
00 00 80 3F 00 00 00 00 00 00 80 BF 00 00 80 3F 00 00 80 BF 00 00 00 C0 00 00 80 3F 00 00 40 40
00 00 00 00 00 00 80 BF 00 00 80 40 00 00 40 40 00 00 80 3F 00 00 40 40 00 00 00 40 00 00 00 00
00 00 40 40 00 00 A0 40 00 00 80 3F 00 00 00 C0 00 00 00 40 00 00 80 3F 00 00 00 C0 00 00 00 00
00 00 80 BF 00 00 00 C0 00 00 00 00 00 00 00 40 00 00 00 C0 00 00 80 C0 00 00 00 00 00 00 00 00
00 00 00 C0 00 00 80 BF 00 00 00 C0 00 00 40 C0 00 00 00 00 00 00 00 40 00 00 00 C0 00 00 80 C0
00 00 80 3F 00 00 00 00 00 00 40 C0 00 00 00 00 00 00 00 C0 00 00 40 C0 00 00 80 BF 00 00 00 40
00 00 00 C0 00 00 40 C0 00 00 80 3F 00 00 80 3F 00 00 80 BF 00 00 80 3F 00 00 00 00 00 00 00 C0
00 00 00 00 00 00 00 40 00 00 80 BF 00 00 00 C0 00 00 00 40 00 00 00 40 00 00 00 00 00 00 80 40
00 00 40 40 00 00 00 40 00 00 80 40 00 00 E0 40 00 00 40 40 00 00 00 40 00 00 E0 40 00 00 E0 40
00 00 A0 40 00 00 00 41 00 00 00 41 00 00 C0 40 00 00 00 41 00 00 30 41 00 00 E0 40 00 00 A0 40
00 00 20 41 00 00 10 41 00 00 A0 40 00 00 C0 40 00 00 A0 40 00 00 40 40 00 00 80 40 00 00 E0 40
00 00 40 40 00 00 00 00 00 00 A0 40 00 00 80 40 00 00 80 BF 00 00 00 00 00 00 80 BF 00 00 80 C0
00 00 40 C0 00 00 80 BF 00 00 A0 C0 00 00 10 C1 00 00 A0 C0 00 00 A0 C0 00 00 00 C1 00 00 C0 C0
00 00 E0 C0 00 00 10 C1 00 00 C0 C0 00 00 40 C0 00 00 E0 C0 00 00 20 C1 00 00 A0 C0 00 00 A0 C0
00 00 E0 C0 00 00 A0 C0 00 00 80 C0 00 00 C0 C0 00 00 40 C0 00 00 00 00 00 00 40 C0 00 00 C0 C0
00 00 00 C0 00 00 80 BF 00 00 80 C0 00 00 80 BF 00 00 80 BF 00 00 40 C0 00 00 80 BF 00 00 00 40
00 00 80 BF 00 00 80 C0 00 00 00 00 00 00 00 40 00 00 80 BF 00 00 80 3F 00 00 80 3F 00 00 80 BF
00 00 00 00 00 00 40 40 00 00 00 00 00 00 40 C0 00 00 80 3F 00 00 00 40 00 00 80 BF 00 00 00 00
00 00 00 C0 00 00 A0 C0 00 00 A0 C0 00 00 40 C0 00 00 E0 C0 00 00 30 C1 00 00 00 C1 00 00 C0 C0
00 00 E0 C0 00 00 00 00 00 00 A0 40 00 00 20 41 00 00 A0 41 00 00 E8 41 00 00 F0 41 00 00 0C 42
00 00 44 42 00 00 54 42 00 00 40 42 00 00 58 42 00 00 64 42 00 00 58 42 00 00 50 42 00 00 48 42
00 00 24 42 00 00 00 42 00 00 F8 41 00 00 C0 41 00 00 00 41 00 00 C0 C0 00 00 B0 C1 00 00 18 C2
00 00 38 C2 00 00 40 C2 00 00 50 C2 00 00 64 C2 00 00 58 C2 00 00 48 C2 00 00 44 C2 00 00 24 C2
00 00 04 C2 00 00 E8 C1 00 00 B0 C1 00 00 70 C1 00 00 70 C1 00 00 90 C1 00 00 60 C1 00 00 30 C1
00 00 40 C1 00 00 E0 C0 00 00 80 C0 00 00 80 C0 00 00 80 BF 00 00 40 40 00 00 80 3F 00 00 40 C0
00 00 80 3F 00 00 00 40 00 00 80 BF 00 00 00 40 00 00 40 40 00 00 00 00 00 00 00 40 00 00 A0 40
00 00 00 40 00 00 00 C0 00 00 00 40 00 00 80 40 00 00 80 3F 00 00 40 40 00 00 40 40 00 00 00 00
00 00 00 40 00 00 A0 40 00 00 40 40 00 00 80 BF 00 00 40 40 00 00 A0 40 00 00 40 40 00 00 80 40
00 00 80 40 00 00 80 3F 00 00 00 40 00 00 C0 40 00 00 A0 40 00 00 00 40 00 00 C0 40 00 00 E0 40
00 00 00 40 00 00 40 40 00 00 40 40 00 00 80 3F 00 00 00 40 00 00 A0 40 00 00 40 40 00 00 80 BF
00 00 80 40 00 00 C0 40 00 00 00 40 00 00 00 40 00 00 40 40 00 00 80 3F 00 00 00 40 00 00 C0 40
00 00 40 40 00 00 80 BF 00 00 80 40 00 00 E0 40 00 00 40 40 00 00 80 40 00 00 A0 40 00 00 00 40
00 00 80 40 00 00 E0 40 00 00 A0 40 00 00 00 00 00 00 A0 40 00 00 E0 40 00 00 40 40 00 00 80 40
00 00 C0 40 00 00 40 40 00 00 80 40 00 00 00 41 00 00 C0 40 00 00 00 40 00 00 E0 40 00 00 10 41
00 00 80 40 00 00 A0 40 00 00 00 41 00 00 C0 40 00 00 E0 40 00 00 30 41 00 00 00 41 00 00 80 40
00 00 10 41 00 00 40 41 00 00 E0 40 00 00 00 41 00 00 20 41 00 00 00 41 00 00 10 41 00 00 30 41
00 00 00 41 00 00 40 40 00 00 00 41 00 00 30 41 00 00 A0 40 00 00 A0 40 00 00 C0 40 00 00 40 40
00 00 00 40 00 00 A0 40 00 00 00 40 00 00 40 C0 00 00 80 3F 00 00 40 40 00 00 40 C0 00 00 80 C0
00 00 80 C0 00 00 00 C1 00 00 10 C1 00 00 E0 C0 00 00 20 C1 00 00 80 C1 00 00 60 C1 00 00 30 C1
00 00 70 C1 00 00 70 C1 00 00 60 C1 00 00 88 C1 00 00 80 C1 00 00 50 C1 00 00 60 C1 00 00 98 C1
00 00 88 C1 00 00 60 C1 00 00 88 C1 00 00 80 C1 00 00 50 C1 00 00 60 C1 00 00 40 C1 00 00 00 C1
00 00 00 C1 00 00 50 C1 00 00 20 C1 00 00 E0 C0 00 00 10 C1 00 00 E0 C0 00 00 A0 C0 00 00 E0 C0
00 00 C0 C0 00 00 00 C0 00 00 80 BF 00 00 A0 C0 00 00 40 C0 00 00 80 3F 00 00 00 C0 00 00 00 C0
00 00 00 00 00 00 00 C0 00 00 00 C0 00 00 80 3F 00 00 80 3F 00 00 40 C0 00 00 00 00 00 00 80 40
00 00 80 3F 00 00 80 3F 00 00 00 40 00 00 80 BF 00 00 80 BF 00 00 00 40 00 00 00 40 00 00 40 C0
00 00 80 BF 00 00 40 40 00 00 00 00 00 00 00 00 00 00 80 3F 00 00 80 BF 00 00 80 BF 00 00 00 40
00 00 00 40 00 00 40 C0 00 00 80 BF 00 00 40 40 00 00 00 00 00 00 80 BF 00 00 80 3F 00 00 00 C0
00 00 00 C0 00 00 00 40 00 00 00 40 00 00 00 C0 00 00 00 00 00 00 80 40 00 00 80 3F 00 00 00 00
00 00 80 3F 00 00 80 BF 00 00 80 BF 00 00 00 40 00 00 00 40 00 00 40 C0 00 00 00 C0 00 00 00 40
00 00 80 BF 00 00 80 BF 00 00 80 3F 00 00 00 C0 00 00 00 C0 00 00 00 40 00 00 00 40 00 00 00 C0
00 00 80 BF 00 00 40 40 00 00 00 00 00 00 80 BF 00 00 80 3F 00 00 80 BF 00 00 80 BF 00 00 00 40
00 00 00 40 00 00 40 C0 00 00 00 C0 00 00 40 40 00 00 00 00 00 00 80 BF 00 00 80 3F 00 00 80 BF
00 00 00 C0 00 00 80 3F 00 00 00 40 00 00 40 C0 00 00 00 C0 00 00 40 40 00 00 00 00 00 00 80 BF
00 00 80 3F 00 00 80 BF 00 00 80 BF 00 00 00 40 00 00 00 40 00 00 40 C0 00 00 40 C0 00 00 00 40
00 00 00 00 00 00 00 00 00 00 00 40 00 00 00 00 00 00 80 BF 00 00 40 40 00 00 80 40 00 00 80 BF
00 00 00 C0 00 00 00 40 00 00 80 BF 00 00 80 BF 00 00 00 00 00 00 00 C0 00 00 40 C0 00 00 80 3F
00 00 00 40 00 00 00 C0 00 00 00 C0 00 00 40 40 00 00 00 00 00 00 80 BF 00 00 80 3F 00 00 80 BF
00 00 80 BF 00 00 00 40 00 00 00 40 00 00 40 C0 00 00 40 C0 00 00 00 40 00 00 00 00 00 00 80 BF
00 00 80 3F 00 00 80 BF 00 00 00 C0 00 00 80 3F 00 00 00 40 00 00 00 C0 00 00 00 C0 00 00 40 40
00 00 80 3F 00 00 80 BF 00 00 80 3F 00 00 80 BF 00 00 00 C0 00 00 80 3F 00 00 40 40 00 00 00 C0
00 00 00 C0 00 00 00 40 00 00 80 3F 00 00 80 3F 00 00 40 40 00 00 80 3F 00 00 00 00 00 00 40 40
00 00 80 40 00 00 00 00 00 00 80 BF 00 00 40 40 00 00 80 3F 00 00 80 BF 00 00 80 3F 00 00 80 BF
00 00 00 C0 00 00 80 3F 00 00 40 40 00 00 00 C0 00 00 40 C0 00 00 00 40 00 00 00 00 00 00 00 C0
00 00 00 00 00 00 00 C0 00 00 40 C0 00 00 00 00 00 00 00 40 00 00 00 C0 00 00 40 C0 00 00 00 40
00 00 80 3F 00 00 00 00 00 00 00 40 00 00 00 00 00 00 00 C0 00 00 80 3F 00 00 40 40 00 00 80 BF
00 00 00 C0 00 00 40 40 00 00 80 3F 00 00 00 00 00 00 00 40 00 00 80 3F 00 00 80 BF 00 00 00 40
00 00 40 40 00 00 80 BF 00 00 00 C0 00 00 00 40 00 00 80 3F 00 00 80 BF 00 00 80 3F 00 00 00 00
00 00 80 BF 00 00 80 3F 00 00 40 40 00 00 80 BF 00 00 40 C0 00 00 80 3F 00 00 00 00 00 00 80 BF
00 00 80 3F 00 00 80 BF 00 00 00 C0 00 00 80 3F 00 00 40 40 00 00 80 BF 00 00 00 C0 00 00 00 40
00 00 80 3F 00 00 00 C0 00 00 00 00 00 00 80 BF 00 00 00 C0 00 00 00 00 00 00 00 40 00 00 00 C0
00 00 40 C0 00 00 00 40 00 00 80 3F 00 00 00 00 00 00 40 40 00 00 00 40 00 00 80 3F 00 00 80 40
00 00 C0 40 00 00 40 40 00 00 00 40 00 00 00 41 00 00 E0 40 00 00 A0 40 00 00 E0 40 00 00 E0 40
00 00 A0 40 00 00 00 41 00 00 20 41 00 00 C0 40 00 00 80 40 00 00 10 41 00 00 00 41 00 00 80 40
00 00 C0 40 00 00 A0 40 00 00 00 40 00 00 80 40 00 00 A0 40 00 00 80 3F 00 00 80 BF 00 00 80 40
00 00 40 40 00 00 80 BF 00 00 00 00 00 00 80 BF 00 00 80 C0 00 00 40 C0 00 00 00 C0 00 00 C0 C0
00 00 10 C1 00 00 A0 C0 00 00 A0 C0 00 00 00 C1 00 00 C0 C0 00 00 E0 C0 00 00 00 C1 00 00 C0 C0
00 00 40 C0 00 00 E0 C0 00 00 10 C1 00 00 A0 C0 00 00 80 C0 00 00 C0 C0 00 00 80 C0 00 00 80 C0
00 00 A0 C0 00 00 00 C0 00 00 80 3F 00 00 40 C0 00 00 C0 C0 00 00 00 C0 00 00 00 C0 00 00 80 C0
00 00 00 C0 00 00 40 C0 00 00 80 C0 00 00 00 C0 00 00 80 3F 00 00 80 BF 00 00 80 C0 00 00 80 3F
00 00 00 40 00 00 00 00 00 00 00 40 00 00 80 3F 00 00 80 BF 00 00 00 40 00 00 A0 40 00 00 80 3F
00 00 00 C0 00 00 00 40 00 00 00 40 00 00 80 BF 00 00 00 00 00 00 00 C0 00 00 C0 C0 00 00 A0 C0
00 00 40 C0 00 00 E0 C0 00 00 30 C1 00 00 E0 C0 00 00 E0 C0 00 00 00 C1 00 00 80 BF 00 00 A0 40
00 00 30 41 00 00 A8 41 00 00 F0 41 00 00 F0 41 00 00 10 42 00 00 4C 42 00 00 50 42 00 00 40 42
00 00 58 42 00 00 60 42 00 00 50 42 00 00 44 42 00 00 38 42 00 00 10 42 00 00 D8 41 00 00 D8 41
00 00 A0 41 00 00 A0 40 00 00 00 C1 00 00 C0 C1 00 00 1C C2 00 00 38 C2 00 00 3C C2 00 00 4C C2
00 00 60 C2 00 00 50 C2 00 00 40 C2 00 00 38 C2 00 00 14 C2 00 00 F0 C1 00 00 C8 C1 00 00 98 C1
00 00 50 C1 00 00 70 C1 00 00 90 C1 00 00 50 C1 00 00 30 C1 00 00 40 C1 00 00 E0 C0 00 00 80 C0
00 00 80 C0 00 00 80 BF 00 00 40 40 00 00 80 3F 00 00 40 C0 00 00 80 3F 00 00 00 40 00 00 80 BF
00 00 80 3F 00 00 00 40 00 00 00 00 00 00 80 3F 00 00 A0 40 00 00 00 40 00 00 80 BF 00 00 40 40
00 00 A0 40 00 00 80 3F 00 00 40 40 00 00 40 40 00 00 80 3F 00 00 00 40 00 00 A0 40 00 00 40 40
00 00 00 00 00 00 80 40 00 00 C0 40 00 00 40 40 00 00 80 40 00 00 80 40 00 00 80 3F 00 00 40 40
00 00 E0 40 00 00 A0 40 00 00 00 40 00 00 C0 40 00 00 E0 40 00 00 40 40 00 00 80 40 00 00 80 40
00 00 80 3F 00 00 40 40 00 00 C0 40 00 00 80 40 00 00 80 3F 00 00 C0 40 00 00 E0 40 00 00 40 40
00 00 80 40 00 00 80 40 00 00 80 3F 00 00 40 40 00 00 C0 40 00 00 80 40 00 00 00 00 00 00 A0 40
00 00 E0 40 00 00 40 40 00 00 80 40 00 00 A0 40 00 00 40 40 00 00 80 40 00 00 E0 40 00 00 80 40
00 00 00 00 00 00 80 40 00 00 C0 40 00 00 00 40 00 00 80 40 00 00 A0 40 00 00 40 40 00 00 80 40
00 00 E0 40 00 00 A0 40 00 00 80 3F 00 00 C0 40 00 00 00 41 00 00 80 40 00 00 E0 40 00 00 10 41
00 00 C0 40 00 00 00 41 00 00 30 41 00 00 00 41 00 00 A0 40 00 00 20 41 00 00 30 41 00 00 C0 40
00 00 E0 40 00 00 10 41 00 00 C0 40 00 00 E0 40 00 00 20 41 00 00 E0 40 00 00 40 40 00 00 00 41
00 00 20 41 00 00 80 40 00 00 A0 40 00 00 A0 40 00 00 80 3F 00 00 80 3F 00 00 80 40 00 00 00 00
00 00 80 C0 00 00 00 00 00 00 80 3F 00 00 A0 C0 00 00 A0 C0 00 00 C0 C0 00 00 20 C1 00 00 30 C1
00 00 10 C1 00 00 40 C1 00 00 88 C1 00 00 60 C1 00 00 40 C1 00 00 88 C1 00 00 80 C1 00 00 70 C1
00 00 90 C1 00 00 88 C1 00 00 60 C1 00 00 70 C1 00 00 98 C1 00 00 88 C1 00 00 60 C1 00 00 88 C1
00 00 60 C1 00 00 30 C1 00 00 40 C1 00 00 20 C1 00 00 C0 C0 00 00 E0 C0 00 00 40 C1 00 00 10 C1
00 00 C0 C0 00 00 00 C1 00 00 C0 C0 00 00 80 C0 00 00 A0 C0 00 00 80 C0 00 00 00 00 00 00 00 00
00 00 A0 C0 00 00 00 C0 00 00 00 00 00 00 40 C0 00 00 00 C0 00 00 80 BF 00 00 40 C0 00 00 40 C0
00 00 80 3F 00 00 00 00 00 00 80 C0 00 00 80 BF 00 00 40 40 00 00 00 00 00 00 00 00 00 00 80 3F
00 00 00 C0 00 00 00 C0 00 00 00 40 00 00 80 3F 00 00 A0 C0 00 00 40 C0 00 00 80 3F 00 00 40 C0
00 00 80 C0 00 00 80 C0 00 00 C0 C0 00 00 C0 C0 00 00 80 BF 00 00 80 BF 00 00 80 C0 00 00 80 BF
00 00 40 40 00 00 00 00 00 00 80 3F 00 00 00 40 00 00 00 00 00 00 80 BF 00 00 40 40 00 00 40 40
00 00 80 BF 00 00 80 3F 00 00 80 40 00 00 00 40 00 00 00 40 00 00 80 40 00 00 80 3F 00 00 00 00
00 00 40 40 00 00 40 40 00 00 00 C0 00 00 00 00 00 00 40 40 00 00 00 00 00 00 80 3F 00 00 40 40
00 00 00 00 00 00 00 00 00 00 40 40 00 00 40 40 00 00 00 C0 00 00 80 BF 00 00 00 40 00 00 80 BF
00 00 80 BF 00 00 80 3F 00 00 80 BF 00 00 80 BF 00 00 00 40 00 00 00 40 00 00 00 C0 00 00 80 BF
00 00 00 40 00 00 80 BF 00 00 00 00 00 00 00 40 00 00 80 BF 00 00 80 BF 00 00 00 40 00 00 00 40
00 00 00 C0 00 00 00 00 00 00 40 40 00 00 00 00 00 00 00 00 00 00 00 40 00 00 80 BF 00 00 00 C0
00 00 80 3F 00 00 80 3F 00 00 40 C0 00 00 00 C0 00 00 00 40 00 00 80 BF 00 00 80 BF 00 00 80 3F
00 00 80 BF 00 00 80 BF 00 00 00 40 00 00 00 40 00 00 40 C0 00 00 00 C0 00 00 00 40 00 00 80 BF
00 00 80 BF 00 00 80 3F 00 00 00 C0 00 00 00 C0 00 00 80 3F 00 00 00 40 00 00 00 C0 00 00 80 BF
00 00 40 40 00 00 00 00 00 00 80 BF 00 00 80 3F 00 00 80 BF 00 00 00 C0 00 00 80 3F 00 00 00 40
00 00 00 C0 00 00 80 BF 00 00 40 40 00 00 00 00 00 00 00 00 00 00 00 40 00 00 00 00 00 00 80 BF
00 00 00 40 00 00 40 40 00 00 00 C0 00 00 00 C0 00 00 00 40 00 00 80 BF 00 00 00 C0 00 00 80 3F
00 00 80 BF 00 00 00 C0 00 00 80 3F 00 00 00 40 00 00 00 C0 00 00 00 C0 00 00 00 40 00 00 00 00
00 00 80 BF 00 00 00 40 00 00 00 00 00 00 80 BF 00 00 80 3F 00 00 00 40 00 00 00 C0 00 00 00 C0
00 00 40 40 00 00 80 3F 00 00 00 00 00 00 00 40 00 00 00 00 00 00 80 BF 00 00 00 40 00 00 40 40
00 00 00 C0 00 00 00 C0 00 00 00 40 00 00 00 00 00 00 80 BF 00 00 80 3F 00 00 80 BF 00 00 00 C0
00 00 80 3F 00 00 40 40 00 00 00 C0 00 00 00 C0 00 00 00 40 00 00 00 00 00 00 80 BF 00 00 80 3F
00 00 80 BF 00 00 00 C0 00 00 80 3F 00 00 00 40 00 00 00 C0 00 00 00 C0 00 00 00 40 00 00 80 3F
00 00 80 BF 00 00 00 40 00 00 00 00 00 00 80 BF 00 00 80 3F 00 00 40 40 00 00 80 BF 00 00 00 C0
00 00 00 40 00 00 00 00 00 00 00 C0 00 00 80 3F 00 00 80 BF 00 00 00 C0 00 00 00 00 00 00 00 40
00 00 00 C0 00 00 40 C0 00 00 00 40 00 00 00 00 00 00 00 C0 00 00 00 00 00 00 80 BF 00 00 00 C0
00 00 00 00 00 00 00 40 00 00 40 C0 00 00 80 C0 00 00 80 3F 00 00 80 3F 00 00 00 00 00 00 00 40
00 00 00 00 00 00 80 BF 00 00 00 40 00 00 80 40 00 00 00 00 00 00 00 C0 00 00 40 40 00 00 80 3F
00 00 00 C0 00 00 80 3F 00 00 00 00 00 00 00 00 00 00 40 40 00 00 C0 40 00 00 40 40 00 00 40 40
00 00 00 41 00 00 E0 40 00 00 80 40 00 00 E0 40 00 00 C0 40 00 00 A0 40 00 00 E0 40 00 00 10 41
00 00 80 40 00 00 80 40 00 00 10 41 00 00 00 41 00 00 C0 40 00 00 00 41 00 00 C0 40 00 00 80 40
00 00 C0 40 00 00 E0 40 00 00 00 40 00 00 00 00 00 00 A0 40 00 00 40 40 00 00 80 BF 00 00 00 00
00 00 00 C0 00 00 A0 C0 00 00 40 C0 00 00 00 C0 00 00 C0 C0 00 00 00 C1 00 00 80 C0 00 00 A0 C0
00 00 00 C1 00 00 A0 C0 00 00 E0 C0 00 00 00 C1 00 00 C0 C0 00 00 80 C0 00 00 00 C1 00 00 20 C1
00 00 A0 C0 00 00 A0 C0 00 00 E0 C0 00 00 80 C0 00 00 80 C0 00 00 A0 C0 00 00 00 C0 00 00 00 00
00 00 80 C0 00 00 C0 C0 00 00 80 BF 00 00 80 BF 00 00 40 C0 00 00 00 00 00 00 80 BF 00 00 40 C0
00 00 00 00 00 00 40 40 00 00 00 00 00 00 40 C0 00 00 00 40 00 00 80 3F 00 00 00 C0 00 00 00 00
00 00 80 BF 00 00 40 C0 00 00 00 00 00 00 00 40 00 00 80 BF 00 00 80 C0 00 00 80 3F 00 00 00 40
00 00 80 BF 00 00 00 00 00 00 00 C0 00 00 C0 C0 00 00 A0 C0 00 00 40 C0 00 00 E0 C0 00 00 20 C1
00 00 C0 C0 00 00 A0 C0 00 00 A0 C0 00 00 40 40 00 00 10 41 00 00 70 41 00 00 C8 41 00 00 04 42
00 00 08 42 00 00 20 42 00 00 58 42 00 00 54 42 00 00 40 42 00 00 54 42 00 00 58 42 00 00 44 42
00 00 38 42 00 00 28 42 00 00 00 42 00 00 C0 41 00 00 B8 41 00 00 70 41 00 00 80 3F 00 00 40 C1
00 00 E0 C1 00 00 28 C2 00 00 40 C2 00 00 44 C2 00 00 50 C2 00 00 60 C2 00 00 4C C2 00 00 3C C2
00 00 30 C2 00 00 0C C2 00 00 D8 C1 00 00 B8 C1 00 00 88 C1 00 00 30 C1 00 00 50 C1 00 00 88 C1
00 00 50 C1 00 00 30 C1 00 00 40 C1 00 00 E0 C0 00 00 A0 C0 00 00 A0 C0 00 00 80 BF 00 00 40 40
00 00 80 3F 00 00 00 C0 00 00 00 40 00 00 00 40 00 00 80 BF 00 00 00 40 00 00 40 40 00 00 00 00
00 00 00 40 00 00 A0 40 00 00 40 40 00 00 80 BF 00 00 80 40 00 00 A0 40 00 00 80 3F 00 00 40 40
00 00 40 40 00 00 80 3F 00 00 40 40 00 00 C0 40 00 00 40 40 00 00 80 BF 00 00 80 40 00 00 A0 40
00 00 80 3F 00 00 00 40 00 00 00 40 00 00 80 BF 00 00 80 3F 00 00 80 40 00 00 00 40 00 00 80 BF
00 00 80 40 00 00 A0 40 00 00 00 40 00 00 40 40 00 00 40 40 00 00 00 00 00 00 00 40 00 00 C0 40
00 00 80 40 00 00 80 3F 00 00 C0 40 00 00 E0 40 00 00 40 40 00 00 A0 40 00 00 A0 40 00 00 00 40
00 00 40 40 00 00 C0 40 00 00 80 40 00 00 80 3F 00 00 C0 40 00 00 E0 40 00 00 40 40 00 00 A0 40
00 00 C0 40 00 00 40 40 00 00 80 40 00 00 E0 40 00 00 40 40 00 00 80 BF 00 00 80 40 00 00 C0 40
00 00 00 40 00 00 80 40 00 00 A0 40 00 00 40 40 00 00 A0 40 00 00 00 41 00 00 A0 40 00 00 00 40
00 00 E0 40 00 00 10 41 00 00 80 40 00 00 C0 40 00 00 00 41 00 00 C0 40 00 00 00 41 00 00 30 41
00 00 00 41 00 00 A0 40 00 00 30 41 00 00 40 41 00 00 E0 40 00 00 00 41 00 00 20 41 00 00 00 41
00 00 10 41 00 00 30 41 00 00 E0 40 00 00 80 40 00 00 10 41 00 00 30 41 00 00 A0 40 00 00 C0 40
00 00 C0 40 00 00 40 40 00 00 40 40 00 00 A0 40 00 00 80 3F 00 00 80 C0 00 00 80 BF 00 00 00 00
00 00 C0 C0 00 00 C0 C0 00 00 E0 C0 00 00 30 C1 00 00 30 C1 00 00 10 C1 00 00 30 C1 00 00 80 C1
00 00 50 C1 00 00 40 C1 00 00 88 C1 00 00 80 C1 00 00 80 C1 00 00 90 C1 00 00 88 C1 00 00 60 C1
00 00 80 C1 00 00 A0 C1 00 00 88 C1 00 00 60 C1 00 00 80 C1 00 00 50 C1 00 00 30 C1 00 00 40 C1
00 00 20 C1 00 00 C0 C0 00 00 E0 C0 00 00 30 C1 00 00 00 C1 00 00 A0 C0 00 00 00 C1 00 00 C0 C0
00 00 80 C0 00 00 C0 C0 00 00 A0 C0 00 00 80 BF 00 00 00 C0 00 00 E0 C0 00 00 80 C0 00 00 80 BF
00 00 80 C0 00 00 00 C0 00 00 80 BF 00 00 80 C0 00 00 40 C0 00 00 80 3F 00 00 80 3F 00 00 40 C0
00 00 00 00 00 00 40 40 00 00 00 00 00 00 00 00 00 00 80 3F 00 00 00 C0 00 00 00 C0 00 00 00 40
00 00 80 3F 00 00 40 C0 00 00 00 00 00 00 40 40 00 00 00 00 00 00 00 00 00 00 80 3F 00 00 00 C0
00 00 80 BF 00 00 00 40 00 00 00 40 00 00 00 C0 00 00 00 00 00 00 40 40 00 00 00 00 00 00 80 3F
00 00 00 40 00 00 80 BF 00 00 80 BF 00 00 40 40 00 00 00 40 00 00 40 C0 00 00 80 BF 00 00 00 40
00 00 80 BF 00 00 00 00 00 00 80 3F 00 00 00 C0 00 00 00 C0 00 00 80 3F 00 00 80 3F 00 00 40 C0
00 00 80 BF 00 00 40 40 00 00 00 00 00 00 00 00 00 00 00 40 00 00 80 BF 00 00 80 BF 00 00 00 40
00 00 00 40 00 00 40 C0 00 00 80 BF 00 00 00 40 00 00 80 BF 00 00 00 00 00 00 00 40 00 00 80 BF
00 00 80 BF 00 00 40 40 00 00 00 40 00 00 40 C0 00 00 00 C0 00 00 00 40 00 00 80 BF 00 00 80 BF
00 00 80 3F 00 00 00 C0 00 00 00 C0 00 00 00 40 00 00 00 40 00 00 00 C0 00 00 80 BF 00 00 40 40
00 00 80 BF 00 00 80 BF 00 00 80 3F 00 00 00 C0 00 00 00 C0 00 00 80 3F 00 00 80 3F 00 00 40 C0
00 00 80 BF 00 00 40 40 00 00 00 00 00 00 00 00 00 00 00 40 00 00 80 BF 00 00 80 BF 00 00 40 40
00 00 40 40 00 00 00 C0 00 00 80 BF 00 00 00 40 00 00 80 BF 00 00 80 BF 00 00 80 3F 00 00 80 BF
00 00 00 C0 00 00 00 40 00 00 00 40 00 00 40 C0 00 00 00 C0 00 00 00 40 00 00 80 BF 00 00 80 BF
00 00 00 00 00 00 00 C0 00 00 40 C0 00 00 80 3F 00 00 00 40 00 00 00 C0 00 00 80 BF 00 00 40 40
00 00 00 00 00 00 00 00 00 00 00 40 00 00 00 40 00 00 80 40 00 00 80 40 00 00 80 3F 00 00 C0 C0
00 00 70 C1 00 00 80 C1 00 00 20 C1 00 00 10 C1 00 00 E0 C0 00 00 40 C0 00 00 A0 C0 00 00 80 C0
00 00 00 40 00 00 E0 40 00 00 C0 40 00 00 00 41 00 00 30 41 00 00 A0 40 00 00 00 00 00 00 00 C0
00 00 C0 C0 00 00 C0 C0 00 00 00 00 00 00 C0 40 00 00 C0 40 00 00 E0 40 00 00 30 41 00 00 C0 40
00 00 80 3F 00 00 00 00 00 00 40 C0 00 00 80 C0 00 00 00 00 00 00 40 40 00 00 80 3F 00 00 80 3F
00 00 A0 40 00 00 00 40 00 00 00 00 00 00 00 40 00 00 00 00 00 00 00 C0 00 00 80 3F 00 00 00 40
00 00 40 C0 00 00 80 C0 00 00 80 3F 00 00 80 3F 00 00 80 3F 00 00 80 40 00 00 40 40 00 00 80 3F
00 00 00 40 00 00 80 3F 00 00 A0 C0 00 00 C0 C0 00 00 80 BF 00 00 00 00 00 00 80 3F 00 00 C0 40
00 00 C0 40 00 00 80 40 00 00 A0 40 00 00 A0 40 00 00 00 00 00 00 00 00 00 00 C0 40 00 00 C0 40
00 00 C0 40 00 00 20 41 00 00 20 41 00 00 00 41 00 00 10 41 00 00 10 41 00 00 40 40 00 00 40 40
00 00 00 41 00 00 E0 40 00 00 A0 40 00 00 00 41 00 00 C0 40 00 00 80 40 00 00 A0 40 00 00 C0 40
00 00 80 3F 00 00 80 BF 00 00 80 40 00 00 00 40 00 00 00 C0 00 00 80 BF 00 00 40 C0 00 00 A0 C0
00 00 40 C0 00 00 80 BF 00 00 80 C0 00 00 C0 C0 00 00 40 C0 00 00 C0 C0 00 00 00 C1 00 00 C0 C0
00 00 00 C1 00 00 00 C1 00 00 A0 C0 00 00 00 C0 00 00 A0 C0 00 00 E0 C0 00 00 40 C0 00 00 A0 C0
00 00 E0 C0 00 00 A0 C0 00 00 A0 C0 00 00 C0 C0 00 00 00 C0 00 00 00 00 00 00 80 C0 00 00 C0 C0
00 00 80 BF 00 00 40 C0 00 00 A0 C0 00 00 00 C0 00 00 40 C0 00 00 80 C0 00 00 80 BF 00 00 00 40
00 00 00 C0 00 00 80 C0 00 00 80 3F 00 00 00 00 00 00 00 C0 00 00 00 00 00 00 00 C0 00 00 80 C0
00 00 80 BF 00 00 00 40 00 00 00 00 00 00 00 C0 00 00 40 40 00 00 00 40 00 00 80 BF 00 00 00 00
00 00 40 C0 00 00 C0 C0 00 00 C0 C0 00 00 A0 C0 00 00 10 C1 00 00 30 C1 00 00 C0 C0 00 00 C0 C0
00 00 A0 C0 00 00 40 40 00 00 20 41 00 00 88 41 00 00 D8 41 00 00 0C 42 00 00 0C 42 00 00 28 42
00 00 64 42 00 00 64 42 00 00 54 42 00 00 68 42 00 00 64 42 00 00 50 42 00 00 40 42 00 00 30 42
00 00 04 42 00 00 C0 41 00 00 A8 41 00 00 40 41 00 00 80 C0 00 00 88 C1 00 00 00 C2 00 00 34 C2
00 00 44 C2 00 00 48 C2 00 00 54 C2 00 00 60 C2 00 00 48 C2 00 00 3C C2 00 00 30 C2 00 00 0C C2
00 00 E0 C1 00 00 C0 C1 00 00 88 C1 00 00 50 C1 00 00 70 C1 00 00 90 C1 00 00 50 C1 00 00 20 C1
00 00 20 C1 00 00 80 C0 00 00 00 C0 00 00 00 C0 00 00 80 3F 00 00 80 40 00 00 80 3F 00 00 40 C0
00 00 80 3F 00 00 80 3F 00 00 80 BF 00 00 00 40 00 00 80 3F 00 00 80 BF 00 00 00 40 00 00 C0 40
00 00 80 40 00 00 80 3F 00 00 C0 40 00 00 A0 40 00 00 80 3F 00 00 40 40 00 00 00 40 00 00 00 00
00 00 00 40 00 00 A0 40 00 00 00 40 00 00 80 BF 00 00 80 40 00 00 A0 40 00 00 80 3F 00 00 40 40
00 00 40 40 00 00 00 00 00 00 00 40 00 00 A0 40 00 00 00 40 00 00 00 00 00 00 A0 40 00 00 C0 40
00 00 00 40 00 00 A0 40 00 00 A0 40 00 00 00 40 00 00 80 40 00 00 E0 40 00 00 80 40 00 00 80 3F
00 00 C0 40 00 00 C0 40 00 00 80 3F 00 00 40 40 00 00 40 40 00 00 80 3F 00 00 00 40 00 00 A0 40
00 00 00 40 00 00 00 00 00 00 A0 40 00 00 C0 40 00 00 00 40 00 00 A0 40 00 00 A0 40 00 00 40 40
00 00 80 40 00 00 E0 40 00 00 40 40 00 00 80 3F 00 00 C0 40 00 00 C0 40 00 00 00 40 00 00 A0 40
00 00 C0 40 00 00 80 40 00 00 A0 40 00 00 00 41 00 00 A0 40 00 00 00 40 00 00 00 41 00 00 00 41
00 00 80 40 00 00 C0 40 00 00 00 41 00 00 C0 40 00 00 00 41 00 00 30 41 00 00 E0 40 00 00 A0 40
00 00 30 41 00 00 30 41 00 00 C0 40 00 00 00 41 00 00 20 41 00 00 E0 40 00 00 00 41 00 00 20 41
00 00 C0 40 00 00 40 40 00 00 10 41 00 00 10 41 00 00 40 40 00 00 80 40 00 00 A0 40 00 00 80 3F
00 00 80 3F 00 00 40 40 00 00 80 BF 00 00 A0 C0 00 00 00 00 00 00 00 00 00 00 A0 C0 00 00 A0 C0
00 00 C0 C0 00 00 20 C1 00 00 30 C1 00 00 10 C1 00 00 40 C1 00 00 88 C1 00 00 60 C1 00 00 50 C1
00 00 88 C1 00 00 80 C1 00 00 80 C1 00 00 90 C1 00 00 88 C1 00 00 50 C1 00 00 70 C1 00 00 90 C1
00 00 70 C1 00 00 50 C1 00 00 70 C1 00 00 40 C1 00 00 20 C1 00 00 30 C1 00 00 10 C1 00 00 A0 C0
00 00 E0 C0 00 00 30 C1 00 00 E0 C0 00 00 C0 C0 00 00 10 C1 00 00 C0 C0 00 00 80 C0 00 00 C0 C0
00 00 80 C0 00 00 00 00 00 00 00 C0 00 00 E0 C0 00 00 40 C0 00 00 80 BF 00 00 80 C0 00 00 00 C0
00 00 00 C0 00 00 80 C0 00 00 40 C0 00 00 80 3F 00 00 00 00 00 00 40 C0 00 00 00 00 00 00 00 40
00 00 80 BF 00 00 80 3F 00 00 80 3F 00 00 00 C0 00 00 80 BF 00 00 40 40 00 00 00 40 00 00 00 C0
00 00 00 40 00 00 80 40 00 00 00 00 00 00 80 3F 00 00 80 3F 00 00 00 C0 00 00 80 BF 00 00 00 40
00 00 80 3F 00 00 40 C0 00 00 00 00 00 00 00 40 00 00 80 BF 00 00 00 00 00 00 80 3F 00 00 00 C0
00 00 00 C0 00 00 00 40 00 00 00 00 00 00 80 C0 00 00 80 BF 00 00 00 40 00 00 80 BF 00 00 00 00
00 00 80 3F 00 00 00 C0 00 00 80 BF 00 00 00 40 00 00 00 40 00 00 00 C0 00 00 00 00 00 00 40 40
00 00 00 00 00 00 80 3F 00 00 00 40 00 00 80 BF 00 00 80 BF 00 00 40 40 00 00 00 40 00 00 00 C0
00 00 00 00 00 00 40 40 00 00 80 BF 00 00 80 3F 00 00 00 40 00 00 80 BF 00 00 80 BF 00 00 00 40
00 00 80 3F 00 00 40 C0 00 00 80 BF 00 00 00 40 00 00 80 BF 00 00 00 00 00 00 80 3F 00 00 80 BF
00 00 80 BF 00 00 40 40 00 00 00 40 00 00 40 C0 00 00 80 BF 00 00 80 3F 00 00 00 C0 00 00 80 BF
00 00 80 3F 00 00 00 C0 00 00 00 C0 00 00 80 3F 00 00 80 3F 00 00 40 C0 00 00 80 BF 00 00 40 40
00 00 80 BF 00 00 00 00 00 00 80 3F 00 00 80 BF 00 00 80 BF 00 00 00 40 00 00 80 3F 00 00 40 C0
00 00 80 BF 00 00 00 40 00 00 80 BF 00 00 00 00 00 00 80 3F 00 00 80 BF 00 00 80 BF 00 00 00 40
00 00 00 40 00 00 00 C0 00 00 80 BF 00 00 00 40 00 00 00 00 00 00 00 00 00 00 00 40 00 00 80 BF
00 00 80 BF 00 00 00 40 00 00 00 40 00 00 00 C0 00 00 00 00 00 00 40 40 00 00 80 BF 00 00 80 BF
00 00 80 3F 00 00 00 C0 00 00 00 C0 00 00 80 3F 00 00 80 3F 00 00 40 C0 00 00 00 C0 00 00 00 40
00 00 80 BF 00 00 00 00 00 00 80 3F 00 00 80 BF 00 00 80 BF 00 00 00 40 00 00 00 40 00 00 00 C0
00 00 80 BF 00 00 00 40 00 00 80 BF 00 00 80 BF 00 00 80 3F 00 00 00 C0 00 00 00 C0 00 00 80 3F
00 00 00 40 00 00 00 C0 00 00 80 BF 00 00 40 40 00 00 00 00 00 00 80 BF 00 00 80 3F 00 00 80 BF
00 00 00 C0 00 00 80 3F 00 00 00 40 00 00 40 C0 00 00 80 BF 00 00 00 40 00 00 00 00 00 00 80 BF
00 00 80 3F 00 00 80 BF 00 00 80 BF 00 00 00 40 00 00 00 40 00 00 40 C0 00 00 00 C0 00 00 00 40
00 00 80 BF 00 00 80 BF 00 00 80 3F 00 00 80 BF 00 00 00 C0 00 00 80 3F 00 00 00 40 00 00 00 C0
00 00 00 C0 00 00 00 40 00 00 80 BF 00 00 80 BF 00 00 80 3F 00 00 80 BF 00 00 00 C0 00 00 80 3F
00 00 00 40 00 00 40 C0 00 00 00 C0 00 00 00 40 00 00 00 00 00 00 00 00 00 00 00 40 00 00 80 BF
00 00 80 BF 00 00 00 40 00 00 40 40 00 00 80 BF 00 00 80 BF 00 00 40 40 00 00 00 00 00 00 00 00
00 00 00 40 00 00 00 00 00 00 80 BF 00 00 00 40 00 00 00 40 00 00 00 C0 00 00 00 C0 00 00 00 40
00 00 00 00 00 00 80 BF 00 00 80 3F 00 00 80 BF 00 00 00 C0 00 00 80 3F 00 00 00 40 00 00 00 C0
00 00 80 BF 00 00 40 40 00 00 80 3F 00 00 00 00 00 00 40 40 00 00 00 40 00 00 00 40 00 00 C0 40
00 00 E0 40 00 00 40 40 00 00 80 40 00 00 10 41 00 00 E0 40 00 00 C0 40 00 00 10 41 00 00 E0 40
00 00 C0 40 00 00 10 41 00 00 10 41 00 00 A0 40 00 00 C0 40 00 00 20 41 00 00 E0 40 00 00 80 40
00 00 C0 40 00 00 80 40 00 00 00 40 00 00 80 40 00 00 80 40 00 00 80 BF 00 00 80 BF 00 00 80 40
00 00 80 3F 00 00 80 BF 00 00 00 00 00 00 40 C0 00 00 A0 C0 00 00 40 C0 00 00 00 C0 00 00 C0 C0
00 00 E0 C0 00 00 40 C0 00 00 C0 C0 00 00 00 C1 00 00 A0 C0 00 00 E0 C0 00 00 00 C1 00 00 A0 C0
00 00 40 C0 00 00 E0 C0 00 00 00 C1 00 00 40 C0 00 00 A0 C0 00 00 C0 C0 00 00 40 C0 00 00 80 C0
00 00 A0 C0 00 00 00 C0 00 00 00 00 00 00 80 C0 00 00 A0 C0 00 00 80 BF 00 00 40 C0 00 00 80 C0
00 00 80 BF 00 00 00 C0 00 00 40 C0 00 00 00 00 00 00 00 40 00 00 00 C0 00 00 40 C0 00 00 80 3F
00 00 00 00 00 00 00 C0 00 00 00 00 00 00 80 BF 00 00 40 C0 00 00 00 00 00 00 00 40 00 00 40 C0
00 00 80 C0 00 00 80 3F 00 00 00 00 00 00 40 C0 00 00 00 C0 00 00 A0 C0 00 00 00 C1 00 00 E0 C0
00 00 C0 C0 00 00 10 C1 00 00 20 C1 00 00 A0 C0 00 00 C0 C0 00 00 80 C0 00 00 A0 40 00 00 50 41
00 00 A0 41 00 00 F8 41 00 00 18 42 00 00 14 42 00 00 38 42 00 00 6C 42 00 00 60 42 00 00 4C 42
00 00 5C 42 00 00 58 42 00 00 40 42 00 00 30 42 00 00 18 42 00 00 D8 41 00 00 98 41 00 00 88 41
00 00 00 41 00 00 C0 C0 00 00 98 C1 00 00 08 C2 00 00 34 C2 00 00 44 C2 00 00 44 C2 00 00 54 C2
00 00 5C C2 00 00 40 C2 00 00 34 C2 00 00 24 C2 00 00 F8 C1 00 00 C0 C1 00 00 A0 C1 00 00 60 C1
00 00 20 C1 00 00 50 C1 00 00 70 C1 00 00 20 C1 00 00 20 C1 00 00 30 C1 00 00 C0 C0 00 00 80 C0
00 00 80 C0 00 00 00 00 00 00 00 40 00 00 00 C0 00 00 80 C0 00 00 80 3F 00 00 80 3F 00 00 80 BF
00 00 00 40 00 00 80 3F 00 00 00 00 00 00 40 40 00 00 C0 40 00 00 40 40 00 00 80 3F 00 00 C0 40
00 00 A0 40 00 00 00 40 00 00 80 40 00 00 40 40 00 00 00 00 00 00 00 40 00 00 A0 40 00 00 00 40
00 00 80 3F 00 00 C0 40 00 00 C0 40 00 00 00 40 00 00 40 40 00 00 40 40 00 00 80 3F 00 00 40 40
00 00 A0 40 00 00 00 40 00 00 00 00 00 00 C0 40 00 00 A0 40 00 00 00 40 00 00 80 40 00 00 80 40
00 00 00 40 00 00 80 40 00 00 C0 40 00 00 40 40 00 00 80 3F 00 00 C0 40 00 00 C0 40 00 00 00 40
00 00 80 40 00 00 80 40 00 00 00 40 00 00 80 40 00 00 C0 40 00 00 00 40 00 00 00 00 00 00 C0 40
00 00 C0 40 00 00 00 40 00 00 A0 40 00 00 A0 40 00 00 00 40 00 00 80 40 00 00 C0 40 00 00 00 40
00 00 00 00 00 00 C0 40 00 00 C0 40 00 00 00 40 00 00 80 40 00 00 A0 40 00 00 40 40 00 00 A0 40
00 00 00 41 00 00 80 40 00 00 80 3F 00 00 E0 40 00 00 E0 40 00 00 40 40 00 00 C0 40 00 00 E0 40
00 00 A0 40 00 00 00 41 00 00 30 41 00 00 E0 40 00 00 A0 40 00 00 40 41 00 00 30 41 00 00 E0 40
00 00 10 41 00 00 20 41 00 00 00 41 00 00 10 41 00 00 20 41 00 00 C0 40 00 00 80 40 00 00 20 41
00 00 20 41 00 00 80 40 00 00 C0 40 00 00 C0 40 00 00 40 40 00 00 40 40 00 00 80 40 00 00 80 BF
00 00 80 C0 00 00 00 00 00 00 00 00 00 00 C0 C0 00 00 A0 C0 00 00 C0 C0 00 00 20 C1 00 00 20 C1
00 00 10 C1 00 00 50 C1 00 00 88 C1 00 00 60 C1 00 00 50 C1 00 00 88 C1 00 00 80 C1 00 00 80 C1
00 00 90 C1 00 00 80 C1 00 00 50 C1 00 00 70 C1 00 00 98 C1 00 00 70 C1 00 00 50 C1 00 00 80 C1
00 00 40 C1 00 00 30 C1 00 00 40 C1 00 00 10 C1 00 00 A0 C0 00 00 E0 C0 00 00 20 C1 00 00 C0 C0
00 00 80 C0 00 00 E0 C0 00 00 A0 C0 00 00 40 C0 00 00 A0 C0 00 00 40 C0 00 00 00 00 00 00 00 C0
00 00 C0 C0 00 00 40 C0 00 00 80 BF 00 00 80 C0 00 00 40 C0 00 00 00 C0 00 00 A0 C0 00 00 40 C0
00 00 80 3F 00 00 80 BF 00 00 80 C0 00 00 00 00 00 00 00 40 00 00 80 BF 00 00 00 00 00 00 00 00
00 00 40 C0 00 00 00 C0 00 00 00 40 00 00 80 3F 00 00 00 C0 00 00 00 40 00 00 80 40 00 00 00 00
00 00 00 40 00 00 00 40 00 00 80 BF 00 00 80 BF 00 00 40 40 00 00 80 3F 00 00 40 C0 00 00 80 3F
00 00 40 40 00 00 80 BF 00 00 00 00 00 00 80 3F 00 00 00 C0 00 00 80 BF 00 00 00 40 00 00 00 00
00 00 80 C0 00 00 80 BF 00 00 00 40 00 00 00 C0 00 00 00 00 00 00 00 00 00 00 00 C0 00 00 80 BF
00 00 00 40 00 00 00 00 00 00 40 C0 00 00 00 00 00 00 00 40 00 00 80 BF 00 00 80 3F 00 00 00 40
00 00 80 BF 00 00 80 BF 00 00 40 40 00 00 80 3F 00 00 40 C0 00 00 00 00 00 00 00 40 00 00 80 BF
00 00 00 00 00 00 80 3F 00 00 80 BF 00 00 00 00 00 00 40 40 00 00 80 3F 00 00 40 C0 00 00 00 00
00 00 00 40 00 00 80 BF 00 00 80 3F 00 00 00 40 00 00 80 BF 00 00 00 00 00 00 80 40 00 00 00 40
00 00 00 C0 00 00 00 00 00 00 00 40 00 00 00 C0 00 00 80 BF 00 00 00 00 00 00 40 C0 00 00 00 C0
00 00 00 40 00 00 80 3F 00 00 40 C0 00 00 00 00 00 00 00 40 00 00 80 BF 00 00 00 00 00 00 80 3F
00 00 00 C0 00 00 80 BF 00 00 00 40 00 00 80 3F 00 00 80 C0 00 00 80 BF 00 00 00 40 00 00 80 BF
00 00 00 00 00 00 00 40 00 00 80 BF 00 00 00 00 00 00 40 40 00 00 00 40 00 00 40 C0 00 00 80 BF
00 00 00 40 00 00 00 C0 00 00 80 BF 00 00 00 00 00 00 40 C0 00 00 00 C0 00 00 00 40 00 00 80 3F
00 00 40 C0 00 00 00 00 00 00 40 40 00 00 80 BF 00 00 00 00 00 00 80 3F 00 00 00 C0 00 00 80 BF
00 00 00 40 00 00 80 3F 00 00 40 C0 00 00 80 BF 00 00 00 40 00 00 80 BF 00 00 00 00 00 00 80 3F
00 00 80 BF 00 00 80 BF 00 00 00 40 00 00 80 3F 00 00 40 C0 00 00 80 BF 00 00 00 40 00 00 80 BF
00 00 00 00 00 00 80 3F 00 00 80 BF 00 00 80 BF 00 00 00 40 00 00 00 40 00 00 40 C0 00 00 80 BF
00 00 00 40 00 00 80 BF 00 00 80 BF 00 00 80 3F 00 00 00 C0 00 00 00 C0 00 00 00 40 00 00 80 3F
00 00 80 C0 00 00 80 BF 00 00 00 40 00 00 80 BF 00 00 00 00 00 00 80 3F 00 00 80 BF 00 00 80 BF
00 00 00 40 00 00 00 40 00 00 00 C0 00 00 00 00 00 00 40 40 00 00 00 00 00 00 00 00 00 00 00 40
00 00 80 BF 00 00 00 00 00 00 40 40 00 00 00 40 00 00 00 C0 00 00 80 BF 00 00 00 40 00 00 80 BF
00 00 80 BF 00 00 80 3F 00 00 00 C0 00 00 00 C0 00 00 00 40 00 00 00 40 00 00 00 C0 00 00 80 BF
00 00 40 40 00 00 00 00 00 00 00 00 00 00 00 40 00 00 80 BF 00 00 80 BF 00 00 00 40 00 00 00 40
00 00 40 C0 00 00 80 BF 00 00 00 40 00 00 80 BF 00 00 80 BF 00 00 80 3F 00 00 00 C0 00 00 00 C0
00 00 80 3F 00 00 00 40 00 00 40 C0 00 00 80 BF 00 00 40 40 00 00 00 00 00 00 00 00 00 00 00 40
00 00 80 BF 00 00 80 BF 00 00 00 40 00 00 00 40 00 00 00 C0 00 00 80 BF 00 00 40 40 00 00 00 00
00 00 00 00 00 00 40 40 00 00 00 40 00 00 00 40 00 00 C0 40 00 00 E0 40 00 00 40 40 00 00 A0 40
00 00 20 41 00 00 E0 40 00 00 C0 40 00 00 10 41 00 00 E0 40 00 00 C0 40 00 00 10 41 00 00 10 41
00 00 A0 40 00 00 C0 40 00 00 20 41 00 00 C0 40 00 00 A0 40 00 00 E0 40 00 00 80 40 00 00 40 40
00 00 A0 40 00 00 80 40 00 00 80 BF 00 00 80 BF 00 00 40 40 00 00 00 00 00 00 00 C0 00 00 80 BF
00 00 80 C0 00 00 C0 C0 00 00 80 C0 00 00 40 C0 00 00 00 C1 00 00 00 C1 00 00 80 C0 00 00 E0 C0
00 00 00 C1 00 00 A0 C0 00 00 E0 C0 00 00 00 C1 00 00 A0 C0 00 00 80 C0 00 00 00 C1 00 00 E0 C0
00 00 40 C0 00 00 A0 C0 00 00 A0 C0 00 00 00 C0 00 00 80 C0 00 00 80 C0 00 00 80 BF 00 00 00 00
00 00 A0 C0 00 00 A0 C0 00 00 00 00 00 00 00 C0 00 00 40 C0 00 00 00 00 00 00 80 BF 00 00 00 C0
00 00 80 3F 00 00 00 40 00 00 40 C0 00 00 80 C0 00 00 80 3F 00 00 80 BF 00 00 00 C0 00 00 00 00
00 00 00 C0 00 00 40 C0 00 00 00 00 00 00 00 40 00 00 80 BF 00 00 80 BF 00 00 40 40 00 00 00 00
00 00 00 C0 00 00 80 BF 00 00 A0 C0 00 00 00 C1 00 00 C0 C0 00 00 C0 C0 00 00 20 C1 00 00 20 C1
00 00 A0 C0 00 00 C0 C0 00 00 40 C0 00 00 E0 40 00 00 70 41 00 00 B8 41 00 00 08 42 00 00 20 42
00 00 1C 42 00 00 44 42 00 00 74 42 00 00 64 42 00 00 50 42 00 00 60 42 00 00 54 42 00 00 38 42
00 00 28 42 00 00 0C 42 00 00 B8 41 00 00 70 41 00 00 50 41 00 00 00 40 00 00 30 C1 00 00 C0 C1
00 00 18 C2 00 00 40 C2 00 00 48 C2 00 00 48 C2 00 00 58 C2 00 00 58 C2 00 00 3C C2 00 00 2C C2
00 00 1C C2 00 00 E8 C1 00 00 C0 C1 00 00 98 C1 00 00 50 C1 00 00 10 C1 00 00 50 C1 00 00 60 C1
00 00 10 C1 00 00 10 C1 00 00 10 C1 00 00 80 C0 00 00 40 C0 00 00 40 C0 00 00 80 3F 00 00 40 40
00 00 80 BF 00 00 40 C0 00 00 00 40 00 00 00 00 00 00 80 BF 00 00 00 40 00 00 80 3F 00 00 00 00
00 00 40 40 00 00 A0 40 00 00 00 40 00 00 80 3F 00 00 C0 40 00 00 80 40 00 00 00 40 00 00 80 40
00 00 40 40 00 00 80 3F 00 00 40 40 00 00 C0 40 00 00 00 40 00 00 00 40 00 00 E0 40 00 00 A0 40
00 00 40 40 00 00 80 40 00 00 40 40 00 00 80 3F 00 00 80 40 00 00 A0 40 00 00 00 40 00 00 80 3F
00 00 C0 40 00 00 A0 40 00 00 00 40 00 00 80 40 00 00 40 40 00 00 00 40 00 00 80 40 00 00 C0 40
00 00 80 3F 00 00 00 00 00 00 A0 40 00 00 80 40 00 00 80 3F 00 00 80 40 00 00 40 40 00 00 80 3F
00 00 80 40 00 00 A0 40 00 00 00 40 00 00 80 3F 00 00 C0 40 00 00 A0 40 00 00 00 40 00 00 80 40
00 00 80 40 00 00 00 40 00 00 80 40 00 00 C0 40 00 00 00 40 00 00 80 3F 00 00 E0 40 00 00 C0 40
00 00 40 40 00 00 C0 40 00 00 A0 40 00 00 80 40 00 00 E0 40 00 00 10 41 00 00 80 40 00 00 40 40
00 00 10 41 00 00 00 41 00 00 80 40 00 00 00 41 00 00 00 41 00 00 E0 40 00 00 20 41 00 00 30 41
00 00 C0 40 00 00 A0 40 00 00 40 41 00 00 20 41 00 00 A0 40 00 00 00 41 00 00 10 41 00 00 C0 40
00 00 00 41 00 00 10 41 00 00 A0 40 00 00 80 40 00 00 20 41 00 00 00 41 00 00 80 40 00 00 A0 40
00 00 80 40 00 00 80 3F 00 00 00 40 00 00 40 40 00 00 00 C0 00 00 A0 C0 00 00 00 00 00 00 80 BF
00 00 C0 C0 00 00 A0 C0 00 00 E0 C0 00 00 30 C1 00 00 20 C1 00 00 10 C1 00 00 60 C1 00 00 90 C1
00 00 60 C1 00 00 60 C1 00 00 90 C1 00 00 80 C1 00 00 80 C1 00 00 90 C1 00 00 80 C1 00 00 50 C1
00 00 80 C1 00 00 90 C1 00 00 60 C1 00 00 50 C1 00 00 80 C1 00 00 40 C1 00 00 30 C1 00 00 30 C1
00 00 00 C1 00 00 A0 C0 00 00 00 C1 00 00 20 C1 00 00 C0 C0 00 00 A0 C0 00 00 E0 C0 00 00 80 C0
00 00 40 C0 00 00 80 C0 00 00 00 C0 00 00 80 3F 00 00 80 BF 00 00 A0 C0 00 00 00 00 00 00 00 00
00 00 40 C0 00 00 80 BF 00 00 80 BF 00 00 40 C0 00 00 80 BF 00 00 00 40 00 00 80 BF 00 00 80 C0
00 00 00 00 00 00 00 40 00 00 80 BF 00 00 80 3F 00 00 00 00 00 00 00 C0 00 00 80 BF 00 00 40 40
00 00 80 3F 00 00 00 C0 00 00 40 40 00 00 40 40 00 00 80 BF 00 00 00 00 00 00 00 00 00 00 40 C0
00 00 80 BF 00 00 00 40 00 00 80 BF 00 00 80 C0 00 00 80 3F 00 00 00 40 00 00 80 BF 00 00 80 3F
00 00 00 00 00 00 00 C0 00 00 80 BF 00 00 40 40 00 00 00 00 00 00 80 C0 00 00 00 00 00 00 00 40
00 00 80 BF 00 00 00 00 00 00 00 00 00 00 40 C0 00 00 80 BF 00 00 00 40 00 00 00 00 00 00 40 C0
00 00 80 3F 00 00 40 40 00 00 80 3F 00 00 40 40 00 00 00 40 00 00 00 00 00 00 80 3F 00 00 A0 40
00 00 00 40 00 00 00 C0 00 00 80 3F 00 00 00 40 00 00 80 BF 00 00 00 00 00 00 80 3F 00 00 00 C0
00 00 80 BF 00 00 00 40 00 00 80 BF 00 00 A0 C0 00 00 80 BF 00 00 80 3F 00 00 00 C0 00 00 00 00
00 00 00 00 00 00 00 C0 00 00 80 BF 00 00 00 40 00 00 00 00 00 00 80 C0 00 00 00 00 00 00 00 40
00 00 80 BF 00 00 80 3F 00 00 00 40 00 00 80 BF 00 00 00 00 00 00 80 40 00 00 00 40 00 00 00 C0
00 00 80 3F 00 00 40 40 00 00 80 BF 00 00 00 00 00 00 80 3F 00 00 00 C0 00 00 80 BF 00 00 00 40
00 00 00 00 00 00 80 C0 00 00 80 BF 00 00 80 3F 00 00 00 C0 00 00 80 BF 00 00 00 00 00 00 40 C0
00 00 80 BF 00 00 00 40 00 00 00 00 00 00 A0 C0 00 00 80 BF 00 00 80 3F 00 00 00 C0 00 00 80 BF
00 00 00 00 00 00 40 C0 00 00 00 C0 00 00 00 40 00 00 80 3F 00 00 40 C0 00 00 00 00 00 00 00 40
00 00 00 C0 00 00 80 BF 00 00 00 00 00 00 40 C0 00 00 00 C0 00 00 00 40 00 00 00 00 00 00 40 C0
00 00 80 3F 00 00 40 40 00 00 00 00 00 00 00 40 00 00 40 40 00 00 00 00 00 00 80 3F 00 00 80 40
00 00 00 40 00 00 00 C0 00 00 80 3F 00 00 40 40 00 00 00 00 00 00 80 3F 00 00 00 40 00 00 80 BF
00 00 00 00 00 00 40 40 00 00 80 3F 00 00 40 C0 00 00 00 00 00 00 00 40 00 00 00 C0 00 00 80 BF
00 00 00 00 00 00 00 C0 00 00 80 BF 00 00 00 40 00 00 80 3F 00 00 40 C0 00 00 00 00 00 00 00 40
00 00 80 BF 00 00 00 00 00 00 80 3F 00 00 80 BF 00 00 80 BF 00 00 40 40 00 00 80 3F 00 00 40 C0
00 00 80 BF 00 00 00 40 00 00 80 BF 00 00 00 00 00 00 80 3F 00 00 00 C0 00 00 80 BF 00 00 00 40
00 00 80 3F 00 00 80 C0 00 00 80 BF 00 00 00 40 00 00 80 BF 00 00 00 00 00 00 80 3F 00 00 00 C0
00 00 80 BF 00 00 00 40 00 00 80 3F 00 00 40 C0 00 00 80 BF 00 00 00 40 00 00 80 BF 00 00 00 00
00 00 80 3F 00 00 00 C0 00 00 00 C0 00 00 00 40 00 00 80 3F 00 00 00 C0 00 00 00 00 00 00 40 40
00 00 00 00 00 00 00 00 00 00 00 40 00 00 80 BF 00 00 80 BF 00 00 00 40 00 00 00 40 00 00 40 C0
00 00 80 BF 00 00 00 40 00 00 80 BF 00 00 80 BF 00 00 80 3F 00 00 00 C0 00 00 80 BF 00 00 00 40
00 00 00 40 00 00 40 C0 00 00 00 00 00 00 40 40 00 00 00 00 00 00 80 3F 00 00 80 40 00 00 00 40
00 00 40 40 00 00 E0 40 00 00 E0 40 00 00 00 40 00 00 A0 40 00 00 10 41 00 00 A0 40 00 00 A0 40
00 00 E0 40 00 00 A0 40 00 00 A0 40 00 00 00 41 00 00 E0 40 00 00 40 40 00 00 C0 40 00 00 20 41
00 00 C0 40 00 00 A0 40 00 00 C0 40 00 00 40 40 00 00 00 40 00 00 A0 40 00 00 80 40 00 00 00 C0
00 00 00 00 00 00 80 40 00 00 00 00 00 00 80 BF 00 00 00 00 00 00 80 C0 00 00 A0 C0 00 00 00 C0
00 00 40 C0 00 00 E0 C0 00 00 C0 C0 00 00 40 C0 00 00 C0 C0 00 00 E0 C0 00 00 A0 C0 00 00 E0 C0
00 00 E0 C0 00 00 80 C0 00 00 80 C0 00 00 00 C1 00 00 E0 C0 00 00 40 C0 00 00 A0 C0 00 00 A0 C0
00 00 00 C0 00 00 80 C0 00 00 40 C0 00 00 00 00 00 00 00 00 00 00 A0 C0 00 00 80 C0 00 00 00 00
00 00 40 C0 00 00 40 C0 00 00 00 00 00 00 00 C0 00 00 00 C0 00 00 80 3F 00 00 00 40 00 00 40 C0
00 00 00 C0 00 00 00 40 00 00 80 BF 00 00 80 BF 00 00 80 3F 00 00 80 BF 00 00 00 C0 00 00 00 40
00 00 00 40 00 00 40 C0 00 00 00 C0 00 00 00 40 00 00 80 BF 00 00 40 C0 00 00 40 C0 00 00 E0 C0
00 00 10 C1 00 00 E0 C0 00 00 E0 C0 00 00 30 C1 00 00 10 C1 00 00 80 C0 00 00 C0 C0 00 00 80 BF
00 00 10 41 00 00 80 41 00 00 C8 41 00 00 14 42 00 00 24 42 00 00 24 42 00 00 54 42 00 00 7C 42
00 00 64 42 00 00 54 42 00 00 60 42 00 00 50 42 00 00 34 42 00 00 20 42 00 00 04 42 00 00 A8 41
00 00 60 41 00 00 30 41 00 00 00 00 00 00 50 C1 00 00 C8 C1 00 00 1C C2 00 00 40 C2 00 00 44 C2
00 00 48 C2 00 00 58 C2 00 00 54 C2 00 00 34 C2 00 00 2C C2 00 00 14 C2 00 00 E0 C1 00 00 B8 C1
00 00 98 C1 00 00 50 C1 00 00 20 C1 00 00 60 C1 00 00 60 C1 00 00 10 C1 00 00 20 C1 00 00 10 C1
00 00 80 C0 00 00 40 C0 00 00 00 C0 00 00 00 40 00 00 40 40 00 00 80 BF 00 00 00 C0 00 00 00 40
00 00 00 00 00 00 80 BF 00 00 80 3F 00 00 00 00 00 00 00 00 00 00 40 40 00 00 A0 40 00 00 80 3F
00 00 80 3F 00 00 C0 40 00 00 40 40 00 00 00 40 00 00 80 40 00 00 00 40 00 00 80 3F 00 00 80 40
00 00 C0 40 00 00 00 40 00 00 00 40 00 00 E0 40 00 00 A0 40 00 00 40 40 00 00 A0 40 00 00 40 40
00 00 80 3F 00 00 80 40 00 00 C0 40 00 00 00 40 00 00 00 40 00 00 C0 40 00 00 80 40 00 00 00 40
00 00 80 40 00 00 00 40 00 00 80 3F 00 00 80 40 00 00 C0 40 00 00 00 40 00 00 00 40 00 00 E0 40
00 00 A0 40 00 00 40 40 00 00 A0 40 00 00 80 40 00 00 00 40 00 00 80 40 00 00 A0 40 00 00 80 3F
00 00 80 3F 00 00 C0 40 00 00 80 40 00 00 00 40 00 00 A0 40 00 00 80 40 00 00 00 40 00 00 A0 40
00 00 A0 40 00 00 80 3F 00 00 80 3F 00 00 C0 40 00 00 80 40 00 00 00 40 00 00 A0 40 00 00 80 40
00 00 40 40 00 00 C0 40 00 00 E0 40 00 00 00 40 00 00 00 40 00 00 10 41 00 00 E0 40 00 00 80 40
00 00 00 41 00 00 00 41 00 00 E0 40 00 00 20 41 00 00 30 41 00 00 E0 40 00 00 E0 40 00 00 50 41
00 00 20 41 00 00 E0 40 00 00 20 41 00 00 10 41 00 00 E0 40 00 00 10 41 00 00 20 41 00 00 A0 40
00 00 80 40 00 00 20 41 00 00 E0 40 00 00 80 40 00 00 C0 40 00 00 80 40 00 00 80 3F 00 00 00 40
00 00 40 40 00 00 00 C0 00 00 40 C0 00 00 80 3F 00 00 00 C0 00 00 E0 C0 00 00 C0 C0 00 00 00 C1
00 00 40 C1 00 00 30 C1 00 00 20 C1 00 00 70 C1 00 00 90 C1 00 00 60 C1 00 00 80 C1 00 00 90 C1
00 00 80 C1 00 00 88 C1 00 00 98 C1 00 00 80 C1 00 00 50 C1 00 00 80 C1 00 00 90 C1 00 00 60 C1
00 00 60 C1 00 00 70 C1 00 00 30 C1 00 00 30 C1 00 00 40 C1 00 00 10 C1 00 00 C0 C0 00 00 10 C1
00 00 30 C1 00 00 C0 C0 00 00 C0 C0 00 00 E0 C0 00 00 80 C0 00 00 80 C0 00 00 A0 C0 00 00 00 C0
00 00 00 00 00 00 80 C0 00 00 E0 C0 00 00 00 C0 00 00 00 C0 00 00 80 C0 00 00 00 C0 00 00 00 C0
00 00 80 C0 00 00 80 BF 00 00 00 40 00 00 00 00 00 00 00 C0 00 00 40 40 00 00 00 40 00 00 80 BF
00 00 80 3F 00 00 00 00 00 00 40 C0 00 00 80 BF 00 00 00 40 00 00 80 BF 00 00 40 C0 00 00 00 40
00 00 00 40 00 00 80 BF 00 00 80 3F 00 00 80 3F 00 00 00 C0 00 00 00 00 00 00 40 40 00 00 80 3F
00 00 00 C0 00 00 40 40 00 00 40 40 00 00 00 00 00 00 00 40 00 00 80 3F 00 00 80 BF 00 00 00 00
00 00 40 40 00 00 80 BF 00 00 80 C0 00 00 80 3F 00 00 80 3F 00 00 80 BF 00 00 80 3F 00 00 00 00
00 00 00 C0 00 00 00 00 00 00 40 40 00 00 00 00 00 00 00 C0 00 00 00 40 00 00 00 40 00 00 80 BF
00 00 80 3F 00 00 80 3F 00 00 80 BF 00 00 00 00 00 00 40 40 00 00 00 00 00 00 40 C0 00 00 80 3F
00 00 80 3F 00 00 00 C0 00 00 00 00 00 00 00 00 00 00 00 C0 00 00 80 BF 00 00 00 40 00 00 80 BF
00 00 A0 C0 00 00 00 00 00 00 00 00 00 00 00 C0 00 00 00 00 00 00 00 00 00 00 00 C0 00 00 80 BF
00 00 40 40 00 00 00 00 00 00 40 C0 00 00 80 3F 00 00 00 40 00 00 80 BF 00 00 80 3F 00 00 80 3F
00 00 00 C0 00 00 00 00 00 00 40 40 00 00 80 3F 00 00 00 C0 00 00 00 40 00 00 00 40 00 00 80 BF
00 00 80 3F 00 00 80 3F 00 00 00 C0 00 00 00 00 00 00 40 40 00 00 00 00 00 00 80 C0 00 00 00 00
00 00 00 40 00 00 00 C0 00 00 00 00 00 00 80 3F 00 00 00 C0 00 00 00 00 00 00 40 40 00 00 00 00
00 00 40 C0 00 00 80 3F 00 00 00 40 00 00 80 BF 00 00 80 3F 00 00 80 3F 00 00 00 C0 00 00 00 00
00 00 40 40 00 00 80 3F 00 00 40 C0 00 00 80 3F 00 00 40 40 00 00 80 BF 00 00 80 3F 00 00 80 3F
00 00 80 BF 00 00 00 00 00 00 40 40 00 00 00 00 00 00 80 C0 00 00 00 00 00 00 80 3F 00 00 40 C0
00 00 80 BF 00 00 80 BF 00 00 40 C0 00 00 00 C0 00 00 00 40 00 00 00 00 00 00 40 C0 00 00 80 3F
00 00 00 40 00 00 00 00 00 00 80 3F 00 00 00 40 00 00 80 BF 00 00 00 00 00 00 80 40 00 00 00 40
00 00 00 C0 00 00 00 40 00 00 40 40 00 00 80 BF 00 00 80 3F 00 00 80 3F 00 00 00 C0 00 00 80 BF
00 00 00 40 00 00 00 00 00 00 40 C0 00 00 00 00 00 00 00 40 00 00 80 BF 00 00 00 00 00 00 80 3F
00 00 00 C0 00 00 80 BF 00 00 00 40 00 00 00 00 00 00 A0 C0 00 00 80 BF 00 00 80 3F 00 00 40 C0
00 00 80 BF 00 00 00 00 00 00 40 C0 00 00 00 C0 00 00 00 40 00 00 00 00 00 00 80 C0 00 00 80 BF
00 00 40 40 00 00 80 3F 00 00 00 40 00 00 40 40 00 00 00 00 00 00 80 3F 00 00 A0 40 00 00 80 40
00 00 00 00 00 00 40 40 00 00 A0 40 00 00 00 00 00 00 80 3F 00 00 80 3F 00 00 80 BF 00 00 00 00
00 00 40 40 00 00 80 3F 00 00 40 C0 00 00 00 00 00 00 80 3F 00 00 00 C0 00 00 80 BF 00 00 00 00
00 00 00 C0 00 00 80 BF 00 00 00 40 00 00 00 00 00 00 80 C0 00 00 80 BF 00 00 00 40 00 00 80 BF
00 00 00 00 00 00 80 3F 00 00 00 C0 00 00 80 BF 00 00 00 40 00 00 80 3F 00 00 40 C0 00 00 00 00
00 00 40 40 00 00 00 00 00 00 00 40 00 00 80 40 00 00 00 40 00 00 40 40 00 00 E0 40 00 00 C0 40
00 00 00 40 00 00 E0 40 00 00 20 41 00 00 C0 40 00 00 00 41 00 00 10 41 00 00 E0 40 00 00 E0 40
00 00 20 41 00 00 00 41 00 00 80 40 00 00 E0 40 00 00 10 41 00 00 80 40 00 00 80 40 00 00 A0 40
00 00 80 3F 00 00 80 3F 00 00 80 40 00 00 00 40 00 00 00 C0 00 00 80 3F 00 00 40 40 00 00 80 BF
00 00 80 BF 00 00 80 BF 00 00 A0 C0 00 00 A0 C0 00 00 00 C0 00 00 80 C0 00 00 10 C1 00 00 E0 C0
00 00 80 C0 00 00 00 C1 00 00 E0 C0 00 00 A0 C0 00 00 00 C1 00 00 E0 C0 00 00 80 C0 00 00 A0 C0
00 00 10 C1 00 00 C0 C0 00 00 40 C0 00 00 C0 C0 00 00 A0 C0 00 00 40 C0 00 00 A0 C0 00 00 80 C0
00 00 00 00 00 00 80 BF 00 00 C0 C0 00 00 80 C0 00 00 00 00 00 00 40 C0 00 00 00 C0 00 00 00 00
00 00 00 C0 00 00 00 C0 00 00 00 40 00 00 00 40 00 00 00 C0 00 00 00 00 00 00 00 40 00 00 80 BF
00 00 00 00 00 00 80 3F 00 00 80 BF 00 00 80 BF 00 00 00 40 00 00 00 40 00 00 40 C0 00 00 80 BF
00 00 00 40 00 00 80 BF 00 00 00 C0 00 00 00 C0 00 00 C0 C0 00 00 00 C1 00 00 C0 C0 00 00 E0 C0
00 00 30 C1 00 00 10 C1 00 00 A0 C0 00 00 C0 C0 00 00 00 00 00 00 30 41 00 00 90 41 00 00 E0 41
00 00 1C 42 00 00 28 42 00 00 2C 42 00 00 5C 42 00 00 7C 42 00 00 5C 42 00 00 54 42 00 00 58 42
00 00 40 42 00 00 24 42 00 00 14 42 00 00 E0 41 00 00 70 41 00 00 20 41 00 00 E0 40 00 00 80 C0
00 00 80 C1 00 00 E8 C1 00 00 28 C2 00 00 44 C2 00 00 44 C2 00 00 44 C2 00 00 54 C2 00 00 44 C2
00 00 28 C2 00 00 20 C2 00 00 08 C2 00 00 D0 C1 00 00 B0 C1 00 00 88 C1 00 00 20 C1 00 00 20 C1
00 00 70 C1 00 00 50 C1 00 00 10 C1 00 00 20 C1 00 00 00 C1 00 00 40 C0 00 00 40 C0 00 00 00 C0
00 00 40 40 00 00 80 40 00 00 80 BF 00 00 00 00 00 00 40 40 00 00 00 00 00 00 00 00 00 00 00 40
00 00 00 00 00 00 00 00 00 00 80 40 00 00 80 40 00 00 00 00 00 00 80 3F 00 00 A0 40 00 00 00 40
00 00 00 40 00 00 40 40 00 00 80 3F 00 00 80 3F 00 00 A0 40 00 00 A0 40 00 00 80 3F 00 00 00 40
00 00 C0 40 00 00 40 40 00 00 00 40 00 00 80 40 00 00 80 3F 00 00 00 00 00 00 80 40 00 00 80 40
00 00 00 00 00 00 00 40 00 00 E0 40 00 00 40 40 00 00 00 40 00 00 80 40 00 00 80 3F 00 00 80 3F
00 00 A0 40 00 00 A0 40 00 00 00 00 00 00 00 40 00 00 E0 40 00 00 80 40 00 00 40 40 00 00 80 40
00 00 00 40 00 00 00 40 00 00 A0 40 00 00 A0 40 00 00 80 3F 00 00 40 40 00 00 00 41 00 00 A0 40
00 00 A0 40 00 00 E0 40 00 00 A0 40 00 00 A0 40 00 00 00 41 00 00 00 41 00 00 40 40 00 00 80 40
00 00 00 41 00 00 80 40 00 00 40 40 00 00 A0 40 00 00 80 40 00 00 40 40 00 00 E0 40 00 00 E0 40
00 00 00 40 00 00 80 40 00 00 10 41 00 00 C0 40 00 00 C0 40 00 00 10 41 00 00 00 41 00 00 00 41
00 00 30 41 00 00 30 41 00 00 C0 40 00 00 00 41 00 00 50 41 00 00 10 41 00 00 E0 40 00 00 20 41
00 00 00 41 00 00 E0 40 00 00 20 41 00 00 20 41 00 00 80 40 00 00 C0 40 00 00 30 41 00 00 C0 40
00 00 40 40 00 00 80 40 00 00 00 40 00 00 00 00 00 00 00 40 00 00 80 3F 00 00 A0 C0 00 00 A0 C0
00 00 80 BF 00 00 A0 C0 00 00 00 C1 00 00 E0 C0 00 00 20 C1 00 00 50 C1 00 00 30 C1 00 00 40 C1
00 00 88 C1 00 00 88 C1 00 00 50 C1 00 00 80 C1 00 00 90 C1 00 00 70 C1 00 00 88 C1 00 00 90 C1
00 00 60 C1 00 00 50 C1 00 00 90 C1 00 00 90 C1 00 00 50 C1 00 00 60 C1 00 00 70 C1 00 00 30 C1
00 00 30 C1 00 00 30 C1 00 00 E0 C0 00 00 A0 C0 00 00 20 C1 00 00 30 C1 00 00 C0 C0 00 00 E0 C0
00 00 E0 C0 00 00 80 C0 00 00 A0 C0 00 00 A0 C0 00 00 80 BF 00 00 00 40 00 00 00 C0 00 00 40 C0
00 00 80 3F 00 00 80 BF 00 00 40 C0 00 00 80 BF 00 00 00 C0 00 00 40 C0 00 00 00 00 00 00 00 40
00 00 00 C0 00 00 00 C0 00 00 00 40 00 00 80 3F 00 00 80 BF 00 00 00 00 00 00 80 BF 00 00 40 C0
00 00 00 00 00 00 80 3F 00 00 40 C0 00 00 80 C0 00 00 80 3F 00 00 00 00 00 00 00 C0 00 00 00 00
00 00 00 C0 00 00 40 C0 00 00 00 00 00 00 00 40 00 00 80 BF 00 00 00 C0 00 00 40 40 00 00 00 40
00 00 00 00 00 00 00 40 00 00 00 00 00 00 00 C0 00 00 80 3F 00 00 40 40 00 00 80 BF 00 00 00 C0
00 00 40 40 00 00 00 40 00 00 00 00 00 00 00 40 00 00 00 00 00 00 00 C0 00 00 80 3F 00 00 00 40
00 00 00 C0 00 00 40 C0 00 00 00 40 00 00 80 3F 00 00 80 BF 00 00 00 40 00 00 80 3F 00 00 80 BF
00 00 80 3F 00 00 40 40 00 00 80 BF 00 00 00 C0 00 00 00 40 00 00 80 3F 00 00 80 BF 00 00 80 3F
00 00 00 00 00 00 00 C0 00 00 80 3F 00 00 40 40 00 00 80 BF 00 00 40 C0 00 00 00 40 00 00 80 3F
00 00 00 00 00 00 40 40 00 00 80 3F 00 00 80 BF 00 00 00 40 00 00 80 40 00 00 80 3F 00 00 00 C0
00 00 00 40 00 00 80 3F 00 00 00 C0 00 00 00 00 00 00 80 BF 00 00 40 C0 00 00 00 00 00 00 00 40
00 00 00 C0 00 00 80 C0 00 00 80 3F 00 00 00 00 00 00 40 C0 00 00 80 BF 00 00 00 C0 00 00 40 C0
00 00 00 00 00 00 00 40 00 00 00 C0 00 00 A0 C0 00 00 00 00 00 00 00 00 00 00 80 BF 00 00 80 3F
00 00 00 00 00 00 00 C0 00 00 80 3F 00 00 80 40 00 00 80 3F 00 00 80 BF 00 00 80 40 00 00 40 40
00 00 00 00 00 00 80 3F 00 00 00 00 00 00 00 C0 00 00 80 3F 00 00 40 40 00 00 00 00 00 00 40 C0
00 00 00 40 00 00 80 3F 00 00 80 BF 00 00 80 3F 00 00 00 00 00 00 00 C0 00 00 00 00 00 00 40 40
00 00 80 BF 00 00 80 C0 00 00 80 3F 00 00 80 3F 00 00 80 BF 00 00 80 3F 00 00 00 00 00 00 00 C0
00 00 00 00 00 00 40 40 00 00 00 00 00 00 40 C0 00 00 80 3F 00 00 00 40 00 00 80 BF 00 00 00 40
00 00 80 3F 00 00 80 BF 00 00 80 3F 00 00 40 40 00 00 00 00 00 00 40 C0 00 00 00 40 00 00 00 40
00 00 80 BF 00 00 80 3F 00 00 80 3F 00 00 00 C0 00 00 00 00 00 00 40 40 00 00 00 00 00 00 40 C0
00 00 80 3F 00 00 80 3F 00 00 00 C0 00 00 00 00 00 00 00 00 00 00 40 C0 00 00 80 BF 00 00 00 40
00 00 00 00 00 00 40 C0 00 00 80 3F 00 00 00 40 00 00 80 BF 00 00 00 40 00 00 80 3F 00 00 00 C0
00 00 00 00 00 00 80 40 00 00 80 3F 00 00 00 C0 00 00 00 40 00 00 00 40 00 00 00 C0 00 00 00 00
00 00 00 00 00 00 00 C0 00 00 80 BF 00 00 00 40 00 00 80 BF 00 00 80 C0 00 00 00 00 00 00 00 00
00 00 40 C0 00 00 00 00 00 00 80 BF 00 00 40 C0 00 00 80 BF 00 00 00 40 00 00 80 BF 00 00 A0 C0
00 00 00 00 00 00 80 3F 00 00 00 C0 00 00 00 00 00 00 00 00 00 00 40 C0 00 00 80 BF 00 00 40 40
00 00 00 00 00 00 80 C0 00 00 00 00 00 00 80 3F 00 00 00 C0 00 00 00 00 00 00 00 00 00 00 40 C0
00 00 80 BF 00 00 00 40 00 00 00 00 00 00 40 C0 00 00 00 40 00 00 40 40 00 00 00 00 00 00 40 40
00 00 80 40 00 00 00 40 00 00 A0 40 00 00 00 41 00 00 A0 40 00 00 00 40 00 00 E0 40 00 00 00 41
00 00 A0 40 00 00 E0 40 00 00 00 41 00 00 C0 40 00 00 E0 40 00 00 30 41 00 00 E0 40 00 00 40 40
00 00 00 41 00 00 10 41 00 00 80 40 00 00 A0 40 00 00 A0 40 00 00 00 40 00 00 00 40 00 00 A0 40
00 00 40 40 00 00 80 BF 00 00 80 40 00 00 80 40 00 00 00 00 00 00 80 3F 00 00 00 00 00 00 80 C0
00 00 80 C0 00 00 80 BF 00 00 A0 C0 00 00 10 C1 00 00 C0 C0 00 00 A0 C0 00 00 00 C1 00 00 C0 C0
00 00 A0 C0 00 00 E0 C0 00 00 C0 C0 00 00 40 C0 00 00 A0 C0 00 00 10 C1 00 00 C0 C0 00 00 80 C0
00 00 E0 C0 00 00 80 C0 00 00 40 C0 00 00 A0 C0 00 00 80 C0 00 00 00 00 00 00 80 BF 00 00 A0 C0
00 00 00 C0 00 00 00 00 00 00 40 C0 00 00 80 BF 00 00 00 00 00 00 40 C0 00 00 00 C0 00 00 00 40
00 00 00 00 00 00 80 C0 00 00 00 00 00 00 80 3F 00 00 00 C0 00 00 00 00 00 00 80 3F 00 00 00 C0
00 00 80 BF 00 00 00 40 00 00 00 00 00 00 80 C0 00 00 80 BF 00 00 80 3F 00 00 40 C0 00 00 40 C0
00 00 80 C0 00 00 10 C1 00 00 10 C1 00 00 E0 C0 00 00 00 C1 00 00 30 C1 00 00 E0 C0 00 00 80 C0
00 00 A0 C0 00 00 40 40 00 00 50 41 00 00 A0 41 00 00 F8 41 00 00 24 42 00 00 28 42 00 00 34 42
00 00 70 42 00 00 7C 42 00 00 5C 42 00 00 58 42 00 00 5C 42 00 00 3C 42 00 00 24 42 00 00 0C 42
00 00 C8 41 00 00 50 41 00 00 10 41 00 00 80 40 00 00 00 C1 00 00 98 C1 00 00 F8 C1 00 00 30 C2
00 00 44 C2 00 00 40 C2 00 00 44 C2 00 00 50 C2 00 00 3C C2 00 00 24 C2 00 00 1C C2 00 00 F8 C1
00 00 C0 C1 00 00 A0 C1 00 00 70 C1 00 00 10 C1 00 00 20 C1 00 00 60 C1 00 00 30 C1 00 00 00 C1
00 00 30 C1 00 00 10 C1 00 00 A0 C0 00 00 A0 C0 00 00 00 C0 00 00 00 40 00 00 00 00 00 00 C0 C0
00 00 40 C0 00 00 80 3F 00 00 80 BF 00 00 80 3F 00 00 40 40 00 00 80 3F 00 00 00 40 00 00 C0 40
00 00 C0 40 00 00 00 40 00 00 A0 40 00 00 E0 40 00 00 40 40 00 00 40 40 00 00 80 40 00 00 80 3F
00 00 00 40 00 00 C0 40 00 00 A0 40 00 00 80 3F 00 00 80 40 00 00 E0 40 00 00 80 40 00 00 80 40
00 00 A0 40 00 00 80 3F 00 00 00 40 00 00 E0 40 00 00 C0 40 00 00 00 40 00 00 C0 40 00 00 00 41
00 00 40 40 00 00 40 40 00 00 80 40 00 00 00 40 00 00 00 40 00 00 A0 40 00 00 80 40 00 00 00 00
00 00 40 40 00 00 C0 40 00 00 40 40 00 00 40 40 00 00 80 40 00 00 80 3F 00 00 00 40 00 00 C0 40
00 00 80 40 00 00 80 BF 00 00 40 40 00 00 C0 40 00 00 00 40 00 00 40 40 00 00 A0 40 00 00 00 40
00 00 00 40 00 00 C0 40 00 00 80 40 00 00 00 00 00 00 80 40 00 00 E0 40 00 00 40 40 00 00 40 40
00 00 A0 40 00 00 40 40 00 00 80 40 00 00 E0 40 00 00 A0 40 00 00 80 3F 00 00 A0 40 00 00 10 41
00 00 A0 40 00 00 C0 40 00 00 10 41 00 00 E0 40 00 00 00 41 00 00 30 41 00 00 10 41 00 00 80 40
00 00 10 41 00 00 50 41 00 00 00 41 00 00 00 41 00 00 20 41 00 00 00 41 00 00 00 41 00 00 20 41
00 00 00 41 00 00 00 40 00 00 C0 40 00 00 20 41 00 00 80 40 00 00 40 40 00 00 80 40 00 00 80 3F
00 00 00 00 00 00 40 40 00 00 80 3F 00 00 80 C0 00 00 00 C0 00 00 80 3F 00 00 A0 C0 00 00 C0 C0
00 00 C0 C0 00 00 20 C1 00 00 40 C1 00 00 20 C1 00 00 40 C1 00 00 90 C1 00 00 80 C1 00 00 60 C1
00 00 88 C1 00 00 88 C1 00 00 70 C1 00 00 88 C1 00 00 80 C1 00 00 50 C1 00 00 40 C1 00 00 88 C1
00 00 80 C1 00 00 40 C1 00 00 70 C1 00 00 60 C1 00 00 30 C1 00 00 30 C1 00 00 20 C1 00 00 C0 C0
00 00 C0 C0 00 00 20 C1 00 00 10 C1 00 00 A0 C0 00 00 E0 C0 00 00 E0 C0 00 00 80 C0 00 00 A0 C0
00 00 A0 C0 00 00 80 BF 00 00 80 BF 00 00 A0 C0 00 00 40 C0 00 00 80 3F 00 00 00 C0 00 00 00 C0
00 00 00 00 00 00 00 C0 00 00 40 C0 00 00 80 3F 00 00 80 3F 00 00 40 C0 00 00 80 BF 00 00 40 40
00 00 00 00 00 00 00 00 00 00 80 3F 00 00 00 C0 00 00 00 C0 00 00 80 3F 00 00 00 40 00 00 00 C0
00 00 80 BF 00 00 40 40 00 00 80 3F 00 00 00 00 00 00 80 3F 00 00 80 BF 00 00 00 C0 00 00 80 3F
00 00 00 40 00 00 00 C0 00 00 80 BF 00 00 80 40 00 00 80 3F 00 00 00 00 00 00 00 40 00 00 00 00
00 00 80 BF 00 00 00 40 00 00 40 40 00 00 00 C0 00 00 80 BF 00 00 40 40 00 00 00 00 00 00 80 BF
00 00 80 3F 00 00 80 BF 00 00 00 C0 00 00 80 3F 00 00 80 3F 00 00 80 C0 00 00 40 C0 00 00 80 3F
00 00 80 BF 00 00 00 C0 00 00 80 3F 00 00 00 C0 00 00 00 C0 00 00 80 3F 00 00 00 40 00 00 00 C0
00 00 80 BF 00 00 40 40 00 00 00 00 00 00 80 BF 00 00 00 40 00 00 00 00 00 00 80 BF 00 00 00 40
00 00 00 40 00 00 00 C0 00 00 00 C0 00 00 00 40 00 00 00 00 00 00 80 BF 00 00 80 3F 00 00 80 BF
00 00 00 C0 00 00 80 3F 00 00 00 40 00 00 40 C0 00 00 00 C0 00 00 00 40 00 00 80 BF 00 00 80 BF
00 00 80 3F 00 00 80 BF 00 00 80 BF 00 00 00 40 00 00 40 40 00 00 00 C0 00 00 80 BF 00 00 40 40
00 00 00 00 00 00 00 00 00 00 00 40 00 00 00 00 00 00 80 BF 00 00 00 40 00 00 40 40 00 00 80 BF
00 00 80 BF 00 00 40 40 00 00 80 3F 00 00 00 00 00 00 00 40 00 00 00 00 00 00 80 BF 00 00 00 40
00 00 80 40 00 00 80 BF 00 00 80 BF 00 00 00 40 00 00 00 00 00 00 00 C0 00 00 00 00 00 00 00 C0
00 00 40 C0 00 00 00 00 00 00 80 3F 00 00 40 C0 00 00 80 C0 00 00 80 3F 00 00 80 BF 00 00 00 C0
00 00 00 00 00 00 00 C0 00 00 40 C0 00 00 00 00 00 00 00 40 00 00 00 C0 00 00 40 C0 00 00 00 40
00 00 00 00 00 00 80 BF 00 00 80 3F 00 00 80 BF 00 00 00 C0 00 00 80 3F 00 00 00 40 00 00 00 C0
00 00 00 C0 00 00 40 40 00 00 80 3F 00 00 00 00 00 00 00 40 00 00 80 3F 00 00 80 BF 00 00 00 40
00 00 40 40 00 00 80 BF 00 00 00 C0 00 00 40 40 00 00 80 3F 00 00 80 BF 00 00 00 40 00 00 00 00
00 00 80 BF 00 00 80 3F 00 00 40 40 00 00 80 BF 00 00 00 C0 00 00 40 40 00 00 80 3F 00 00 80 BF
00 00 00 40 00 00 00 00 00 00 80 BF 00 00 00 40 00 00 40 40 00 00 80 BF 00 00 00 C0 00 00 00 40
00 00 80 3F 00 00 80 BF 00 00 00 40 00 00 80 3F 00 00 80 BF 00 00 00 40 00 00 40 40 00 00 80 BF
00 00 00 C0 00 00 00 40 00 00 00 00 00 00 80 BF 00 00 80 3F 00 00 00 00 00 00 00 C0 00 00 80 3F
00 00 40 40 00 00 00 C0 00 00 40 C0 00 00 80 3F 00 00 00 00 00 00 00 C0 00 00 00 00 00 00 00 C0
00 00 40 C0 00 00 00 00 00 00 00 40 00 00 80 BF 00 00 00 C0 00 00 00 40 00 00 80 3F 00 00 80 BF
00 00 00 40 00 00 00 00 00 00 80 BF 00 00 80 3F 00 00 40 40 00 00 80 BF 00 00 40 C0 00 00 00 40
00 00 80 3F 00 00 80 BF 00 00 80 3F 00 00 00 00 00 00 00 C0 00 00 80 3F 00 00 40 40 00 00 80 BF
00 00 00 C0 00 00 00 40 00 00 80 3F 00 00 00 00 00 00 40 40 00 00 00 40 00 00 00 40 00 00 A0 40
00 00 00 41 00 00 A0 40 00 00 80 40 00 00 20 41 00 00 10 41 00 00 E0 40 00 00 10 41 00 00 00 41
00 00 C0 40 00 00 10 41 00 00 20 41 00 00 C0 40 00 00 80 40 00 00 10 41 00 00 00 41 00 00 C0 40
00 00 E0 40 00 00 A0 40 00 00 40 40 00 00 A0 40 00 00 E0 40 00 00 00 40 00 00 80 BF 00 00 40 40
00 00 80 3F 00 00 40 C0 00 00 00 C0 00 00 80 C0 00 00 E0 C0 00 00 C0 C0 00 00 40 C0 00 00 00 C1
00 00 20 C1 00 00 C0 C0 00 00 E0 C0 00 00 10 C1 00 00 E0 C0 00 00 00 C1 00 00 20 C1 00 00 E0 C0
00 00 80 C0 00 00 E0 C0 00 00 10 C1 00 00 80 C0 00 00 80 C0 00 00 A0 C0 00 00 00 C0 00 00 40 C0
00 00 A0 C0 00 00 00 C0 00 00 00 00 00 00 40 C0 00 00 A0 C0 00 00 80 BF 00 00 80 BF 00 00 40 C0
00 00 00 00 00 00 00 00 00 00 00 C0 00 00 00 00 00 00 00 40 00 00 00 C0 00 00 C0 C0 00 00 80 BF
00 00 80 BF 00 00 40 C0 00 00 80 BF 00 00 00 C0 00 00 80 C0 00 00 80 BF 00 00 00 40 00 00 80 BF
00 00 80 C0 00 00 80 3F 00 00 80 3F 00 00 00 C0 00 00 80 BF 00 00 80 C0 00 00 00 C1 00 00 E0 C0
00 00 A0 C0 00 00 E0 C0 00 00 10 C1 00 00 A0 C0 00 00 A0 C0 00 00 A0 C0 00 00 40 40 00 00 50 41
00 00 A8 41 00 00 00 42 00 00 20 42 00 00 1C 42 00 00 38 42 00 00 70 42 00 00 6C 42 00 00 54 42
00 00 60 42 00 00 58 42 00 00 38 42 00 00 20 42 00 00 04 42 00 00 B0 41 00 00 40 41 00 00 10 41
00 00 40 40 00 00 20 C1 00 00 A8 C1 00 00 08 C2 00 00 30 C2 00 00 3C C2 00 00 38 C2 00 00 44 C2
00 00 4C C2 00 00 30 C2 00 00 24 C2 00 00 18 C2 00 00 E8 C1 00 00 B8 C1 00 00 A0 C1 00 00 60 C1
00 00 10 C1 00 00 30 C1 00 00 60 C1 00 00 20 C1 00 00 10 C1 00 00 20 C1 00 00 A0 C0 00 00 80 C0
00 00 80 C0 00 00 00 00 00 00 80 40 00 00 80 3F 00 00 40 C0 00 00 80 3F 00 00 00 40 00 00 80 BF
00 00 80 3F 00 00 80 3F 00 00 80 BF 00 00 00 40 00 00 C0 40 00 00 40 40 00 00 80 3F 00 00 A0 40
00 00 A0 40 00 00 00 40 00 00 80 40 00 00 80 40 00 00 80 3F 00 00 40 40 00 00 C0 40 00 00 80 40
00 00 00 40 00 00 C0 40 00 00 C0 40 00 00 00 40 00 00 80 40 00 00 80 40 00 00 80 3F 00 00 40 40
00 00 A0 40 00 00 00 40 00 00 00 00 00 00 A0 40 00 00 C0 40 00 00 00 40 00 00 80 40 00 00 40 40
00 00 80 3F 00 00 00 40 00 00 A0 40 00 00 00 40 00 00 80 BF 00 00 80 40 00 00 A0 40 00 00 00 40
00 00 80 40 00 00 80 40 00 00 80 3F 00 00 40 40 00 00 C0 40 00 00 40 40 00 00 00 00 00 00 C0 40
00 00 E0 40 00 00 40 40 00 00 A0 40 00 00 C0 40 00 00 40 40 00 00 A0 40 00 00 E0 40 00 00 80 40
00 00 80 3F 00 00 C0 40 00 00 E0 40 00 00 00 40 00 00 80 40 00 00 A0 40 00 00 40 40 00 00 A0 40
00 00 00 41 00 00 80 40 00 00 80 3F 00 00 E0 40 00 00 00 41 00 00 40 40 00 00 C0 40 00 00 E0 40
00 00 C0 40 00 00 00 41 00 00 30 41 00 00 00 41 00 00 A0 40 00 00 30 41 00 00 40 41 00 00 E0 40
00 00 10 41 00 00 20 41 00 00 E0 40 00 00 00 41 00 00 20 41 00 00 A0 40 00 00 00 40 00 00 00 41
00 00 00 41 00 00 40 40 00 00 80 40 00 00 80 40 00 00 00 00 00 00 80 3F 00 00 40 40 00 00 00 C0
