00 00 98 C1 00 80 A5 43 00 80 D4 44 00 60 66 45 00 C8 A8 45 00 30 C9 45 00 10 BC 45 00 70 74 45
00 00 AC 44 00 80 2D C4 00 00 0D C5 00 00 33 C5 00 D0 12 C5 00 60 BF C4 00 40 63 C4 00 00 BA C3
00 00 2C C3 00 00 E3 C3 00 C0 3C C4 00 C0 5F C4 00 20 89 C4 00 A0 9F C4 00 40 A4 C4 00 E0 AE C4
00 00 BF C4 00 80 B7 C4 00 40 99 C4 00 40 60 C4 00 80 E3 C3 00 00 B8 C1 00 00 29 43 00 00 8E 42
00 00 6D C3 00 00 24 C4 00 80 7F C4 00 E0 90 C4 00 40 7C C4 00 00 1C C4 00 00 0A C3 00 00 8B 43
00 00 F8 43 00 80 DD 43 00 00 22 43 00 00 3A C3 00 00 E7 C3 00 00 17 C4 00 C0 0B C4 00 80 A9 C3
00 00 92 C2 00 00 0A 43 00 00 88 43 00 00 8C 43 00 00 25 43 00 00 20 42 00 00 30 C2 00 00 EC C2
00 00 1A C3 00 00 03 C3 00 00 D6 C2 00 00 BC C2 00 00 2C C2 00 00 98 41 00 00 80 42 00 00 05 43
00 00 49 43 00 00 3F 43 00 00 D8 42 00 00 80 BF 00 00 01 C3 00 00 67 C3 00 00 6A C3 00 00 17 C3
00 00 C0 C1 00 00 08 43 00 80 87 43 00 00 94 43 00 00 50 43 00 00 70 42 00 00 DA C2 00 00 6E C3
00 00 84 C3 00 00 43 C3 00 00 8C C2 00 00 AA 42 00 00 54 43 00 00 77 43 00 00 3B 43 00 00 90 42
00 00 64 C2 00 00 1B C3 00 00 38 C3 00 00 18 C3 00 00 A0 C2 00 00 60 41 00 00 BC 42 00 00 FE 42
00 00 D6 42 00 00 64 42 00 00 00 00 00 00 34 C2 00 00 86 C2 00 00 90 C2 00 00 82 C2 00 00 28 C2
00 00 50 C1 00 00 40 41 00 00 E0 41 00 00 14 42 00 00 30 42 00 00 38 42 00 00 00 42 00 00 00 00
00 00 20 C2 00 00 88 C2 00 00 96 C2 00 00 68 C2 00 00 C0 C1 00 00 90 41 00 00 78 42 00 00 B2 42
00 00 A8 42 00 00 2C 42 00 00 70 C1 00 00 82 C2 00 00 B4 C2 00 00 A4 C2 00 00 44 C2 00 00 40 C0
00 00 40 42 00 00 A6 42 00 00 AA 42 00 00 50 42 00 00 00 00 00 00 34 C2 00 00 8C C2 00 00 86 C2
00 00 38 C2 00 00 70 C1 00 00 B0 41 00 00 48 42 00 00 60 42 00 00 14 42 00 00 A0 40 00 00 B8 C1
00 00 18 C2 00 00 24 C2 00 00 14 C2 00 00 D0 C1 00 00 00 C0 00 00 D8 41 00 00 44 42 00 00 5C 42
00 00 40 42 00 00 20 42 00 00 20 42 00 00 34 42 00 00 18 42 00 00 B8 41 00 00 98 41 00 00 E8 41
00 00 24 42 00 00 2C 42 00 00 18 42 00 00 14 42 00 00 0C 42 00 00 C0 41 00 00 80 40 00 00 A0 C1
00 00 20 C2 00 00 48 C2 00 00 40 C2 00 00 2C C2 00 00 0C C2 00 00 B8 C1 00 00 60 C1 00 00 80 C1
00 00 E8 C1 00 00 34 C2 00 00 4C C2 00 00 34 C2 00 00 00 C2 00 00 98 C1 00 00 10 C1 00 00 40 40
00 00 40 41 00 00 50 41 00 00 00 40 00 00 50 C1 00 00 A0 C1 00 00 98 C1 00 00 40 C1 00 00 00 C1
00 00 A0 C0 00 00 40 40 00 00 40 41 00 00 88 41 00 00 40 41 00 00 80 3F 00 00 40 C0 00 00 40 C0
00 00 80 BF 00 00 40 C0 00 00 C0 C0 00 00 40 C0 00 00 80 40 00 00 30 41 00 00 20 41 00 00 A0 40
00 00 40 40 00 00 A0 40 00 00 A0 40 00 00 80 BF 00 00 10 C1 00 00 10 C1 00 00 40 C0 00 00 A0 40
00 00 E0 40 00 00 A0 40 00 00 C0 40 00 00 10 41 00 00 10 41 00 00 40 40 00 00 E0 C0 00 00 10 C1
00 00 80 C0 00 00 80 40 00 00 C0 40 00 00 80 40 00 00 C0 40 00 00 30 41 00 00 50 41 00 00 E0 40
00 00 40 C0 00 00 C0 C0 00 00 00 C0 00 00 80 40 00 00 80 40 00 00 80 3F 00 00 40 40 00 00 00 41
00 00 40 41 00 00 00 41 00 00 80 BF 00 00 80 C0 00 00 80 BF 00 00 A0 40 00 00 80 40 00 00 80 BF
00 00 00 00 00 00 C0 40 00 00 30 41 00 00 10 41 00 00 80 3F 00 00 80 BF 00 00 40 40 00 00 C0 40
00 00 80 40 00 00 40 C0 00 00 40 C0 00 00 40 40 00 00 10 41 00 00 10 41 00 00 00 40 00 00 80 3F
00 00 A0 40 00 00 10 41 00 00 E0 40 00 00 80 BF 00 00 00 C0 00 00 80 40 00 00 30 41 00 00 40 41
00 00 A0 40 00 00 80 40 00 00 10 41 00 00 60 41 00 00 40 41 00 00 40 40 00 00 00 00 00 00 A0 40
00 00 40 41 00 00 40 41 00 00 A0 40 00 00 40 40 00 00 E0 40 00 00 40 41 00 00 20 41 00 00 80 3F
00 00 40 C0 00 00 80 3F 00 00 C0 40 00 00 A0 40 00 00 40 C0 00 00 A0 C0 00 00 80 BF 00 00 80 40
00 00 00 40 00 00 C0 C0 00 00 20 C1 00 00 00 C1 00 00 80 C0 00 00 C0 C0 00 00 60 C1 00 00 70 C1
00 00 30 C1 00 00 E0 C0 00 00 10 C1 00 00 70 C1 00 00 80 C1 00 00 50 C1 00 00 00 C1 00 00 20 C1
00 00 80 C1 00 00 80 C1 00 00 40 C1 00 00 00 C1 00 00 20 C1 00 00 80 C1 00 00 70 C1 00 00 20 C1
00 00 A0 C0 00 00 C0 C0 00 00 30 C1 00 00 30 C1 00 00 C0 C0 00 00 00 C0 00 00 40 C0 00 00 00 C1
00 00 00 C1 00 00 40 C0 00 00 00 40 00 00 80 3F 00 00 A0 C0 00 00 C0 C0 00 00 00 C0 00 00 40 40
00 00 80 3F 00 00 80 C0 00 00 A0 C0 00 00 80 BF 00 00 40 40 00 00 00 40 00 00 80 C0 00 00 A0 C0
00 00 00 00 00 00 80 40 00 00 40 40 00 00 40 C0 00 00 80 C0 00 00 00 00 00 00 80 40 00 00 00 40
00 00 80 C0 00 00 80 C0 00 00 00 00 00 00 A0 40 00 00 40 40 00 00 00 C0 00 00 40 C0 00 00 80 3F
00 00 80 40 00 00 40 40 00 00 40 C0 00 00 80 C0 00 00 00 00 00 00 80 40 00 00 40 40 00 00 40 C0
00 00 80 C0 00 00 00 00 00 00 80 40 00 00 00 40 00 00 80 C0 00 00 80 C0 00 00 00 00 00 00 80 40
00 00 40 40 00 00 40 C0 00 00 80 C0 00 00 00 00 00 00 80 40 00 00 40 40 00 00 40 C0 00 00 80 C0
00 00 00 00 00 00 80 40 00 00 40 40 00 00 40 C0 00 00 80 C0 00 00 00 00 00 00 80 40 00 00 40 40
00 00 40 C0 00 00 80 C0 00 00 00 00 00 00 80 40 00 00 40 40 00 00 40 C0 00 00 80 C0 00 00 00 00
00 00 80 40 00 00 40 40 00 00 40 C0 00 00 80 C0 00 00 00 00 00 00 80 40 00 00 40 40 00 00 40 C0
00 00 80 C0 00 00 00 00 00 00 80 40 00 00 40 40 00 00 40 C0 00 00 80 C0 00 00 00 00 00 00 80 40
00 00 40 40 00 00 40 C0 00 00 80 C0 00 00 00 00 00 00 80 40 00 00 40 40 00 00 40 C0 00 00 80 C0
00 00 00 00 00 00 80 40 00 00 40 40 00 00 40 C0 00 00 80 C0 00 00 00 00 00 00 80 40 00 00 40 40
00 00 40 C0 00 00 A0 C0 00 00 00 00 00 00 80 40 00 00 80 40 00 00 00 C0 00 00 40 C0 00 00 80 3F
00 00 A0 40 00 00 80 40 00 00 00 C0 00 00 40 C0 00 00 80 3F 00 00 80 40 00 00 40 40 00 00 40 C0
00 00 80 C0 00 00 80 BF 00 00 40 40 00 00 00 40 00 00 80 C0 00 00 A0 C0 00 00 80 BF 00 00 80 40
00 00 40 40 00 00 40 C0 00 00 80 C0 00 00 00 00 00 00 80 40 00 00 40 40 00 00 40 C0 00 00 80 C0
00 00 00 00 00 00 80 40 00 00 40 40 00 00 40 C0 00 00 80 C0 00 00 00 00 00 00 80 40 00 00 40 40
00 00 40 C0 00 00 80 C0 00 00 80 BF 00 00 40 40 00 00 40 40 00 00 40 C0 00 00 80 C0 00 00 00 00
00 00 80 40 00 00 40 40 00 00 40 C0 00 00 80 C0 00 00 00 00 00 00 80 40 00 00 80 40 00 00 00 C0
00 00 80 C0 00 00 00 00 00 00 80 40 00 00 80 40 00 00 00 C0 00 00 80 C0 00 00 00 00 00 00 80 40
00 00 40 40 00 00 40 C0 00 00 80 C0 00 00 00 00 00 00 80 40 00 00 40 40 00 00 40 C0 00 00 80 C0
00 00 80 BF 00 00 40 40 00 00 40 40 00 00 40 C0 00 00 A0 C0 00 00 80 BF 00 00 40 40 00 00 40 40
00 00 40 C0 00 00 A0 C0 00 00 80 BF 00 00 80 40 00 00 80 40 00 00 00 C0 00 00 80 C0 00 00 00 00
00 00 80 40 00 00 80 40 00 00 00 C0 00 00 80 C0 00 00 00 00 00 00 80 40 00 00 40 40 00 00 40 C0
00 00 A0 C0 00 00 80 BF 00 00 40 40 00 00 40 40 00 00 40 C0 00 00 A0 C0 00 00 80 BF 00 00 40 40
00 00 40 40 00 00 40 C0 00 00 A0 C0 00 00 80 BF 00 00 80 40 00 00 40 40 00 00 40 C0 00 00 80 C0
00 00 00 00 00 00 80 40 00 00 80 40 00 00 00 C0 00 00 40 C0 00 00 00 00 00 00 80 40 00 00 80 40
00 00 00 C0 00 00 80 C0 00 00 00 00 00 00 80 40 00 00 40 40 00 00 80 C0 00 00 A0 C0 00 00 00 00
00 00 A0 40 00 00 C0 40 00 00 00 00 00 00 00 C0 00 00 40 40 00 00 10 41 00 00 20 41 00 00 80 40
00 00 00 40 00 00 A0 40 00 00 20 41 00 00 30 41 00 00 80 40 00 00 00 40 00 00 C0 40 00 00 30 41
00 00 30 41 00 00 80 40 00 00 80 3F 00 00 80 40 00 00 00 41 00 00 00 41 00 00 80 3F 00 00 40 C0
00 00 80 3F 00 00 A0 40 00 00 A0 40 00 00 00 C0 00 00 A0 C0 00 00 40 C0 00 00 80 3F 00 00 00 00
00 00 E0 C0 00 00 10 C1 00 00 C0 C0 00 00 00 C0 00 00 00 C0 00 00 00 C1 00 00 20 C1 00 00 C0 C0
00 00 00 C0 00 00 80 BF 00 00 E0 C0 00 00 10 C1 00 00 C0 C0 00 00 80 BF 00 00 80 BF 00 00 C0 C0
00 00 00 C1 00 00 80 C0 00 00 80 3F 00 00 00 40 00 00 40 C0 00 00 A0 C0 00 00 00 C0 00 00 00 40
00 00 00 40 00 00 80 C0 00 00 C0 C0 00 00 00 C0 00 00 40 40 00 00 40 40 00 00 40 C0 00 00 A0 C0
00 00 80 BF 00 00 40 40 00 00 40 40 00 00 00 C0 00 00 A0 C0 00 00 80 BF 00 00 80 40 00 00 80 40
00 00 80 BF 00 00 80 C0 00 00 80 BF 00 00 80 40 00 00 80 40 00 00 40 C0 00 00 A0 C0 00 00 40 C0
00 00 80 BF 00 00 40 C0 00 00 10 C1 00 00 40 C1 00 00 E0 C0 00 00 40 C0 00 00 00 C0 00 00 E0 C0
00 00 C0 C0 00 00 A0 40 00 00 98 41 00 00 E0 41 00 00 E0 41 00 00 D0 41 00 00 04 42 00 00 40 42
00 00 5C 42 00 00 38 42 00 00 18 42 00 00 20 42 00 00 38 42 00 00 2C 42 00 00 E8 41 00 00 90 41
00 00 88 41 00 00 80 41 00 00 40 41 00 00 80 3F 00 00 30 C1 00 00 A8 C1 00 00 E0 C1 00 00 0C C2
00 00 38 C2 00 00 40 C2 00 00 30 C2 00 00 1C C2 00 00 14 C2 00 00 18 C2 00 00 0C C2 00 00 D0 C1
00 00 70 C1 00 00 10 C1 00 00 40 C1 00 00 50 C1 00 00 20 C1 00 00 C0 C0 00 00 C0 C0 00 00 30 C1
00 00 40 C1 00 00 C0 C0 00 00 80 3F 00 00 80 40 00 00 80 BF 00 00 40 C0 00 00 00 00 00 00 80 40
00 00 80 40 00 00 00 C0 00 00 A0 C0 00 00 80 BF 00 00 80 40 00 00 A0 40 00 00 00 00 00 00 40 C0
00 00 80 3F 00 00 C0 40 00 00 E0 40 00 00 80 3F 00 00 40 C0 00 00 80 3F 00 00 A0 40 00 00 C0 40
00 00 00 00 00 00 40 C0 00 00 80 3F 00 00 E0 40 00 00 00 41 00 00 00 40 00 00 80 BF 00 00 00 40
00 00 C0 40 00 00 E0 40 00 00 80 3F 00 00 00 C0 00 00 80 3F 00 00 E0 40 00 00 00 41 00 00 00 40
00 00 00 C0 00 00 80 3F 00 00 C0 40 00 00 E0 40 00 00 80 3F 00 00 40 C0 00 00 80 3F 00 00 E0 40
00 00 10 41 00 00 40 40 00 00 80 BF 00 00 00 40 00 00 00 41 00 00 10 41 00 00 40 40 00 00 80 BF
00 00 40 40 00 00 00 41 00 00 10 41 00 00 00 40 00 00 00 C0 00 00 00 40 00 00 E0 40 00 00 00 41
00 00 80 3F 00 00 40 C0 00 00 00 00 00 00 C0 40 00 00 00 41 00 00 00 40 00 00 00 C0 00 00 80 3F
00 00 E0 40 00 00 20 41 00 00 40 40 00 00 80 BF 00 00 00 40 00 00 00 41 00 00 20 41 00 00 80 40
00 00 00 00 00 00 40 40 00 00 20 41 00 00 50 41 00 00 C0 40 00 00 00 40 00 00 80 40 00 00 20 41
00 00 50 41 00 00 C0 40 00 00 80 3F 00 00 40 40 00 00 20 41 00 00 40 41 00 00 A0 40 00 00 00 00
00 00 40 40 00 00 10 41 00 00 40 41 00 00 A0 40 00 00 80 BF 00 00 80 3F 00 00 C0 40 00 00 00 41
00 00 00 00 00 00 C0 C0 00 00 40 C0 00 00 00 40 00 00 40 40 00 00 40 C0 00 00 10 C1 00 00 00 C1
00 00 80 C0 00 00 40 C0 00 00 20 C1 00 00 70 C1 00 00 50 C1 00 00 10 C1 00 00 10 C1 00 00 70 C1
00 00 90 C1 00 00 80 C1 00 00 30 C1 00 00 10 C1 00 00 60 C1 00 00 90 C1 00 00 60 C1 00 00 20 C1
00 00 10 C1 00 00 60 C1 00 00 80 C1 00 00 40 C1 00 00 C0 C0 00 00 40 C0 00 00 E0 C0 00 00 20 C1
00 00 E0 C0 00 00 40 C0 00 00 00 C0 00 00 00 C1 00 00 20 C1 00 00 C0 C0 00 00 80 BF 00 00 80 3F
00 00 80 C0 00 00 E0 C0 00 00 80 C0 00 00 80 3F 00 00 40 40 00 00 00 C0 00 00 C0 C0 00 00 40 C0
00 00 00 40 00 00 80 40 00 00 80 BF 00 00 A0 C0 00 00 00 C0 00 00 40 40 00 00 A0 40 00 00 00 00
00 00 80 C0 00 00 80 BF 00 00 40 40 00 00 80 40 00 00 80 BF 00 00 A0 C0 00 00 00 C0 00 00 40 40
00 00 A0 40 00 00 80 BF 00 00 A0 C0 00 00 00 C0 00 00 00 40 00 00 40 40 00 00 00 C0 00 00 A0 C0
00 00 00 C0 00 00 00 40 00 00 80 40 00 00 80 BF 00 00 80 C0 00 00 00 C0 00 00 00 40 00 00 40 40
00 00 00 C0 00 00 A0 C0 00 00 00 C0 00 00 40 40 00 00 A0 40 00 00 00 00 00 00 80 C0 00 00 80 BF
00 00 40 40 00 00 A0 40 00 00 80 BF 00 00 80 C0 00 00 80 BF 00 00 40 40 00 00 80 40 00 00 80 BF
00 00 A0 C0 00 00 00 C0 00 00 40 40 00 00 80 40 00 00 80 BF 00 00 A0 C0 00 00 00 C0 00 00 00 40
00 00 80 40 00 00 00 C0 00 00 A0 C0 00 00 00 C0 00 00 40 40 00 00 A0 40 00 00 80 BF 00 00 A0 C0
00 00 00 C0 00 00 40 40 00 00 80 40 00 00 80 BF 00 00 80 C0 00 00 80 BF 00 00 80 40 00 00 A0 40
00 00 00 00 00 00 80 C0 00 00 80 BF 00 00 40 40 00 00 80 40 00 00 80 BF 00 00 A0 C0 00 00 00 C0
00 00 00 40 00 00 80 40 00 00 80 BF 00 00 A0 C0 00 00 00 C0 00 00 40 40 00 00 A0 40 00 00 80 BF
00 00 80 C0 00 00 80 BF 00 00 40 40 00 00 A0 40 00 00 00 00 00 00 80 C0 00 00 80 BF 00 00 40 40
00 00 A0 40 00 00 80 BF 00 00 A0 C0 00 00 00 C0 00 00 40 40 00 00 A0 40 00 00 00 00 00 00 80 C0
00 00 00 C0 00 00 00 40 00 00 80 40 00 00 80 BF 00 00 A0 C0 00 00 00 C0 00 00 00 40 00 00 80 40
00 00 80 BF 00 00 A0 C0 00 00 00 C0 00 00 40 40 00 00 A0 40 00 00 00 00 00 00 80 C0 00 00 00 C0
00 00 40 40 00 00 A0 40 00 00 00 00 00 00 80 C0 00 00 00 C0 00 00 40 40 00 00 A0 40 00 00 80 BF
00 00 80 C0 00 00 00 C0 00 00 00 40 00 00 80 40 00 00 80 BF 00 00 A0 C0 00 00 00 C0 00 00 40 40
00 00 A0 40 00 00 00 00 00 00 80 C0 00 00 00 C0 00 00 40 40 00 00 A0 40 00 00 00 00 00 00 A0 C0
00 00 00 C0 00 00 00 40 00 00 80 40 00 00 80 BF 00 00 A0 C0 00 00 00 C0 00 00 00 40 00 00 A0 40
00 00 00 00 00 00 80 C0 00 00 00 C0 00 00 40 40 00 00 80 40 00 00 80 BF 00 00 A0 C0 00 00 40 C0
00 00 00 40 00 00 80 40 00 00 80 BF 00 00 A0 C0 00 00 00 C0 00 00 00 40 00 00 A0 40 00 00 00 00
00 00 80 C0 00 00 00 C0 00 00 40 40 00 00 A0 40 00 00 00 00 00 00 80 C0 00 00 00 C0 00 00 40 40
00 00 A0 40 00 00 00 00 00 00 80 C0 00 00 00 C0 00 00 40 40 00 00 A0 40 00 00 00 00 00 00 80 C0
00 00 00 C0 00 00 00 40 00 00 A0 40 00 00 00 00 00 00 80 C0 00 00 00 C0 00 00 00 40 00 00 80 40
00 00 80 BF 00 00 A0 C0 00 00 00 C0 00 00 00 40 00 00 80 40 00 00 00 00 00 00 A0 C0 00 00 00 C0
00 00 00 40 00 00 80 40 00 00 00 00 00 00 80 C0 00 00 00 C0 00 00 40 40 00 00 A0 40 00 00 00 00
00 00 80 C0 00 00 00 C0 00 00 40 40 00 00 A0 40 00 00 00 00 00 00 A0 C0 00 00 00 C0 00 00 00 40
00 00 80 40 00 00 80 BF 00 00 A0 C0 00 00 00 C0 00 00 80 40 00 00 E0 40 00 00 00 40 00 00 00 C0
00 00 80 3F 00 00 C0 40 00 00 20 41 00 00 A0 40 00 00 80 3F 00 00 40 40 00 00 00 41 00 00 30 41
00 00 C0 40 00 00 80 3F 00 00 40 40 00 00 00 41 00 00 30 41 00 00 C0 40 00 00 80 3F 00 00 00 40
00 00 C0 40 00 00 10 41 00 00 40 40 00 00 40 C0 00 00 80 BF 00 00 80 40 00 00 C0 40 00 00 00 40
00 00 80 C0 00 00 40 C0 00 00 80 3F 00 00 40 40 00 00 40 C0 00 00 00 C1 00 00 E0 C0 00 00 40 C0
00 00 80 BF 00 00 C0 C0 00 00 20 C1 00 00 00 C1 00 00 40 C0 00 00 80 BF 00 00 A0 C0 00 00 10 C1
00 00 E0 C0 00 00 40 C0 00 00 80 BF 00 00 A0 C0 00 00 10 C1 00 00 C0 C0 00 00 80 BF 00 00 00 40
00 00 00 C0 00 00 E0 C0 00 00 A0 C0 00 00 00 00 00 00 00 40 00 00 40 C0 00 00 E0 C0 00 00 80 C0
00 00 80 3F 00 00 80 40 00 00 80 BF 00 00 A0 C0 00 00 40 C0 00 00 80 3F 00 00 80 40 00 00 00 00
00 00 A0 C0 00 00 40 C0 00 00 00 40 00 00 80 40 00 00 00 00 00 00 A0 C0 00 00 40 C0 00 00 00 40
00 00 A0 40 00 00 00 00 00 00 A0 C0 00 00 80 C0 00 00 80 BF 00 00 80 BF 00 00 C0 C0 00 00 30 C1
00 00 10 C1 00 00 80 C0 00 00 80 BF 00 00 A0 C0 00 00 00 C1 00 00 80 BF 00 00 40 41 00 00 C0 41
00 00 D8 41 00 00 C0 41 00 00 D8 41 00 00 20 42 00 00 54 42 00 00 44 42 00 00 1C 42 00 00 18 42
00 00 30 42 00 00 3C 42 00 00 14 42 00 00 C0 41 00 00 A0 41 00 00 A0 41 00 00 90 41 00 00 10 41
00 00 80 C0 00 00 80 C1 00 00 C8 C1 00 00 F8 C1 00 00 24 C2 00 00 40 C2 00 00 38 C2 00 00 24 C2
00 00 18 C2 00 00 1C C2 00 00 1C C2 00 00 F8 C1 00 00 A0 C1 00 00 30 C1 00 00 30 C1 00 00 60 C1
00 00 40 C1 00 00 00 C1 00 00 A0 C0 00 00 10 C1 00 00 40 C1 00 00 00 C1 00 00 80 BF 00 00 80 40
00 00 00 40 00 00 40 C0 00 00 00 C0 00 00 00 40 00 00 A0 40 00 00 00 00 00 00 80 C0 00 00 00 C0
00 00 40 40 00 00 C0 40 00 00 40 40 00 00 00 C0 00 00 80 BF 00 00 80 40 00 00 00 41 00 00 80 40
00 00 00 C0 00 00 80 BF 00 00 80 40 00 00 E0 40 00 00 40 40 00 00 00 C0 00 00 00 00 00 00 A0 40
00 00 00 41 00 00 80 40 00 00 00 C0 00 00 80 BF 00 00 40 40 00 00 C0 40 00 00 00 40 00 00 40 C0
00 00 80 BF 00 00 80 40 00 00 10 41 00 00 A0 40 00 00 80 BF 00 00 00 00 00 00 80 40 00 00 00 41
00 00 80 40 00 00 00 C0 00 00 80 BF 00 00 A0 40 00 00 10 41 00 00 A0 40 00 00 00 00 00 00 00 00
00 00 A0 40 00 00 00 41 00 00 80 40 00 00 80 BF 00 00 80 BF 00 00 A0 40 00 00 10 41 00 00 80 40
00 00 00 C0 00 00 80 BF 00 00 80 40 00 00 00 41 00 00 80 40 00 00 00 C0 00 00 80 BF 00 00 80 40
00 00 10 41 00 00 A0 40 00 00 80 BF 00 00 00 00 00 00 A0 40 00 00 20 41 00 00 C0 40 00 00 00 00
00 00 00 00 00 00 C0 40 00 00 30 41 00 00 E0 40 00 00 00 00 00 00 80 3F 00 00 00 41 00 00 50 41
00 00 10 41 00 00 00 40 00 00 00 40 00 00 00 41 00 00 50 41 00 00 10 41 00 00 00 40 00 00 00 40
00 00 00 41 00 00 60 41 00 00 10 41 00 00 00 40 00 00 80 3F 00 00 E0 40 00 00 40 41 00 00 00 41
00 00 00 00 00 00 80 BF 00 00 80 40 00 00 00 41 00 00 40 40 00 00 80 C0 00 00 A0 C0 00 00 00 00
00 00 A0 40 00 00 00 00 00 00 E0 C0 00 00 00 C1 00 00 A0 C0 00 00 80 BF 00 00 E0 C0 00 00 60 C1
00 00 60 C1 00 00 20 C1 00 00 00 C1 00 00 40 C1 00 00 88 C1 00 00 88 C1 00 00 50 C1 00 00 10 C1
00 00 40 C1 00 00 90 C1 00 00 80 C1 00 00 40 C1 00 00 10 C1 00 00 40 C1 00 00 80 C1 00 00 60 C1
00 00 10 C1 00 00 80 C0 00 00 C0 C0 00 00 20 C1 00 00 10 C1 00 00 A0 C0 00 00 00 C0 00 00 A0 C0
00 00 20 C1 00 00 00 C1 00 00 40 C0 00 00 80 3F 00 00 80 BF 00 00 C0 C0 00 00 A0 C0 00 00 80 BF
00 00 40 40 00 00 00 00 00 00 A0 C0 00 00 80 C0 00 00 80 3F 00 00 80 40 00 00 80 3F 00 00 80 C0
00 00 40 C0 00 00 80 3F 00 00 A0 40 00 00 00 40 00 00 80 C0 00 00 40 C0 00 00 80 3F 00 00 80 40
00 00 80 3F 00 00 80 C0 00 00 40 C0 00 00 00 40 00 00 C0 40 00 00 00 40 00 00 40 C0 00 00 00 C0
00 00 80 3F 00 00 80 40 00 00 80 3F 00 00 80 C0 00 00 40 C0 00 00 00 40 00 00 C0 40 00 00 40 40
00 00 40 C0 00 00 40 C0 00 00 80 3F 00 00 80 40 00 00 80 3F 00 00 80 C0 00 00 80 C0 00 00 80 3F
00 00 A0 40 00 00 00 40 00 00 80 C0 00 00 40 C0 00 00 80 3F 00 00 80 40 00 00 80 3F 00 00 80 C0
00 00 80 C0 00 00 80 3F 00 00 80 40 00 00 80 3F 00 00 80 C0 00 00 80 C0 00 00 80 3F 00 00 80 40
00 00 80 3F 00 00 80 C0 00 00 80 C0 00 00 80 3F 00 00 80 40 00 00 80 3F 00 00 80 C0 00 00 40 C0
00 00 80 3F 00 00 A0 40 00 00 00 40 00 00 80 C0 00 00 40 C0 00 00 80 3F 00 00 A0 40 00 00 00 40
00 00 40 C0 00 00 40 C0 00 00 00 40 00 00 C0 40 00 00 40 40 00 00 40 C0 00 00 40 C0 00 00 00 40
00 00 A0 40 00 00 00 40 00 00 80 C0 00 00 40 C0 00 00 80 3F 00 00 A0 40 00 00 00 40 00 00 40 C0
00 00 40 C0 00 00 80 3F 00 00 80 40 00 00 00 40 00 00 80 C0 00 00 80 C0 00 00 80 3F 00 00 80 40
00 00 00 40 00 00 80 C0 00 00 80 C0 00 00 80 3F 00 00 80 40 00 00 80 3F 00 00 80 C0 00 00 80 C0
00 00 00 00 00 00 80 40 00 00 80 3F 00 00 80 C0 00 00 80 C0 00 00 00 00 00 00 80 40 00 00 80 3F
00 00 80 C0 00 00 80 C0 00 00 00 00 00 00 80 40 00 00 80 3F 00 00 80 C0 00 00 40 C0 00 00 80 3F
00 00 A0 40 00 00 00 40 00 00 80 C0 00 00 40 C0 00 00 80 3F 00 00 A0 40 00 00 00 40 00 00 40 C0
00 00 40 C0 00 00 80 3F 00 00 A0 40 00 00 00 40 00 00 80 C0 00 00 80 C0 00 00 80 3F 00 00 80 40
00 00 80 3F 00 00 80 C0 00 00 80 C0 00 00 00 00 00 00 80 40 00 00 80 3F 00 00 A0 C0 00 00 80 C0
00 00 00 00 00 00 40 40 00 00 80 3F 00 00 A0 C0 00 00 80 C0 00 00 80 3F 00 00 A0 40 00 00 40 40
00 00 40 C0 00 00 40 C0 00 00 00 40 00 00 A0 40 00 00 40 40 00 00 40 C0 00 00 40 C0 00 00 80 3F
00 00 A0 40 00 00 00 40 00 00 80 C0 00 00 40 C0 00 00 80 3F 00 00 A0 40 00 00 00 40 00 00 80 C0
00 00 40 C0 00 00 80 3F 00 00 A0 40 00 00 40 40 00 00 40 C0 00 00 40 C0 00 00 80 3F 00 00 A0 40
00 00 40 40 00 00 40 C0 00 00 40 C0 00 00 00 40 00 00 A0 40 00 00 40 40 00 00 40 C0 00 00 40 C0
00 00 80 3F 00 00 A0 40 00 00 40 40 00 00 40 C0 00 00 40 C0 00 00 80 3F 00 00 80 40 00 00 00 40
00 00 80 C0 00 00 80 C0 00 00 00 00 00 00 80 40 00 00 80 3F 00 00 A0 C0 00 00 A0 C0 00 00 00 00
00 00 80 40 00 00 00 40 00 00 80 C0 00 00 80 C0 00 00 00 00 00 00 80 40 00 00 00 40 00 00 40 C0
00 00 80 C0 00 00 80 3F 00 00 A0 40 00 00 00 40 00 00 40 C0 00 00 40 C0 00 00 80 3F 00 00 A0 40
00 00 00 40 00 00 40 C0 00 00 80 C0 00 00 80 3F 00 00 A0 40 00 00 00 40 00 00 80 C0 00 00 40 C0
00 00 00 40 00 00 E0 40 00 00 A0 40 00 00 00 00 00 00 00 00 00 00 A0 40 00 00 20 41 00 00 10 41
00 00 00 40 00 00 00 40 00 00 C0 40 00 00 30 41 00 00 10 41 00 00 40 40 00 00 00 40 00 00 C0 40
00 00 30 41 00 00 10 41 00 00 00 40 00 00 00 00 00 00 80 40 00 00 00 41 00 00 A0 40 00 00 00 C0
00 00 40 C0 00 00 00 40 00 00 C0 40 00 00 80 40 00 00 40 C0 00 00 80 C0 00 00 80 BF 00 00 00 40
00 00 80 BF 00 00 00 C1 00 00 00 C1 00 00 A0 C0 00 00 80 BF 00 00 40 C0 00 00 00 C1 00 00 10 C1
00 00 A0 C0 00 00 80 BF 00 00 00 C0 00 00 00 C1 00 00 00 C1 00 00 80 C0 00 00 00 00 00 00 40 C0
00 00 00 C1 00 00 00 C1 00 00 40 C0 00 00 80 3F 00 00 00 00 00 00 C0 C0 00 00 C0 C0 00 00 00 C0
00 00 80 3F 00 00 80 BF 00 00 E0 C0 00 00 C0 C0 00 00 80 BF 00 00 40 40 00 00 80 3F 00 00 A0 C0
00 00 A0 C0 00 00 80 BF 00 00 40 40 00 00 00 40 00 00 80 C0 00 00 A0 C0 00 00 00 00 00 00 80 40
00 00 00 40 00 00 80 C0 00 00 80 C0 00 00 00 00 00 00 80 40 00 00 00 40 00 00 80 C0 00 00 A0 C0
00 00 00 C0 00 00 00 00 00 00 40 C0 00 00 20 C1 00 00 20 C1 00 00 A0 C0 00 00 80 BF 00 00 40 C0
00 00 00 C1 00 00 A0 C0 00 00 E0 40 00 00 98 41 00 00 C8 41 00 00 B8 41 00 00 B8 41 00 00 04 42
00 00 40 42 00 00 4C 42 00 00 20 42 00 00 10 42 00 00 28 42 00 00 44 42 00 00 30 42 00 00 F0 41
00 00 B0 41 00 00 B0 41 00 00 B0 41 00 00 80 41 00 00 80 40 00 00 10 C1 00 00 A0 C1 00 00 D8 C1
00 00 14 C2 00 00 3C C2 00 00 3C C2 00 00 2C C2 00 00 20 C2 00 00 1C C2 00 00 24 C2 00 00 10 C2
00 00 C8 C1 00 00 60 C1 00 00 20 C1 00 00 60 C1 00 00 50 C1 00 00 10 C1 00 00 C0 C0 00 00 E0 C0
00 00 40 C1 00 00 30 C1 00 00 80 C0 00 00 40 40 00 00 40 40 00 00 00 C0 00 00 40 C0 00 00 80 3F
00 00 80 40 00 00 40 40 00 00 40 C0 00 00 80 C0 00 00 80 3F 00 00 A0 40 00 00 A0 40 00 00 80 BF
00 00 00 C0 00 00 00 40 00 00 E0 40 00 00 C0 40 00 00 80 BF 00 00 00 C0 00 00 00 40 00 00 C0 40
00 00 A0 40 00 00 80 BF 00 00 00 C0 00 00 40 40 00 00 00 41 00 00 E0 40 00 00 00 00 00 00 80 BF
00 00 00 40 00 00 E0 40 00 00 A0 40 00 00 80 BF 00 00 00 C0 00 00 00 40 00 00 00 41 00 00 E0 40
00 00 00 00 00 00 80 BF 00 00 00 40 00 00 E0 40 00 00 C0 40 00 00 80 BF 00 00 00 C0 00 00 40 40
00 00 00 41 00 00 00 41 00 00 80 3F 00 00 80 BF 00 00 40 40 00 00 00 41 00 00 E0 40 00 00 00 00
00 00 00 C0 00 00 40 40 00 00 00 41 00 00 00 41 00 00 80 3F 00 00 80 BF 00 00 40 40 00 00 00 41
00 00 E0 40 00 00 00 00 00 00 00 C0 00 00 00 40 00 00 00 41 00 00 E0 40 00 00 00 00 00 00 00 C0
00 00 40 40 00 00 10 41 00 00 00 41 00 00 80 3F 00 00 80 BF 00 00 40 40 00 00 10 41 00 00 10 41
00 00 00 40 00 00 00 00 00 00 A0 40 00 00 30 41 00 00 30 41 00 00 80 40 00 00 80 3F 00 00 C0 40
00 00 40 41 00 00 40 41 00 00 80 40 00 00 80 3F 00 00 C0 40 00 00 40 41 00 00 30 41 00 00 40 40
00 00 00 00 00 00 80 40 00 00 20 41 00 00 20 41 00 00 00 40 00 00 00 C0 00 00 00 40 00 00 E0 40
00 00 C0 40 00 00 00 C0 00 00 C0 C0 00 00 00 C0 00 00 80 40 00 00 80 40 00 00 80 C0 00 00 00 C1
00 00 A0 C0 00 00 80 BF 00 00 40 C0 00 00 30 C1 00 00 60 C1 00 00 30 C1 00 00 00 C1 00 00 10 C1
00 00 70 C1 00 00 90 C1 00 00 60 C1 00 00 10 C1 00 00 20 C1 00 00 80 C1 00 00 88 C1 00 00 60 C1
00 00 20 C1 00 00 20 C1 00 00 80 C1 00 00 80 C1 00 00 30 C1 00 00 A0 C0 00 00 80 C0 00 00 10 C1
00 00 20 C1 00 00 E0 C0 00 00 40 C0 00 00 40 C0 00 00 10 C1 00 00 10 C1 00 00 A0 C0 00 00 80 3F
00 00 80 3F 00 00 80 C0 00 00 C0 C0 00 00 00 C0 00 00 00 40 00 00 00 40 00 00 80 C0 00 00 C0 C0
00 00 00 C0 00 00 40 40 00 00 00 40 00 00 40 C0 00 00 A0 C0 00 00 80 BF 00 00 80 40 00 00 80 40
00 00 00 C0 00 00 80 C0 00 00 80 BF 00 00 40 40 00 00 40 40 00 00 40 C0 00 00 A0 C0 00 00 00 00
00 00 80 40 00 00 80 40 00 00 00 C0 00 00 80 C0 00 00 00 00 00 00 80 40 00 00 40 40 00 00 40 C0
00 00 80 C0 00 00 00 00 00 00 80 40 00 00 80 40 00 00 00 C0 00 00 80 C0 00 00 80 BF 00 00 40 40
00 00 00 40 00 00 80 C0 00 00 A0 C0 00 00 00 C0 00 00 40 40 00 00 40 40 00 00 40 C0 00 00 A0 C0
00 00 80 BF 00 00 40 40 00 00 40 40 00 00 40 C0 00 00 80 C0 00 00 00 00 00 00 80 40 00 00 80 40
00 00 00 C0 00 00 80 C0 00 00 00 00 00 00 80 40 00 00 80 40 00 00 00 C0 00 00 80 C0 00 00 80 BF
00 00 40 40 00 00 40 40 00 00 40 C0 00 00 A0 C0 00 00 80 BF 00 00 80 40 00 00 80 40 00 00 00 C0
00 00 A0 C0 00 00 80 BF 00 00 40 40 00 00 40 40 00 00 40 C0 00 00 A0 C0 00 00 80 BF 00 00 80 40
00 00 80 40 00 00 00 C0 00 00 80 C0 00 00 80 BF 00 00 80 40 00 00 40 40 00 00 40 C0 00 00 80 C0
00 00 80 BF 00 00 80 40 00 00 80 40 00 00 00 C0 00 00 80 C0 00 00 80 BF 00 00 80 40 00 00 40 40
00 00 40 C0 00 00 A0 C0 00 00 80 BF 00 00 40 40 00 00 40 40 00 00 40 C0 00 00 A0 C0 00 00 80 BF
00 00 80 40 00 00 80 40 00 00 00 C0 00 00 80 C0 00 00 00 00 00 00 80 40 00 00 80 40 00 00 80 BF
00 00 80 C0 00 00 00 00 00 00 80 40 00 00 80 40 00 00 00 C0 00 00 80 C0 00 00 00 00 00 00 80 40
00 00 A0 40 00 00 80 BF 00 00 80 C0 00 00 00 00 00 00 40 40 00 00 40 40 00 00 40 C0 00 00 A0 C0
00 00 00 C0 00 00 40 40 00 00 40 40 00 00 40 C0 00 00 A0 C0 00 00 80 BF 00 00 80 40 00 00 80 40
00 00 00 C0 00 00 80 C0 00 00 80 BF 00 00 80 40 00 00 80 40 00 00 00 C0 00 00 80 C0 00 00 00 00
00 00 80 40 00 00 80 40 00 00 00 C0 00 00 80 C0 00 00 80 BF 00 00 80 40 00 00 80 40 00 00 00 C0
00 00 A0 C0 00 00 80 BF 00 00 40 40 00 00 80 40 00 00 00 C0 00 00 80 C0 00 00 80 BF 00 00 40 40
00 00 80 40 00 00 00 C0 00 00 80 C0 00 00 80 BF 00 00 40 40 00 00 80 40 00 00 00 C0 00 00 80 C0
00 00 80 BF 00 00 40 40 00 00 80 40 00 00 00 C0 00 00 A0 C0 00 00 80 BF 00 00 40 40 00 00 80 40
00 00 00 C0 00 00 A0 C0 00 00 80 BF 00 00 40 40 00 00 80 40 00 00 00 C0 00 00 80 C0 00 00 80 BF
00 00 80 40 00 00 80 40 00 00 00 C0 00 00 80 C0 00 00 80 BF 00 00 40 40 00 00 80 40 00 00 00 C0
00 00 80 C0 00 00 80 BF 00 00 80 40 00 00 80 40 00 00 00 C0 00 00 80 C0 00 00 80 BF 00 00 80 40
00 00 80 40 00 00 00 C0 00 00 80 C0 00 00 80 BF 00 00 40 40 00 00 80 40 00 00 00 C0 00 00 A0 C0
00 00 00 C0 00 00 40 40 00 00 80 40 00 00 00 C0 00 00 A0 C0 00 00 00 C0 00 00 40 40 00 00 80 40
00 00 80 BF 00 00 80 C0 00 00 80 BF 00 00 80 40 00 00 A0 40 00 00 80 BF 00 00 80 C0 00 00 80 BF
00 00 80 40 00 00 80 40 00 00 00 C0 00 00 80 C0 00 00 00 00 00 00 A0 40 00 00 E0 40 00 00 80 3F
00 00 80 BF 00 00 00 40 00 00 00 41 00 00 20 41 00 00 80 40 00 00 80 3F 00 00 80 40 00 00 20 41
00 00 30 41 00 00 A0 40 00 00 80 3F 00 00 80 40 00 00 20 41 00 00 40 41 00 00 A0 40 00 00 80 3F
00 00 40 40 00 00 00 41 00 00 10 41 00 00 00 40 00 00 00 C0 00 00 80 3F 00 00 C0 40 00 00 C0 40
00 00 00 00 00 00 80 C0 00 00 00 C0 00 00 80 3F 00 00 00 40 00 00 A0 C0 00 00 10 C1 00 00 C0 C0
00 00 00 C0 00 00 80 BF 00 00 E0 C0 00 00 20 C1 00 00 E0 C0 00 00 40 C0 00 00 00 C0 00 00 E0 C0
00 00 20 C1 00 00 C0 C0 00 00 80 BF 00 00 00 00 00 00 C0 C0 00 00 00 C1 00 00 80 C0 00 00 80 3F
00 00 40 40 00 00 40 C0 00 00 C0 C0 00 00 40 C0 00 00 80 3F 00 00 80 3F 00 00 80 C0 00 00 E0 C0
00 00 40 C0 00 00 80 3F 00 00 40 40 00 00 40 C0 00 00 A0 C0 00 00 00 C0 00 00 00 40 00 00 40 40
00 00 00 C0 00 00 A0 C0 00 00 00 C0 00 00 00 40 00 00 40 40 00 00 00 C0 00 00 A0 C0 00 00 00 C0
00 00 40 40 00 00 A0 40 00 00 80 BF 00 00 A0 C0 00 00 40 C0 00 00 80 3F 00 00 00 00 00 00 C0 C0
00 00 20 C1 00 00 E0 C0 00 00 40 C0 00 00 00 C0 00 00 00 C1 00 00 10 C1 00 00 00 00 00 00 40 41
00 00 A8 41 00 00 A8 41 00 00 98 41 00 00 C8 41 00 00 20 42 00 00 48 42 00 00 2C 42 00 00 0C 42
00 00 1C 42 00 00 40 42 00 00 44 42 00 00 14 42 00 00 D0 41 00 00 C0 41 00 00 C8 41 00 00 B0 41
00 00 40 41 00 00 00 C0 00 00 60 C1 00 00 C0 C1 00 00 00 C2 00 00 30 C2 00 00 40 C2 00 00 34 C2
00 00 24 C2 00 00 20 C2 00 00 28 C2 00 00 20 C2 00 00 F8 C1 00 00 98 C1 00 00 40 C1 00 00 60 C1
00 00 70 C1 00 00 40 C1 00 00 00 C1 00 00 C0 C0 00 00 30 C1 00 00 50 C1 00 00 E0 C0 00 00 00 00
00 00 80 40 00 00 80 BF 00 00 80 C0 00 00 80 BF 00 00 40 40 00 00 A0 40 00 00 80 BF 00 00 A0 C0
00 00 80 BF 00 00 80 40 00 00 C0 40 00 00 80 3F 00 00 40 C0 00 00 00 00 00 00 A0 40 00 00 E0 40
00 00 80 3F 00 00 40 C0 00 00 00 00 00 00 80 40 00 00 C0 40 00 00 00 00 00 00 40 C0 00 00 00 00
00 00 A0 40 00 00 00 41 00 00 40 40 00 00 00 C0 00 00 80 3F 00 00 A0 40 00 00 E0 40 00 00 80 3F
00 00 00 C0 00 00 80 3F 00 00 C0 40 00 00 10 41 00 00 40 40 00 00 80 BF 00 00 80 3F 00 00 C0 40
00 00 00 41 00 00 00 40 00 00 00 C0 00 00 80 3F 00 00 E0 40 00 00 10 41 00 00 40 40 00 00 80 BF
00 00 80 3F 00 00 C0 40 00 00 00 41 00 00 00 40 00 00 00 C0 00 00 00 00 00 00 C0 40 00 00 10 41
00 00 40 40 00 00 80 BF 00 00 80 3F 00 00 C0 40 00 00 10 41 00 00 40 40 00 00 80 BF 00 00 80 3F
00 00 E0 40 00 00 10 41 00 00 40 40 00 00 00 C0 00 00 80 3F 00 00 E0 40 00 00 20 41 00 00 80 40
00 00 80 BF 00 00 80 3F 00 00 E0 40 00 00 20 41 00 00 80 40 00 00 00 C0 00 00 80 3F 00 00 00 41
00 00 40 41 00 00 C0 40 00 00 80 3F 00 00 40 40 00 00 20 41 00 00 60 41 00 00 00 41 00 00 00 40
00 00 80 40 00 00 20 41 00 00 60 41 00 00 E0 40 00 00 80 3F 00 00 40 40 00 00 10 41 00 00 40 41
00 00 C0 40 00 00 80 BF 00 00 00 00 00 00 C0 40 00 00 00 41 00 00 80 3F 00 00 A0 C0 00 00 80 C0
00 00 80 3F 00 00 80 40 00 00 00 C0 00 00 00 C1 00 00 00 C1 00 00 80 C0 00 00 00 C0 00 00 10 C1
00 00 70 C1 00 00 50 C1 00 00 10 C1 00 00 E0 C0 00 00 40 C1 00 00 88 C1 00 00 70 C1 00 00 20 C1
00 00 00 C1 00 00 50 C1 00 00 88 C1 00 00 70 C1 00 00 20 C1 00 00 10 C1 00 00 60 C1 00 00 88 C1
00 00 50 C1 00 00 E0 C0 00 00 40 C0 00 00 E0 C0 00 00 30 C1 00 00 10 C1 00 00 80 C0 00 00 00 C0
00 00 E0 C0 00 00 20 C1 00 00 E0 C0 00 00 80 BF 00 00 00 40 00 00 40 C0 00 00 C0 C0 00 00 80 C0
00 00 80 3F 00 00 40 40 00 00 00 C0 00 00 C0 C0 00 00 40 C0 00 00 00 40 00 00 80 40 00 00 80 BF
00 00 A0 C0 00 00 00 C0 00 00 40 40 00 00 A0 40 00 00 00 00 00 00 A0 C0 00 00 00 C0 00 00 00 40
00 00 80 40 00 00 80 BF 00 00 A0 C0 00 00 40 C0 00 00 40 40 00 00 C0 40 00 00 80 3F 00 00 80 C0
00 00 00 C0 00 00 00 40 00 00 80 40 00 00 80 BF 00 00 A0 C0 00 00 40 C0 00 00 00 40 00 00 A0 40
00 00 00 00 00 00 80 C0 00 00 00 C0 00 00 00 40 00 00 80 40 00 00 00 00 00 00 80 C0 00 00 00 C0
00 00 40 40 00 00 A0 40 00 00 00 00 00 00 80 C0 00 00 00 C0 00 00 00 40 00 00 80 40 00 00 80 BF
00 00 A0 C0 00 00 40 C0 00 00 00 40 00 00 A0 40 00 00 00 00 00 00 80 C0 00 00 00 C0 00 00 40 40
00 00 A0 40 00 00 00 00 00 00 80 C0 00 00 00 C0 00 00 00 40 00 00 80 40 00 00 00 00 00 00 A0 C0
00 00 00 C0 00 00 00 40 00 00 A0 40 00 00 00 00 00 00 80 C0 00 00 00 C0 00 00 00 40 00 00 80 40
00 00 00 00 00 00 80 C0 00 00 00 C0 00 00 00 40 00 00 A0 40 00 00 00 00 00 00 80 C0 00 00 00 C0
00 00 00 40 00 00 A0 40 00 00 00 00 00 00 80 C0 00 00 00 C0 00 00 00 40 00 00 A0 40 00 00 00 00
00 00 80 C0 00 00 00 C0 00 00 00 40 00 00 A0 40 00 00 00 00 00 00 80 C0 00 00 00 C0 00 00 00 40
00 00 A0 40 00 00 80 3F 00 00 80 C0 00 00 00 C0 00 00 00 40 00 00 80 40 00 00 80 BF 00 00 A0 C0
00 00 40 C0 00 00 80 3F 00 00 80 40 00 00 80 BF 00 00 A0 C0 00 00 40 C0 00 00 80 3F 00 00 A0 40
00 00 00 00 00 00 80 C0 00 00 40 C0 00 00 00 40 00 00 A0 40 00 00 00 00 00 00 80 C0 00 00 00 C0
00 00 00 40 00 00 A0 40 00 00 80 3F 00 00 80 C0 00 00 00 C0 00 00 00 40 00 00 A0 40 00 00 80 3F
00 00 80 C0 00 00 00 C0 00 00 00 40 00 00 80 40 00 00 00 00 00 00 A0 C0 00 00 40 C0 00 00 00 40
00 00 80 40 00 00 00 00 00 00 A0 C0 00 00 40 C0 00 00 00 40 00 00 A0 40 00 00 80 3F 00 00 80 C0
00 00 40 C0 00 00 00 40 00 00 A0 40 00 00 00 00 00 00 A0 C0 00 00 40 C0 00 00 00 40 00 00 A0 40
00 00 00 00 00 00 80 C0 00 00 40 C0 00 00 00 40 00 00 A0 40 00 00 00 00 00 00 80 C0 00 00 40 C0
00 00 00 40 00 00 80 40 00 00 00 00 00 00 A0 C0 00 00 40 C0 00 00 00 40 00 00 80 40 00 00 00 00
00 00 A0 C0 00 00 40 C0 00 00 80 3F 00 00 80 40 00 00 00 00 00 00 A0 C0 00 00 40 C0 00 00 00 40
00 00 A0 40 00 00 00 00 00 00 80 C0 00 00 40 C0 00 00 00 40 00 00 A0 40 00 00 00 00 00 00 80 C0
00 00 40 C0 00 00 00 40 00 00 A0 40 00 00 80 3F 00 00 80 C0 00 00 40 C0 00 00 00 40 00 00 A0 40
00 00 80 3F 00 00 80 C0 00 00 00 C0 00 00 00 40 00 00 A0 40 00 00 80 3F 00 00 80 C0 00 00 00 C0
00 00 00 40 00 00 A0 40 00 00 80 3F 00 00 80 C0 00 00 40 C0 00 00 00 40 00 00 A0 40 00 00 80 3F
00 00 80 C0 00 00 40 C0 00 00 00 40 00 00 80 40 00 00 00 00 00 00 A0 C0 00 00 40 C0 00 00 80 3F
00 00 80 40 00 00 00 00 00 00 A0 C0 00 00 40 C0 00 00 00 40 00 00 A0 40 00 00 80 3F 00 00 80 C0
00 00 00 C0 00 00 40 40 00 00 00 41 00 00 80 40 00 00 80 BF 00 00 80 3F 00 00 C0 40 00 00 20 41
00 00 C0 40 00 00 80 3F 00 00 00 40 00 00 E0 40 00 00 30 41 00 00 E0 40 00 00 00 40 00 00 00 40
00 00 E0 40 00 00 40 41 00 00 E0 40 00 00 80 3F 00 00 80 3F 00 00 C0 40 00 00 10 41 00 00 80 40
00 00 00 C0 00 00 80 BF 00 00 40 40 00 00 E0 40 00 00 80 40 00 00 40 C0 00 00 40 C0 00 00 00 00
00 00 40 40 00 00 80 BF 00 00 E0 C0 00 00 E0 C0 00 00 40 C0 00 00 00 00 00 00 80 C0 00 00 20 C1
00 00 10 C1 00 00 80 C0 00 00 80 BF 00 00 A0 C0 00 00 20 C1 00 00 00 C1 00 00 80 C0 00 00 80 BF
00 00 80 C0 00 00 10 C1 00 00 E0 C0 00 00 00 C0 00 00 00 40 00 00 80 BF 00 00 C0 C0 00 00 A0 C0
00 00 80 BF 00 00 00 40 00 00 80 BF 00 00 C0 C0 00 00 A0 C0 00 00 00 00 00 00 80 40 00 00 80 3F
00 00 80 C0 00 00 80 C0 00 00 80 3F 00 00 80 40 00 00 80 3F 00 00 A0 C0 00 00 40 C0 00 00 80 3F
00 00 A0 40 00 00 80 3F 00 00 80 C0 00 00 40 C0 00 00 80 3F 00 00 80 40 00 00 80 3F 00 00 A0 C0
00 00 A0 C0 00 00 00 C0 00 00 00 00 00 00 80 C0 00 00 20 C1 00 00 10 C1 00 00 80 C0 00 00 80 BF
00 00 A0 C0 00 00 10 C1 00 00 80 C0 00 00 E0 40 00 00 90 41 00 00 A8 41 00 00 98 41 00 00 A8 41
00 00 04 42 00 00 38 42 00 00 34 42 00 00 0C 42 00 00 10 42 00 00 30 42 00 00 48 42 00 00 2C 42
00 00 F0 41 00 00 C8 41 00 00 D8 41 00 00 D8 41 00 00 98 41 00 00 C0 40 00 00 E0 C0 00 00 90 C1
00 00 D8 C1 00 00 1C C2 00 00 3C C2 00 00 38 C2 00 00 2C C2 00 00 20 C2 00 00 28 C2 00 00 28 C2
00 00 10 C2 00 00 C0 C1 00 00 60 C1 00 00 40 C1 00 00 70 C1 00 00 50 C1 00 00 10 C1 00 00 C0 C0
00 00 10 C1 00 00 50 C1 00 00 20 C1 00 00 00 C0 00 00 40 40 00 00 00 40 00 00 40 C0 00 00 40 C0
00 00 80 3F 00 00 80 40 00 00 80 3F 00 00 80 C0 00 00 40 C0 00 00 00 40 00 00 C0 40 00 00 80 40
00 00 00 C0 00 00 00 C0 00 00 40 40 00 00 E0 40 00 00 80 40 00 00 00 C0 00 00 00 C0 00 00 40 40
00 00 C0 40 00 00 40 40 00 00 00 C0 00 00 00 C0 00 00 40 40 00 00 00 41 00 00 A0 40 00 00 80 BF
00 00 80 BF 00 00 40 40 00 00 C0 40 00 00 40 40 00 00 00 C0 00 00 00 C0 00 00 80 40 00 00 10 41
00 00 C0 40 00 00 80 BF 00 00 80 BF 00 00 80 40 00 00 E0 40 00 00 80 40 00 00 00 C0 00 00 80 BF
00 00 80 40 00 00 10 41 00 00 E0 40 00 00 00 00 00 00 00 00 00 00 80 40 00 00 10 41 00 00 C0 40
00 00 80 BF 00 00 80 BF 00 00 80 40 00 00 00 41 00 00 A0 40 00 00 80 BF 00 00 80 BF 00 00 80 40
00 00 00 41 00 00 A0 40 00 00 80 BF 00 00 00 C0 00 00 80 40 00 00 10 41 00 00 C0 40 00 00 00 00
00 00 80 BF 00 00 80 40 00 00 10 41 00 00 E0 40 00 00 00 00 00 00 00 00 00 00 A0 40 00 00 20 41
00 00 00 41 00 00 80 3F 00 00 00 00 00 00 C0 40 00 00 40 41 00 00 20 41 00 00 40 40 00 00 00 40
00 00 E0 40 00 00 50 41 00 00 30 41 00 00 40 40 00 00 00 40 00 00 00 41 00 00 60 41 00 00 30 41
00 00 40 40 00 00 00 40 00 00 E0 40 00 00 40 41 00 00 10 41 00 00 80 3F 00 00 80 BF 00 00 40 40
00 00 00 41 00 00 A0 40 00 00 80 C0 00 00 A0 C0 00 00 00 00 00 00 A0 40 00 00 00 40 00 00 A0 C0
00 00 00 C1 00 00 80 C0 00 00 80 BF 00 00 80 C0 00 00 40 C1 00 00 50 C1 00 00 20 C1 00 00 E0 C0
00 00 30 C1 00 00 88 C1 00 00 88 C1 00 00 50 C1 00 00 10 C1 00 00 40 C1 00 00 90 C1 00 00 88 C1
00 00 50 C1 00 00 10 C1 00 00 30 C1 00 00 80 C1 00 00 70 C1 00 00 10 C1 00 00 80 C0 00 00 A0 C0
00 00 20 C1 00 00 20 C1 00 00 C0 C0 00 00 00 C0 00 00 A0 C0 00 00 20 C1 00 00 10 C1 00 00 80 C0
00 00 80 3F 00 00 80 BF 00 00 C0 C0 00 00 C0 C0 00 00 00 C0 00 00 00 40 00 00 00 00 00 00 C0 C0
00 00 C0 C0 00 00 80 BF 00 00 40 40 00 00 80 3F 00 00 80 C0 00 00 80 C0 00 00 00 00 00 00 A0 40
00 00 40 40 00 00 40 C0 00 00 80 C0 00 00 00 00 00 00 80 40 00 00 80 3F 00 00 80 C0 00 00 80 C0
00 00 00 00 00 00 A0 40 00 00 40 40 00 00 40 C0 00 00 40 C0 00 00 80 3F 00 00 80 40 00 00 00 40
00 00 80 C0 00 00 80 C0 00 00 80 3F 00 00 A0 40 00 00 40 40 00 00 40 C0 00 00 40 C0 00 00 80 3F
00 00 80 40 00 00 00 40 00 00 80 C0 00 00 80 C0 00 00 00 00 00 00 A0 40 00 00 40 40 00 00 40 C0
00 00 40 C0 00 00 80 3F 00 00 A0 40 00 00 40 40 00 00 40 C0 00 00 80 C0 00 00 80 3F 00 00 A0 40
00 00 40 40 00 00 40 C0 00 00 80 C0 00 00 80 3F 00 00 A0 40 00 00 40 40 00 00 40 C0 00 00 80 C0
00 00 00 00 00 00 80 40 00 00 00 40 00 00 40 C0 00 00 80 C0 00 00 00 00 00 00 80 40 00 00 40 40
00 00 40 C0 00 00 80 C0 00 00 00 00 00 00 80 40 00 00 00 40 00 00 80 C0 00 00 80 C0 00 00 00 00
00 00 80 40 00 00 40 40 00 00 40 C0 00 00 80 C0 00 00 00 00 00 00 80 40 00 00 00 40 00 00 80 C0
00 00 80 C0 00 00 00 00 00 00 A0 40 00 00 40 40 00 00 40 C0 00 00 80 C0 00 00 00 00 00 00 80 40
00 00 40 40 00 00 40 C0 00 00 80 C0 00 00 00 00 00 00 80 40 00 00 40 40 00 00 40 C0 00 00 80 C0
00 00 00 00 00 00 80 40 00 00 00 40 00 00 80 C0 00 00 80 C0 00 00 00 00 00 00 80 40 00 00 00 40
00 00 80 C0 00 00 A0 C0 00 00 00 00 00 00 80 40 00 00 00 40 00 00 40 C0 00 00 80 C0 00 00 00 00
00 00 80 40 00 00 00 40 00 00 80 C0 00 00 80 C0 00 00 00 00 00 00 80 40 00 00 40 40 00 00 40 C0
00 00 80 C0 00 00 00 00 00 00 80 40 00 00 40 40 00 00 40 C0 00 00 80 C0 00 00 00 00 00 00 80 40
00 00 40 40 00 00 40 C0 00 00 80 C0 00 00 00 00 00 00 80 40 00 00 40 40 00 00 40 C0 00 00 80 C0
00 00 00 00 00 00 80 40 00 00 40 40 00 00 80 C0 00 00 80 C0 00 00 00 00 00 00 80 40 00 00 40 40
00 00 40 C0 00 00 80 C0 00 00 00 00 00 00 80 40 00 00 40 40 00 00 00 C0 00 00 40 C0 00 00 80 3F
00 00 A0 40 00 00 80 40 00 00 00 C0 00 00 40 C0 00 00 80 3F 00 00 A0 40 00 00 40 40 00 00 40 C0
00 00 80 C0 00 00 00 00 00 00 80 40 00 00 40 40 00 00 40 C0 00 00 80 C0 00 00 00 00 00 00 80 40
00 00 40 40 00 00 40 C0 00 00 80 C0 00 00 00 00 00 00 80 40 00 00 40 40 00 00 40 C0 00 00 80 C0
00 00 00 00 00 00 80 40 00 00 40 40 00 00 40 C0 00 00 80 C0 00 00 00 00 00 00 80 40 00 00 40 40
00 00 40 C0 00 00 80 C0 00 00 00 00 00 00 80 40 00 00 40 40 00 00 40 C0 00 00 80 C0 00 00 00 00
00 00 80 40 00 00 40 40 00 00 40 C0 00 00 80 C0 00 00 80 BF 00 00 80 40 00 00 40 40 00 00 40 C0
00 00 80 C0 00 00 00 00 00 00 80 40 00 00 40 40 00 00 40 C0 00 00 80 C0 00 00 00 00 00 00 80 40
00 00 40 40 00 00 40 C0 00 00 80 C0 00 00 00 00 00 00 80 40 00 00 80 40 00 00 40 C0 00 00 80 C0
00 00 00 00 00 00 80 40 00 00 40 40 00 00 40 C0 00 00 80 C0 00 00 80 3F 00 00 C0 40 00 00 C0 40
00 00 00 00 00 00 80 BF 00 00 40 40 00 00 00 41 00 00 00 41 00 00 00 40 00 00 00 00 00 00 A0 40
00 00 20 41 00 00 20 41 00 00 40 40 00 00 80 3F 00 00 A0 40 00 00 20 41 00 00 20 41 00 00 40 40
00 00 80 3F 00 00 80 40 00 00 10 41 00 00 00 41 00 00 80 3F 00 00 00 C0 00 00 00 40 00 00 E0 40
00 00 C0 40 00 00 80 BF 00 00 80 C0 00 00 00 C0 00 00 00 40 00 00 80 3F 00 00 C0 C0 00 00 10 C1
00 00 A0 C0 00 00 80 BF 00 00 00 C0 00 00 00 C1 00 00 20 C1 00 00 C0 C0 00 00 00 C0 00 00 00 C0
00 00 00 C1 00 00 20 C1 00 00 C0 C0 00 00 80 BF 00 00 80 BF 00 00 E0 C0 00 00 00 C1 00 00 80 C0
00 00 80 3F 00 00 80 3F 00 00 80 C0 00 00 C0 C0 00 00 00 C0 00 00 00 40 00 00 80 3F 00 00 A0 C0
00 00 E0 C0 00 00 00 C0 00 00 00 40 00 00 40 40 00 00 40 C0 00 00 A0 C0 00 00 00 C0 00 00 40 40
00 00 40 40 00 00 40 C0 00 00 A0 C0 00 00 80 BF 00 00 40 40 00 00 40 40 00 00 40 C0 00 00 A0 C0
00 00 80 BF 00 00 80 40 00 00 80 40 00 00 00 C0 00 00 A0 C0 00 00 00 C0 00 00 80 3F 00 00 80 BF
00 00 E0 C0 00 00 10 C1 00 00 C0 C0 00 00 40 C0 00 00 40 C0 00 00 10 C1 00 00 00 C1 00 00 80 3F
00 00 40 41 00 00 98 41 00 00 90 41 00 00 88 41 00 00 C8 41 00 00 20 42 00 00 38 42 00 00 18 42
00 00 08 42 00 00 20 42 00 00 48 42 00 00 44 42 00 00 14 42 00 00 E0 41 00 00 E0 41 00 00 F0 41
00 00 D0 41 00 00 60 41 00 00 00 00 00 00 40 C1 00 00 A8 C1 00 00 00 C2 00 00 30 C2 00 00 3C C2
00 00 30 C2 00 00 24 C2 00 00 28 C2 00 00 30 C2 00 00 24 C2 00 00 F8 C1 00 00 98 C1 00 00 50 C1
00 00 80 C1 00 00 80 C1 00 00 40 C1 00 00 00 C1 00 00 E0 C0 00 00 40 C1 00 00 40 C1 00 00 A0 C0
00 00 00 40 00 00 80 40 00 00 80 BF 00 00 40 C0 00 00 00 00 00 00 80 40 00 00 80 40 00 00 40 C0
00 00 80 C0 00 00 00 00 00 00 A0 40 00 00 C0 40 00 00 00 00 00 00 40 C0 00 00 80 3F 00 00 C0 40
00 00 C0 40 00 00 00 00 00 00 40 C0 00 00 80 3F 00 00 A0 40 00 00 C0 40 00 00 00 00 00 00 40 C0
00 00 80 3F 00 00 E0 40 00 00 00 41 00 00 80 3F 00 00 00 C0 00 00 80 3F 00 00 A0 40 00 00 A0 40
00 00 80 BF 00 00 40 C0 00 00 80 3F 00 00 E0 40 00 00 00 41 00 00 80 3F 00 00 00 C0 00 00 80 3F
00 00 C0 40 00 00 C0 40 00 00 00 00 00 00 00 C0 00 00 00 40 00 00 E0 40 00 00 00 41 00 00 00 40
00 00 00 C0 00 00 80 3F 00 00 C0 40 00 00 E0 40 00 00 80 3F 00 00 00 C0 00 00 80 3F 00 00 E0 40
00 00 00 41 00 00 00 40 00 00 80 BF 00 00 00 40 00 00 E0 40 00 00 00 41 00 00 00 40 00 00 00 C0
00 00 00 40 00 00 00 41 00 00 10 41 00 00 00 40 00 00 00 C0 00 00 00 40 00 00 00 41 00 00 10 41
00 00 40 40 00 00 80 BF 00 00 00 40 00 00 00 41 00 00 10 41 00 00 00 40 00 00 80 BF 00 00 40 40
00 00 20 41 00 00 40 41 00 00 A0 40 00 00 80 3F 00 00 80 40 00 00 30 41 00 00 50 41 00 00 C0 40
00 00 80 3F 00 00 A0 40 00 00 30 41 00 00 50 41 00 00 C0 40 00 00 80 3F 00 00 80 40 00 00 20 41
00 00 40 41 00 00 80 40 00 00 80 BF 00 00 80 3F 00 00 E0 40 00 00 00 41 00 00 00 00 00 00 C0 C0
00 00 40 C0 00 00 40 40 00 00 A0 40 00 00 00 C0 00 00 E0 C0 00 00 C0 C0 00 00 80 BF 00 00 80 BF
00 00 10 C1 00 00 50 C1 00 00 30 C1 00 00 E0 C0 00 00 E0 C0 00 00 50 C1 00 00 88 C1 00 00 60 C1
00 00 20 C1 00 00 00 C1 00 00 60 C1 00 00 88 C1 00 00 60 C1 00 00 20 C1 00 00 20 C1 00 00 70 C1
00 00 88 C1 00 00 50 C1 00 00 C0 C0 00 00 80 C0 00 00 10 C1 00 00 30 C1 00 00 00 C1 00 00 80 C0
00 00 40 C0 00 00 00 C1 00 00 20 C1 00 00 C0 C0 00 00 80 BF 00 00 80 3F 00 00 80 C0 00 00 C0 C0
00 00 40 C0 00 00 80 3F 00 00 40 40 00 00 40 C0 00 00 C0 C0 00 00 00 C0 00 00 00 40 00 00 40 40
00 00 00 C0 00 00 A0 C0 00 00 00 C0 00 00 40 40 00 00 80 40 00 00 00 C0 00 00 A0 C0 00 00 00 C0
00 00 00 40 00 00 40 40 00 00 40 C0 00 00 A0 C0 00 00 00 C0 00 00 80 40 00 00 C0 40 00 00 00 00
00 00 40 C0 00 00 80 BF 00 00 40 40 00 00 80 40 00 00 00 C0 00 00 A0 C0 00 00 80 BF 00 00 40 40
00 00 A0 40 00 00 80 BF 00 00 80 C0 00 00 80 BF 00 00 40 40 00 00 80 40 00 00 00 C0 00 00 A0 C0
00 00 00 C0 00 00 40 40 00 00 80 40 00 00 80 BF 00 00 A0 C0 00 00 00 C0 00 00 40 40 00 00 80 40
00 00 00 C0 00 00 A0 C0 00 00 00 C0 00 00 40 40 00 00 A0 40 00 00 80 BF 00 00 80 C0 00 00 80 BF
00 00 40 40 00 00 A0 40 00 00 80 BF 00 00 A0 C0 00 00 00 C0 00 00 40 40 00 00 80 40 00 00 80 BF
00 00 A0 C0 00 00 00 C0 00 00 40 40 00 00 A0 40 00 00 80 BF 00 00 80 C0 00 00 80 BF 00 00 40 40
00 00 80 40 00 00 00 C0 00 00 A0 C0 00 00 00 C0 00 00 40 40 00 00 80 40 00 00 80 BF 00 00 A0 C0
00 00 00 C0 00 00 40 40 00 00 80 40 00 00 80 BF 00 00 80 C0 00 00 80 BF 00 00 40 40 00 00 A0 40
00 00 80 BF 00 00 80 C0 00 00 00 C0 00 00 40 40 00 00 80 40 00 00 00 C0 00 00 A0 C0 00 00 00 C0
00 00 40 40 00 00 80 40 00 00 00 C0 00 00 A0 C0 00 00 00 C0 00 00 40 40 00 00 80 40 00 00 80 BF
00 00 A0 C0 00 00 00 C0 00 00 00 40 00 00 80 40 00 00 80 BF 00 00 A0 C0 00 00 00 C0 00 00 40 40
00 00 A0 40 00 00 00 00 00 00 80 C0 00 00 80 BF 00 00 40 40 00 00 A0 40 00 00 00 00 00 00 80 C0
00 00 00 C0 00 00 40 40 00 00 80 40 00 00 80 BF 00 00 A0 C0 00 00 00 C0 00 00 00 40 00 00 80 40
00 00 80 BF 00 00 A0 C0 00 00 00 C0 00 00 40 40 00 00 A0 40 00 00 00 00 00 00 80 C0 00 00 00 C0
00 00 40 40 00 00 A0 40 00 00 00 00 00 00 80 C0 00 00 80 BF 00 00 40 40 00 00 A0 40 00 00 00 00
00 00 80 C0 00 00 80 BF 00 00 40 40 00 00 A0 40 00 00 00 00 00 00 80 C0 00 00 00 C0 00 00 40 40
00 00 80 40 00 00 80 BF 00 00 A0 C0 00 00 00 C0 00 00 00 40 00 00 80 40 00 00 80 BF 00 00 A0 C0
00 00 00 C0 00 00 00 40 00 00 80 40 00 00 80 BF 00 00 80 C0 00 00 00 C0 00 00 40 40 00 00 A0 40
00 00 80 BF 00 00 80 C0 00 00 00 C0 00 00 40 40 00 00 A0 40 00 00 80 BF 00 00 80 C0 00 00 00 C0
00 00 40 40 00 00 A0 40 00 00 00 00 00 00 80 C0 00 00 00 C0 00 00 00 40 00 00 80 40 00 00 80 BF
00 00 A0 C0 00 00 40 C0 00 00 00 40 00 00 80 40 00 00 00 C0 00 00 A0 C0 00 00 40 C0 00 00 00 40
00 00 A0 40 00 00 00 00 00 00 80 C0 00 00 00 C0 00 00 40 40 00 00 A0 40 00 00 00 00 00 00 80 C0
00 00 80 BF 00 00 40 40 00 00 A0 40 00 00 80 BF 00 00 A0 C0 00 00 00 C0 00 00 00 40 00 00 80 40
00 00 80 BF 00 00 A0 C0 00 00 00 C0 00 00 00 40 00 00 80 40 00 00 80 BF 00 00 A0 C0 00 00 00 C0
00 00 00 40 00 00 80 40 00 00 80 BF 00 00 A0 C0 00 00 00 C0 00 00 00 40 00 00 A0 40 00 00 00 00
00 00 80 C0 00 00 80 BF 00 00 80 40 00 00 E0 40 00 00 40 40 00 00 80 BF 00 00 80 3F 00 00 E0 40
00 00 20 41 00 00 A0 40 00 00 00 00 00 00 00 40 00 00 00 41 00 00 30 41 00 00 C0 40 00 00 80 3F
00 00 40 40 00 00 00 41 00 00 30 41 00 00 C0 40 00 00 80 3F 00 00 00 40 00 00 C0 40 00 00 10 41
00 00 40 40 00 00 00 C0 00 00 00 00 00 00 A0 40 00 00 00 41 00 00 40 40 00 00 40 C0 00 00 00 C0
00 00 00 40 00 00 80 40 00 00 00 C0 00 00 00 C1 00 00 C0 C0 00 00 00 C0 00 00 00 00 00 00 A0 C0
00 00 20 C1 00 00 00 C1 00 00 40 C0 00 00 80 BF 00 00 C0 C0 00 00 20 C1 00 00 00 C1 00 00 40 C0
00 00 80 BF 00 00 A0 C0 00 00 10 C1 00 00 C0 C0 00 00 80 BF 00 00 00 40 00 00 00 C0 00 00 E0 C0
00 00 A0 C0 00 00 00 00 00 00 40 40 00 00 00 C0 00 00 C0 C0 00 00 80 C0 00 00 00 40 00 00 80 40
00 00 00 00 00 00 80 C0 00 00 40 C0 00 00 00 40 00 00 80 40 00 00 80 BF 00 00 A0 C0 00 00 40 C0
00 00 00 40 00 00 80 40 00 00 00 00 00 00 A0 C0 00 00 40 C0 00 00 00 40 00 00 A0 40 00 00 00 00
00 00 A0 C0 00 00 40 C0 00 00 00 00 00 00 80 3F 00 00 80 C0 00 00 10 C1 00 00 E0 C0 00 00 40 C0
00 00 00 C0 00 00 C0 C0 00 00 10 C1 00 00 40 C0 00 00 E0 40 00 00 80 41 00 00 88 41 00 00 70 41
00 00 98 41 00 00 00 42 00 00 2C 42 00 00 20 42 00 00 00 42 00 00 0C 42 00 00 38 42 00 00 50 42
00 00 2C 42 00 00 00 42 00 00 E8 41 00 00 00 42 00 00 00 42 00 00 B8 41 00 00 10 41 00 00 A0 C0
00 00 80 C1 00 00 D0 C1 00 00 1C C2 00 00 3C C2 00 00 34 C2 00 00 24 C2 00 00 20 C2 00 00 2C C2
00 00 2C C2 00 00 10 C2 00 00 C0 C1 00 00 70 C1 00 00 60 C1 00 00 88 C1 00 00 60 C1 00 00 20 C1
00 00 00 C1 00 00 40 C1 00 00 60 C1 00 00 20 C1 00 00 00 C0 00 00 40 40 00 00 00 00 00 00 80 C0
00 00 40 C0 00 00 80 3F 00 00 80 40 00 00 00 00 00 00 80 C0 00 00 00 C0 00 00 40 40 00 00 E0 40
00 00 40 40 00 00 00 C0 00 00 00 00 00 00 80 40 00 00 E0 40 00 00 40 40 00 00 00 C0 00 00 80 BF
00 00 80 40 00 00 E0 40 00 00 40 40 00 00 00 C0 00 00 80 BF 00 00 80 40 00 00 00 41 00 00 40 40
00 00 00 C0 00 00 80 BF 00 00 80 40 00 00 C0 40 00 00 00 40 00 00 40 C0 00 00 80 BF 00 00 80 40
00 00 10 41 00 00 A0 40 00 00 80 BF 00 00 00 00 00 00 A0 40 00 00 00 41 00 00 80 40 00 00 80 BF
00 00 00 00 00 00 C0 40 00 00 10 41 00 00 A0 40 00 00 80 BF 00 00 00 00 00 00 A0 40 00 00 00 41
00 00 80 40 00 00 80 BF 00 00 00 00 00 00 A0 40 00 00 10 41 00 00 A0 40 00 00 80 BF 00 00 80 BF
00 00 A0 40 00 00 10 41 00 00 A0 40 00 00 80 BF 00 00 80 BF 00 00 A0 40 00 00 10 41 00 00 A0 40
00 00 80 BF 00 00 00 00 00 00 A0 40 00 00 20 41 00 00 C0 40 00 00 00 00 00 00 00 00 00 00 A0 40
00 00 20 41 00 00 A0 40 00 00 80 BF 00 00 00 00 00 00 C0 40 00 00 40 41 00 00 00 41 00 00 80 3F
00 00 80 3F 00 00 E0 40 00 00 40 41 00 00 10 41 00 00 00 40 00 00 00 40 00 00 00 41 00 00 50 41
00 00 10 41 00 00 80 3F 00 00 80 3F 00 00 E0 40 00 00 50 41 00 00 10 41 00 00 80 3F 00 00 00 00
00 00 A0 40 00 00 10 41 00 00 80 40 00 00 80 C0 00 00 80 C0 00 00 80 3F 00 00 C0 40 00 00 80 3F
00 00 C0 C0 00 00 E0 C0 00 00 40 C0 00 00 00 00 00 00 A0 C0 00 00 50 C1 00 00 50 C1 00 00 10 C1
00 00 E0 C0 00 00 30 C1 00 00 80 C1 00 00 80 C1 00 00 40 C1 00 00 10 C1 00 00 40 C1 00 00 90 C1
00 00 80 C1 00 00 40 C1 00 00 10 C1 00 00 40 C1 00 00 88 C1 00 00 70 C1 00 00 10 C1 00 00 80 C0
00 00 C0 C0 00 00 30 C1 00 00 20 C1 00 00 A0 C0 00 00 00 C0 00 00 C0 C0 00 00 30 C1 00 00 10 C1
00 00 40 C0 00 00 80 3F 00 00 00 C0 00 00 E0 C0 00 00 C0 C0 00 00 80 BF 00 00 00 40 00 00 80 BF
00 00 C0 C0 00 00 A0 C0 00 00 00 00 00 00 40 40 00 00 00 00 00 00 A0 C0 00 00 40 C0 00 00 80 3F
00 00 A0 40 00 00 00 40 00 00 80 C0 00 00 40 C0 00 00 80 3F 00 00 A0 40 00 00 80 3F 00 00 80 C0
00 00 40 C0 00 00 00 40 00 00 A0 40 00 00 00 40 00 00 80 C0 00 00 40 C0 00 00 80 3F 00 00 80 40
00 00 00 00 00 00 A0 C0 00 00 80 C0 00 00 80 3F 00 00 A0 40 00 00 00 40 00 00 40 C0 00 00 40 C0
00 00 80 3F 00 00 80 40 00 00 80 3F 00 00 80 C0 00 00 40 C0 00 00 00 40 00 00 A0 40 00 00 00 40
00 00 40 C0 00 00 40 C0 00 00 80 3F 00 00 A0 40 00 00 80 3F 00 00 80 C0 00 00 40 C0 00 00 80 3F
00 00 80 40 00 00 80 3F 00 00 A0 C0 00 00 80 C0 00 00 80 3F 00 00 80 40 00 00 80 3F 00 00 A0 C0
00 00 80 C0 00 00 00 00 00 00 80 40 00 00 00 40 00 00 80 C0 00 00 40 C0 00 00 80 3F 00 00 A0 40
00 00 00 40 00 00 80 C0 00 00 40 C0 00 00 80 3F 00 00 80 40 00 00 80 3F 00 00 80 C0 00 00 40 C0
00 00 80 3F 00 00 A0 40 00 00 00 40 00 00 80 C0 00 00 80 C0 00 00 00 00 00 00 80 40 00 00 80 3F
00 00 A0 C0 00 00 80 C0 00 00 80 3F 00 00 80 40 00 00 80 3F 00 00 80 C0 00 00 80 C0 00 00 80 3F
00 00 80 40 00 00 80 3F 00 00 80 C0 00 00 80 C0 00 00 80 3F 00 00 A0 40 00 00 00 40 00 00 80 C0
00 00 40 C0 00 00 80 3F 00 00 A0 40 00 00 40 40 00 00 40 C0 00 00 40 C0 00 00 00 40 00 00 A0 40
00 00 40 40 00 00 40 C0 00 00 40 C0 00 00 80 3F 00 00 80 40 00 00 80 3F 00 00 80 C0 00 00 80 C0
00 00 00 00 00 00 80 40 00 00 80 3F 00 00 A0 C0 00 00 80 C0 00 00 80 3F 00 00 A0 40 00 00 00 40
00 00 80 C0 00 00 40 C0 00 00 80 3F 00 00 A0 40 00 00 00 40 00 00 80 C0 00 00 40 C0 00 00 80 3F
00 00 A0 40 00 00 00 40 00 00 40 C0 00 00 40 C0 00 00 80 3F 00 00 A0 40 00 00 00 40 00 00 80 C0
00 00 40 C0 00 00 80 3F 00 00 80 40 00 00 00 40 00 00 80 C0 00 00 80 C0 00 00 80 3F 00 00 80 40
00 00 00 40 00 00 80 C0 00 00 80 C0 00 00 80 3F 00 00 A0 40 00 00 40 40 00 00 40 C0 00 00 40 C0
00 00 80 3F 00 00 A0 40 00 00 40 40 00 00 40 C0 00 00 40 C0 00 00 80 3F 00 00 A0 40 00 00 00 40
00 00 80 C0 00 00 80 C0 00 00 80 3F 00 00 A0 40 00 00 00 40 00 00 80 C0 00 00 80 C0 00 00 00 00
00 00 80 40 00 00 00 40 00 00 80 C0 00 00 80 C0 00 00 00 00 00 00 80 40 00 00 00 40 00 00 80 C0
00 00 80 C0 00 00 80 3F 00 00 A0 40 00 00 40 40 00 00 40 C0 00 00 40 C0 00 00 80 3F 00 00 A0 40
00 00 40 40 00 00 40 C0 00 00 80 C0 00 00 80 3F 00 00 80 40 00 00 00 40 00 00 80 C0 00 00 80 C0
00 00 00 00 00 00 80 40 00 00 00 40 00 00 80 C0 00 00 80 C0 00 00 00 00 00 00 80 40 00 00 00 40
00 00 80 C0 00 00 80 C0 00 00 00 00 00 00 80 40 00 00 00 40 00 00 80 C0 00 00 80 C0 00 00 00 00
00 00 80 40 00 00 40 40 00 00 40 C0 00 00 80 C0 00 00 80 3F 00 00 80 40 00 00 40 40 00 00 40 C0
00 00 80 C0 00 00 80 3F 00 00 80 40 00 00 00 40 00 00 80 C0 00 00 80 C0 00 00 80 3F 00 00 C0 40
00 00 80 40 00 00 80 BF 00 00 00 C0 00 00 40 40 00 00 10 41 00 00 E0 40 00 00 80 3F 00 00 80 3F
00 00 A0 40 00 00 20 41 00 00 10 41 00 00 40 40 00 00 80 3F 00 00 C0 40 00 00 30 41 00 00 20 41
00 00 40 40 00 00 80 3F 00 00 A0 40 00 00 10 41 00 00 E0 40 00 00 00 00 00 00 00 C0 00 00 00 40
00 00 E0 40 00 00 A0 40 00 00 00 C0 00 00 80 C0 00 00 00 00 00 00 40 40 00 00 00 00 00 00 E0 C0
00 00 00 C1 00 00 80 C0 00 00 00 00 00 00 00 C0 00 00 00 C1 00 00 10 C1 00 00 A0 C0 00 00 80 BF
00 00 40 C0 00 00 10 C1 00 00 10 C1 00 00 A0 C0 00 00 80 BF 00 00 00 C0 00 00 00 C1 00 00 00 C1
00 00 40 C0 00 00 00 40 00 00 80 3F 00 00 A0 C0 00 00 C0 C0 00 00 00 C0 00 00 00 40 00 00 00 00
00 00 C0 C0 00 00 C0 C0 00 00 80 BF 00 00 40 40 00 00 00 40 00 00 80 C0 00 00 A0 C0 00 00 80 BF
00 00 40 40 00 00 00 40 00 00 80 C0 00 00 A0 C0 00 00 80 BF 00 00 80 40 00 00 00 40 00 00 40 C0
00 00 80 C0 00 00 00 00 00 00 80 40 00 00 40 40 00 00 40 C0 00 00 80 C0 00 00 80 BF 00 00 00 40
00 00 80 BF 00 00 E0 C0 00 00 00 C1 00 00 A0 C0 00 00 40 C0 00 00 A0 C0 00 00 20 C1 00 00 00 C1
00 00 80 3F 00 00 20 41 00 00 70 41 00 00 50 41 00 00 60 41 00 00 B8 41 00 00 18 42 00 00 28 42
00 00 08 42 00 00 00 42 00 00 28 42 00 00 4C 42 00 00 48 42 00 00 18 42 00 00 00 42 00 00 04 42
00 00 10 42 00 00 F8 41 00 00 90 41 00 00 80 40 00 00 10 C1 00 00 98 C1 00 00 F8 C1 00 00 30 C2
00 00 38 C2 00 00 28 C2 00 00 24 C2 00 00 2C C2 00 00 38 C2 00 00 24 C2 00 00 F8 C1 00 00 A0 C1
00 00 70 C1 00 00 90 C1 00 00 88 C1 00 00 40 C1 00 00 00 C1 00 00 10 C1 00 00 60 C1 00 00 40 C1
00 00 A0 C0 00 00 00 40 00 00 40 40 00 00 00 C0 00 00 80 C0 00 00 00 00 00 00 40 40 00 00 00 40
00 00 80 C0 00 00 80 C0 00 00 80 3F 00 00 C0 40 00 00 C0 40 00 00 00 00 00 00 00 C0 00 00 00 40
00 00 C0 40 00 00 A0 40 00 00 80 BF 00 00 00 C0 00 00 00 40 00 00 C0 40 00 00 A0 40 00 00 80 BF
00 00 00 C0 00 00 00 40 00 00 E0 40 00 00 E0 40 00 00 80 3F 00 00 80 BF 00 00 00 40 00 00 C0 40
00 00 A0 40 00 00 80 BF 00 00 00 C0 00 00 00 40 00 00 00 41 00 00 E0 40 00 00 80 3F 00 00 80 BF
00 00 00 40 00 00 E0 40 00 00 C0 40 00 00 00 00 00 00 00 C0 00 00 40 40 00 00 00 41 00 00 00 41
00 00 00 00 00 00 00 C0 00 00 00 40 00 00 C0 40 00 00 C0 40 00 00 80 BF 00 00 40 C0 00 00 80 3F
00 00 C0 40 00 00 C0 40 00 00 00 00 00 00 00 C0 00 00 80 3F 00 00 C0 40 00 00 C0 40 00 00 00 00
00 00 00 C0 00 00 00 40 00 00 00 41 00 00 00 41 00 00 80 3F 00 00 00 C0 00 00 40 40 00 00 00 41
00 00 00 41 00 00 80 3F 00 00 80 BF 00 00 40 40 00 00 00 41 00 00 10 41 00 00 00 40 00 00 80 BF
00 00 80 40 00 00 20 41 00 00 30 41 00 00 A0 40 00 00 80 3F 00 00 A0 40 00 00 40 41 00 00 50 41
00 00 A0 40 00 00 00 40 00 00 C0 40 00 00 50 41 00 00 60 41 00 00 C0 40 00 00 00 40 00 00 C0 40
00 00 40 41 00 00 40 41 00 00 80 40 00 00 80 BF 00 00 40 40 00 00 00 41 00 00 00 41 00 00 80 BF
00 00 A0 C0 00 00 80 BF 00 00 80 40 00 00 80 40 00 00 40 C0 00 00 00 C1 00 00 A0 C0 00 00 80 BF
00 00 00 C0 00 00 20 C1 00 00 60 C1 00 00 20 C1 00 00 C0 C0 00 00 E0 C0 00 00 50 C1 00 00 80 C1
00 00 50 C1 00 00 10 C1 00 00 10 C1 00 00 70 C1 00 00 88 C1 00 00 50 C1 00 00 20 C1 00 00 20 C1
00 00 80 C1 00 00 88 C1 00 00 40 C1 00 00 C0 C0 00 00 A0 C0 00 00 20 C1 00 00 40 C1 00 00 00 C1
00 00 80 C0 00 00 80 C0 00 00 20 C1 00 00 30 C1 00 00 C0 C0 00 00 80 BF 00 00 00 00 00 00 A0 C0
00 00 E0 C0 00 00 40 C0 00 00 00 40 00 00 00 40 00 00 80 C0 00 00 C0 C0 00 00 00 C0 00 00 00 40
00 00 40 40 00 00 40 C0 00 00 A0 C0 00 00 80 BF 00 00 40 40 00 00 40 40 00 00 40 C0 00 00 A0 C0
00 00 00 C0 00 00 00 40 00 00 00 40 00 00 80 C0 00 00 A0 C0 00 00 80 BF 00 00 80 40 00 00 A0 40
00 00 80 BF 00 00 80 C0 00 00 80 BF 00 00 40 40 00 00 40 40 00 00 40 C0 00 00 A0 C0 00 00 80 BF
00 00 80 40 00 00 A0 40 00 00 80 BF 00 00 80 C0 00 00 00 00 00 00 80 40 00 00 80 40 00 00 00 C0
00 00 80 C0 00 00 80 BF 00 00 80 40 00 00 80 40 00 00 00 C0 00 00 80 C0 00 00 80 BF 00 00 40 40
00 00 40 40 00 00 40 C0 00 00 A0 C0 00 00 80 BF 00 00 40 40 00 00 80 40 00 00 00 C0 00 00 80 C0
00 00 80 BF 00 00 80 40 00 00 80 40 00 00 00 C0 00 00 80 C0 00 00 00 00 00 00 80 40 00 00 80 40
00 00 80 BF 00 00 80 C0 00 00 00 00 00 00 80 40 00 00 A0 40 00 00 80 BF 00 00 80 C0 00 00 80 BF
00 00 40 40 00 00 40 40 00 00 00 C0 00 00 A0 C0 00 00 80 BF 00 00 40 40 00 00 80 40 00 00 00 C0
00 00 A0 C0 00 00 00 C0 00 00 40 40 00 00 80 40 00 00 00 C0 00 00 80 C0 00 00 80 BF 00 00 80 40
00 00 A0 40 00 00 80 BF 00 00 40 C0 00 00 00 00 00 00 80 40 00 00 80 40 00 00 00 C0 00 00 80 C0
00 00 80 BF 00 00 80 40 00 00 80 40 00 00 00 C0 00 00 A0 C0 00 00 80 BF 00 00 40 40 00 00 40 40
00 00 40 C0 00 00 A0 C0 00 00 00 C0 00 00 40 40 00 00 40 40 00 00 40 C0 00 00 A0 C0 00 00 00 C0
00 00 40 40 00 00 80 40 00 00 80 BF 00 00 80 C0 00 00 80 BF 00 00 40 40 00 00 80 40 00 00 00 C0
00 00 A0 C0 00 00 80 BF 00 00 80 40 00 00 A0 40 00 00 80 BF 00 00 80 C0 00 00 80 BF 00 00 40 40
00 00 80 40 00 00 00 C0 00 00 80 C0 00 00 80 BF 00 00 80 40 00 00 80 40 00 00 00 C0 00 00 A0 C0
00 00 00 C0 00 00 40 40 00 00 80 40 00 00 00 C0 00 00 A0 C0 00 00 00 C0 00 00 40 40 00 00 80 40
00 00 80 BF 00 00 80 C0 00 00 00 00 00 00 80 40 00 00 A0 40 00 00 80 BF 00 00 80 C0 00 00 80 BF
00 00 40 40 00 00 80 40 00 00 00 C0 00 00 80 C0 00 00 80 BF 00 00 40 40 00 00 80 40 00 00 00 C0
00 00 A0 C0 00 00 00 C0 00 00 00 40 00 00 80 40 00 00 00 C0 00 00 A0 C0 00 00 00 C0 00 00 00 40
00 00 40 40 00 00 00 C0 00 00 A0 C0 00 00 80 BF 00 00 80 40 00 00 A0 40 00 00 80 BF 00 00 80 C0
00 00 80 BF 00 00 80 40 00 00 A0 40 00 00 00 00 00 00 40 C0 00 00 00 00 00 00 80 40 00 00 80 40
00 00 00 C0 00 00 A0 C0 00 00 00 C0 00 00 40 40 00 00 80 40 00 00 80 BF 00 00 A0 C0 00 00 00 C0
00 00 40 40 00 00 80 40 00 00 00 C0 00 00 A0 C0 00 00 80 BF 00 00 40 40 00 00 80 40 00 00 00 C0
00 00 A0 C0 00 00 00 C0 00 00 00 40 00 00 80 40 00 00 80 BF 00 00 A0 C0 00 00 00 C0 00 00 40 40
00 00 80 40 00 00 80 BF 00 00 A0 C0 00 00 00 C0 00 00 40 40 00 00 80 40 00 00 80 BF 00 00 A0 C0
00 00 00 C0 00 00 40 40 00 00 80 40 00 00 80 BF 00 00 A0 C0 00 00 00 C0 00 00 40 40 00 00 A0 40
00 00 00 00 00 00 80 C0 00 00 00 00 00 00 A0 40 00 00 E0 40 00 00 00 40 00 00 80 BF 00 00 00 40
00 00 E0 40 00 00 10 41 00 00 80 40 00 00 00 00 00 00 40 40 00 00 00 41 00 00 30 41 00 00 A0 40
00 00 80 3F 00 00 80 40 00 00 10 41 00 00 30 41 00 00 A0 40 00 00 00 00 00 00 00 40 00 00 E0 40
00 00 10 41 00 00 00 40 00 00 00 C0 00 00 00 00 00 00 A0 40 00 00 E0 40 00 00 80 3F 00 00 40 C0
00 00 00 C0 00 00 00 40 00 00 40 40 00 00 40 C0 00 00 E0 C0 00 00 A0 C0 00 00 80 BF 00 00 80 3F
00 00 A0 C0 00 00 10 C1 00 00 C0 C0 00 00 00 C0 00 00 00 00 00 00 C0 C0 00 00 10 C1 00 00 E0 C0
00 00 40 C0 00 00 80 BF 00 00 C0 C0 00 00 20 C1 00 00 C0 C0 00 00 80 BF 00 00 80 3F 00 00 80 C0
00 00 E0 C0 00 00 80 C0 00 00 00 00 00 00 00 40 00 00 40 C0 00 00 E0 C0 00 00 80 C0 00 00 80 3F
00 00 40 40 00 00 00 C0 00 00 A0 C0 00 00 40 C0 00 00 00 40 00 00 80 40 00 00 80 BF 00 00 A0 C0
00 00 00 C0 00 00 40 40 00 00 A0 40 00 00 80 BF 00 00 80 C0 00 00 00 C0 00 00 40 40 00 00 80 40
00 00 80 BF 00 00 A0 C0 00 00 40 C0 00 00 80 3F 00 00 00 40 00 00 A0 C0 00 00 10 C1 00 00 C0 C0
00 00 40 C0 00 00 40 C0 00 00 00 C1 00 00 20 C1 00 00 80 C0 00 00 A0 40 00 00 50 41 00 00 50 41
00 00 30 41 00 00 88 41 00 00 F0 41 00 00 24 42 00 00 10 42 00 00 F0 41 00 00 10 42 00 00 40 42
00 00 54 42 00 00 30 42 00 00 08 42 00 00 04 42 00 00 10 42 00 00 10 42 00 00 D0 41 00 00 40 41
00 00 00 C0 00 00 50 C1 00 00 C0 C1 00 00 18 C2 00 00 38 C2 00 00 2C C2 00 00 24 C2 00 00 24 C2
00 00 34 C2 00 00 30 C2 00 00 14 C2 00 00 D0 C1 00 00 88 C1 00 00 88 C1 00 00 90 C1 00 00 70 C1
00 00 20 C1 00 00 E0 C0 00 00 30 C1 00 00 50 C1 00 00 00 C1 00 00 00 00 00 00 A0 40 00 00 00 40
00 00 00 C0 00 00 80 BF 00 00 40 40 00 00 80 40 00 00 80 BF 00 00 A0 C0 00 00 00 C0 00 00 80 40
00 00 E0 40 00 00 00 40 00 00 00 C0 00 00 80 BF 00 00 80 40 00 00 C0 40 00 00 80 3F 00 00 40 C0
00 00 80 BF 00 00 80 40 00 00 C0 40 00 00 80 3F 00 00 40 C0 00 00 80 BF 00 00 A0 40 00 00 00 41
00 00 40 40 00 00 00 C0 00 00 00 00 00 00 80 40 00 00 C0 40 00 00 80 3F 00 00 40 C0 00 00 80 BF
00 00 A0 40 00 00 00 41 00 00 40 40 00 00 00 C0 00 00 00 00 00 00 80 40 00 00 E0 40 00 00 00 40
00 00 40 C0 00 00 00 00 00 00 C0 40 00 00 10 41 00 00 A0 40 00 00 00 00 00 00 80 3F 00 00 C0 40
00 00 00 41 00 00 40 40 00 00 00 C0 00 00 80 3F 00 00 C0 40 00 00 20 41 00 00 A0 40 00 00 80 BF
00 00 80 3F 00 00 C0 40 00 00 10 41 00 00 80 40 00 00 80 BF 00 00 00 00 00 00 A0 40 00 00 00 41
00 00 40 40 00 00 40 C0 00 00 80 BF 00 00 A0 40 00 00 00 41 00 00 80 40 00 00 00 C0 00 00 00 00
00 00 C0 40 00 00 20 41 00 00 C0 40 00 00 00 00 00 00 00 40 00 00 00 41 00 00 50 41 00 00 00 41
00 00 00 40 00 00 40 40 00 00 10 41 00 00 50 41 00 00 00 41 00 00 80 3F 00 00 40 40 00 00 10 41
00 00 60 41 00 00 10 41 00 00 00 40 00 00 00 40 00 00 00 41 00 00 50 41 00 00 00 41 00 00 00 00
00 00 00 00 00 00 C0 40 00 00 10 41 00 00 40 40 00 00 80 C0 00 00 80 C0 00 00 00 40 00 00 C0 40
00 00 80 3F 00 00 C0 C0 00 00 C0 C0 00 00 00 C0 00 00 00 00 00 00 C0 C0 00 00 50 C1 00 00 40 C1
00 00 00 C1 00 00 A0 C0 00 00 20 C1 00 00 80 C1 00 00 70 C1 00 00 30 C1 00 00 00 C1 00 00 40 C1
00 00 88 C1 00 00 80 C1 00 00 30 C1 00 00 10 C1 00 00 60 C1 00 00 90 C1 00 00 70 C1 00 00 10 C1
00 00 A0 C0 00 00 00 C1 00 00 40 C1 00 00 20 C1 00 00 C0 C0 00 00 40 C0 00 00 E0 C0 00 00 30 C1
00 00 00 C1 00 00 00 C0 00 00 80 3F 00 00 00 C0 00 00 E0 C0 00 00 A0 C0 00 00 80 BF 00 00 00 40
00 00 00 C0 00 00 C0 C0 00 00 80 C0 00 00 00 00 00 00 40 40 00 00 00 00 00 00 A0 C0 00 00 40 C0
00 00 80 3F 00 00 80 40 00 00 00 00 00 00 A0 C0 00 00 80 C0 00 00 80 3F 00 00 40 40 00 00 80 BF
00 00 A0 C0 00 00 40 C0 00 00 00 40 00 00 A0 40 00 00 80 3F 00 00 80 C0 00 00 40 C0 00 00 80 3F
00 00 80 40 00 00 00 00 00 00 A0 C0 00 00 40 C0 00 00 00 40 00 00 C0 40 00 00 00 40 00 00 40 C0
00 00 00 C0 00 00 00 40 00 00 A0 40 00 00 80 3F 00 00 80 C0 00 00 40 C0 00 00 00 40 00 00 A0 40
00 00 80 3F 00 00 80 C0 00 00 40 C0 00 00 00 40 00 00 A0 40 00 00 80 3F 00 00 80 C0 00 00 40 C0
00 00 80 3F 00 00 A0 40 00 00 80 3F 00 00 80 C0 00 00 40 C0 00 00 00 40 00 00 A0 40 00 00 80 3F
00 00 80 C0 00 00 00 C0 00 00 00 40 00 00 A0 40 00 00 80 3F 00 00 80 C0 00 00 00 C0 00 00 00 40
00 00 A0 40 00 00 00 40 00 00 80 C0 00 00 40 C0 00 00 00 40 00 00 80 40 00 00 00 00 00 00 A0 C0
00 00 40 C0 00 00 80 3F 00 00 A0 40 00 00 80 3F 00 00 80 C0 00 00 40 C0 00 00 80 3F 00 00 80 40
00 00 80 3F 00 00 80 C0 00 00 40 C0 00 00 00 40 00 00 A0 40 00 00 80 3F 00 00 80 C0 00 00 40 C0
00 00 00 40 00 00 A0 40 00 00 80 3F 00 00 80 C0 00 00 40 C0 00 00 00 40 00 00 A0 40 00 00 00 40
00 00 80 C0 00 00 40 C0 00 00 80 3F 00 00 80 40 00 00 80 3F 00 00 A0 C0 00 00 80 C0 00 00 80 3F
00 00 80 40 00 00 80 3F 00 00 A0 C0 00 00 40 C0 00 00 80 3F 00 00 A0 40 00 00 00 40 00 00 80 C0
00 00 40 C0 00 00 00 40 00 00 A0 40 00 00 80 3F 00 00 80 C0 00 00 40 C0 00 00 00 40 00 00 A0 40
00 00 80 3F 00 00 80 C0 00 00 40 C0 00 00 80 3F 00 00 A0 40 00 00 80 3F 00 00 80 C0 00 00 40 C0
00 00 80 3F 00 00 A0 40 00 00 80 3F 00 00 80 C0 00 00 40 C0 00 00 80 3F 00 00 A0 40 00 00 80 3F
00 00 80 C0 00 00 40 C0 00 00 80 3F 00 00 A0 40 00 00 80 3F 00 00 80 C0 00 00 40 C0 00 00 80 3F
00 00 80 40 00 00 80 3F 00 00 80 C0 00 00 40 C0 00 00 80 3F 00 00 A0 40 00 00 80 3F 00 00 80 C0
00 00 80 C0 00 00 80 3F 00 00 80 40 00 00 80 3F 00 00 80 C0 00 00 80 C0 00 00 80 3F 00 00 80 40
