00 00 DC 45 00 00 00 00 00 00 00 00 00 00 04 44 00 00 00 00 00 00 34 44 00 00 00 00 00 00 B4 44
00 00 00 00 00 00 96 45 00 00 07 46 00 00 00 00 00 00 00 00 00 00 8C 44 00 00 00 00 00 00 7C 44
00 00 00 00 00 00 A5 44 00 00 00 00 00 00 61 45 00 80 CA 45 00 00 00 00 00 00 00 00 00 00 8C 44
00 00 00 00 00 00 44 44 00 00 00 00 00 00 30 44 00 00 00 00 00 00 46 45 00 C0 DE 45 00 00 00 00
00 00 00 00 00 00 8C 44 00 00 00 00 00 00 C4 43 00 00 00 00 00 00 B0 43 00 00 00 00 00 00 58 45
00 00 F3 45 00 00 00 00 00 00 00 00 00 00 1A 44 00 00 00 00 00 00 44 44 00 00 00 00 00 00 30 44
00 00 00 00 00 00 5C 45 00 00 DC 45 00 00 00 00 00 00 00 00 00 00 8C 44 00 00 00 00 00 00 28 44
00 00 00 00 00 00 5C 44 00 00 00 00 00 80 89 45 00 00 DC 45 00 00 00 00 00 00 00 00 00 00 1A 44
00 00 00 00 00 00 44 44 00 00 00 00 00 00 30 44 00 00 00 00 00 00 70 45 00 00 07 46 00 00 00 00
00 00 00 00 00 00 1A 44 00 00 00 00 00 00 28 44 00 00 00 00 00 00 48 44 00 00 00 00 00 40 97 45
00 00 F2 45 00 00 00 00 00 00 00 00 00 00 9A 44 00 00 00 00 00 00 A8 43 00 00 00 00 00 00 DC 43
00 00 00 00 00 80 89 45 00 80 C0 45 00 00 00 00 00 00 00 00 00 00 00 00 00 00 00 00 00 00 C4 43
00 00 00 00 00 00 04 44 00 00 00 00 00 00 A5 45 00 80 C0 45 00 00 00 00 00 00 00 00 00 00 1A 44
00 00 00 00 00 00 A8 43 00 00 00 00 00 00 C8 43 00 00 00 00 00 80 89 45 00 00 DC 45 00 00 00 00
00 00 00 00 00 00 1A 44 00 00 00 00 00 00 A8 43 00 00 00 00 00 00 F0 43 00 00 00 00 00 00 C6 45
00 00 E7 45 00 00 00 00 00 00 00 00 00 00 40 44 00 00 00 00 00 00 40 44 00 00 00 00 00 00 48 44
00 00 00 00 00 80 89 45 00 80 C0 45 00 00 00 00 00 00 00 00 00 00 40 44 00 00 00 00 00 00 C0 43
00 00 00 00 00 00 F0 43 00 00 00 00 00 00 A5 45 00 80 C0 45 00 00 00 00 00 00 00 00 00 00 00 00
00 00 00 00 00 00 C4 43 00 00 00 00 00 00 C8 43 00 00 00 00 00 80 89 45 00 80 C0 45 00 00 00 00
00 00 00 00 00 00 00 00 00 00 00 00 00 00 E0 43 00 00 00 00 00 00 04 44 00 00 00 00 00 00 A5 45
00 00 A5 45 00 00 00 00 00 00 00 00 00 00 00 00 00 00 00 00 00 00 C4 43 00 00 00 00 00 00 F0 43
00 00 00 00 00 80 94 45 00 80 94 45 00 00 00 00 00 00 00 00 00 00 00 00 00 00 00 00 00 00 E0 43
00 00 00 00 00 00 04 44 00 00 00 00 00 00 B4 45 00 00 B4 45 00 00 00 00 00 00 00 00 00 00 40 44
00 00 00 00 00 00 C0 43 00 00 00 00 00 00 F0 43 00 00 00 00 00 00 A5 45 00 00 A5 45 00 00 00 00
00 00 10 44 00 00 00 00 00 00 C4 43 00 00 00 00 00 00 00 00 00 00 00 00 00 00 00 00 00 00 BD 45
00 00 A2 45 00 00 00 00 00 00 00 00 00 00 00 00 00 00 00 00 00 00 E0 43 00 00 00 00 00 00 F0 43
00 00 00 00 00 00 A2 45 00 00 87 45 00 00 00 00 00 00 00 00 00 00 00 00 00 00 00 00 00 00 C0 43
00 00 00 00 00 00 0C 44 00 00 00 00 00 00 BD 45 00 00 87 45 00 00 00 00 00 00 02 44 00 00 00 00
00 00 E0 43 00 00 E0 43 00 00 00 00 00 00 30 44 00 00 00 00 00 00 9A 45 00 00 67 45 00 00 00 00
00 00 1C 44 00 00 00 00 00 00 70 43 00 00 F0 43 00 00 00 00 00 00 C0 44 00 00 00 00 00 00 D8 45
00 00 A2 45 00 00 00 00 00 00 00 00 00 00 00 00 00 00 00 00 00 00 00 00 00 00 00 00 00 00 00 00
00 00 00 00 00 80 AF 45 00 00 6A 45 00 00 00 00 00 00 00 00 00 00 58 44 00 00 00 00 00 00 00 00
00 00 A8 44 00 00 00 00 00 00 00 00 00 00 BD 45 00 00 FC 44 00 00 00 00 00 00 00 00 00 00 00 00
00 00 00 00 00 00 00 00 00 00 90 44 00 00 00 00 00 00 00 00 00 80 AF 45 00 00 6A 45 00 00 00 00
00 00 50 44 00 00 00 00 00 00 10 44 00 00 90 43 00 00 00 00 00 00 30 44 00 00 00 00 00 00 A8 45
00 00 28 45 00 00 00 00 00 00 A8 44 00 00 00 00 00 00 58 44 00 00 00 00 00 00 00 00 00 00 00 00
00 00 00 00 00 00 D0 45 00 00 50 45 00 00 00 00 00 00 50 44 00 00 00 00 00 00 28 44 00 00 00 00
00 00 00 00 00 00 00 00 00 00 00 00 00 80 AF 45 00 00 EA 44 00 00 00 00 00 00 90 43 00 00 00 00
00 00 C4 43 00 00 00 00 00 00 FC 43 00 00 00 00 00 00 00 00 00 00 F0 45 00 00 00 00 00 00 00 00
00 00 00 00 00 00 00 00 00 00 00 00 00 00 34 44 00 00 00 00 00 00 A9 44 00 00 00 00 00 00 9C 43
00 00 D8 43 00 00 00 00 00 D0 63 47 00 E0 17 47 00 00 B4 46 00 00 F0 46 00 00 7A 47 00 60 6A 47
00 00 00 00 00 40 6C 46 00 80 9D 45 00 00 00 00 00 00 00 00 00 00 E7 46 00 00 00 00 00 00 00 00
00 00 00 00 00 00 00 00 00 00 00 00 00 00 00 00 00 00 00 00 00 80 BC 45 00 00 50 44 00 00 50 44
00 00 00 00 00 00 82 44 00 00 00 00 00 00 EE 44 00 80 B2 45 00 00 00 00 00 00 00 00 00 00 00 00
00 60 90 46 00 00 D2 44 00 00 00 00 00 00 00 00 00 00 00 00 00 00 D2 45 00 00 00 00 00 00 9C 45
00 00 50 44 00 00 00 00 00 00 B4 44 00 00 00 00 00 00 D8 43 00 00 10 43 00 00 00 00 00 00 DC 44
00 00 00 00 00 00 0C 46 00 00 00 00 00 00 00 00 00 00 00 00 00 00 00 00 00 00 34 44 00 00 70 43
00 00 00 00 00 00 34 44 00 00 00 00 00 00 BD 45 00 00 00 00 00 00 00 00 00 00 00 00 00 00 00 00
00 00 93 44 00 00 00 00 00 00 FC 43 00 00 00 00 00 00 00 00 00 40 92 45 00 00 82 44 00 00 00 00
00 00 28 44 00 00 00 00 00 00 A8 44 00 00 00 00 00 00 80 44 00 00 00 00 00 00 00 00 00 40 92 45
00 00 C3 44 00 00 00 00 00 00 1C 44 00 00 00 00 00 00 80 44 00 00 00 00 00 00 00 44 00 00 00 00
00 00 00 00 00 00 9C 45 00 00 1C 45 00 00 00 00 00 00 70 44 00 00 00 00 00 00 60 44 00 00 00 00
00 00 60 44 00 00 00 00 00 00 00 00 00 80 AF 45 00 00 1C 45 00 00 00 00 00 00 70 44 00 00 00 00
00 00 60 44 00 00 00 00 00 00 60 44 00 00 00 00 00 00 00 00 00 00 BD 45 00 00 A8 44 00 00 00 00
00 00 28 44 00 00 00 00 00 00 7C 44 00 00 00 00 00 00 00 00 00 00 00 00 00 00 00 00 00 00 D2 45
00 00 FC 44 00 00 00 00 00 00 34 44 00 00 00 00 00 00 0C 44 00 00 00 00 00 00 00 00 00 00 00 00
00 00 00 00 00 40 EC 45 00 80 1D 45 00 00 00 00 00 00 00 00 00 00 00 00 00 00 00 00 00 00 00 00
00 00 44 44 00 00 00 00 00 00 00 00 00 00 00 46 00 00 80 44 00 00 00 00 00 00 00 00 00 00 00 00
00 00 00 00 00 00 00 00 00 00 E1 44 00 00 00 00 00 00 00 00 00 C0 0D 46 00 00 00 00 00 00 D8 44
00 00 00 00 00 00 00 00 00 00 5C 44 00 00 00 00 00 00 25 45 00 00 00 00 00 00 00 00 00 00 B4 45
00 00 00 00 00 00 00 00 00 00 00 00 00 00 00 00 00 00 96 44 00 00 00 00 00 00 F0 43 00 00 00 00
00 00 00 00 00 00 8F 45 00 00 D0 43 00 00 00 00 00 00 28 44 00 00 00 00 00 00 70 44 00 00 00 00
00 00 00 00 00 00 00 00 00 00 00 00 00 00 6A 45 00 00 00 00 00 00 00 00 00 00 00 00 00 00 00 00
00 00 96 44 00 00 00 00 00 00 58 44 00 00 00 00 00 00 00 00 00 00 9A 45 00 00 00 00 00 00 B6 44
00 00 00 00 00 00 00 00 00 00 A8 44 00 00 00 00 00 00 A8 44 00 00 00 00 00 00 00 00 00 80 56 45
00 00 00 00 00 00 00 00 00 00 00 00 00 00 00 00 00 00 F0 44 00 00 00 00 00 00 E0 44 00 00 00 00
00 00 00 00 00 00 67 45 00 00 00 00 00 00 B6 44 00 00 00 00 00 00 00 00 00 00 E0 44 00 00 00 00
00 00 A8 44 00 00 00 00 00 00 00 00 00 00 52 45 00 00 00 00 00 00 B6 44 00 00 00 00 00 00 00 00
00 00 F0 44 00 00 00 00 00 00 A8 44 00 00 00 00 00 00 00 00 00 00 52 45 00 00 00 00 00 00 B6 44
00 00 00 00 00 00 00 00 00 00 D2 44 00 00 00 00 00 00 93 44 00 00 00 00 00 00 00 00 00 00 52 45
00 00 00 00 00 00 44 45 00 00 00 00 00 00 00 00 00 00 10 45 00 00 00 00 00 00 A8 44 00 00 00 00
00 00 00 00 00 00 61 45 00 00 00 00 00 00 43 45 00 00 00 00 00 00 00 00 00 00 AF 44 00 00 00 00
00 00 93 44 00 00 00 00 00 00 00 00 00 00 25 45 00 00 00 00 00 00 43 45 00 00 00 00 00 00 00 00
00 00 F0 44 00 00 00 00 00 00 A8 44 00 00 00 00 00 00 00 00 00 00 61 45 00 00 00 00 00 40 92 45
00 00 00 00 00 00 00 00 00 00 FC 44 00 00 00 00 00 00 93 44 00 00 00 00 00 00 00 00 00 80 77 45
00 00 00 00 00 00 43 45 00 00 00 00 00 00 00 00 00 00 D2 44 00 00 00 00 00 00 7C 44 00 00 00 00
00 00 00 00 00 00 0C 45 00 00 00 00 00 00 36 45 00 00 00 00 00 00 00 00 00 00 AF 44 00 00 00 00
00 00 A8 44 00 00 00 00 00 00 00 00 00 00 0C 45 00 00 00 00 00 80 88 45 00 00 00 00 00 00 00 00
00 00 FC 44 00 00 00 00 00 00 7C 44 00 00 00 00 00 00 00 00 00 00 0C 45 00 00 00 00 00 00 44 45
00 00 00 00 00 00 00 00 00 00 10 45 00 00 00 00 00 00 E0 44 00 00 00 00 00 00 00 00 00 00 34 45
00 00 00 00 00 00 87 45 00 00 00 00 00 00 00 00 00 00 D2 44 00 00 00 00 00 00 A8 44 00 00 00 00
00 00 00 00 00 00 1A 45 00 00 00 00 00 80 88 45 00 00 00 00 00 00 00 00 00 00 0C 45 00 00 00 00
00 00 C0 44 00 00 00 00 00 00 00 00 00 00 25 45 00 00 00 00 00 40 92 45 00 00 00 00 00 00 00 00
00 00 F5 44 00 00 00 00 00 00 A8 44 00 00 00 00 00 00 00 00 00 00 1A 45 00 00 00 00 00 00 A8 45
00 00 00 00 00 00 00 00 00 00 FC 44 00 00 00 00 00 00 7C 44 00 00 00 00 00 00 00 00 00 00 A5 44
00 00 00 00 00 00 C3 45 00 00 00 00 00 00 00 00 00 00 F5 44 00 00 00 00 00 00 8C 44 00 00 00 00
00 00 00 00 00 00 9A 44 00 00 00 00 00 80 88 45 00 00 00 00 00 00 00 00 00 00 0C 45 00 00 00 00
00 00 F0 44 00 00 00 00 00 00 00 00 00 00 25 45 00 00 00 00 00 00 C3 45 00 00 00 00 00 00 00 00
00 00 10 45 00 00 00 00 00 00 C0 44 00 00 00 00 00 00 00 00 00 00 00 00 00 00 00 00 00 00 B6 45
00 00 00 00 00 00 00 00 00 00 0C 45 00 00 00 00 00 00 C0 44 00 00 00 00 00 00 00 00 00 00 9A 44
00 00 00 00 00 00 A8 45 00 00 00 00 00 00 00 00 00 00 F5 44 00 00 00 00 00 00 8C 44 00 00 00 00
00 00 00 00 00 00 00 00 00 00 00 00 00 00 93 45 00 00 00 00 00 00 00 00 00 00 A2 44 00 00 00 00
00 00 7C 44 00 00 00 00 00 00 00 00 00 00 00 00 00 00 00 00 00 00 D2 45 00 00 00 00 00 00 00 00
00 00 28 45 00 00 00 00 00 00 C8 44 00 00 00 00 00 00 00 00 00 00 A5 44 00 00 00 00 00 00 E1 45
00 00 00 00 00 00 00 00 00 80 1D 45 00 00 00 00 00 00 D8 44 00 00 00 00 00 00 00 00 00 00 07 45
00 00 00 00 00 00 E1 45 00 00 00 00 00 00 00 00 00 80 1D 45 00 00 00 00 00 00 A2 44 00 00 00 00
00 00 00 00 00 00 7C 44 00 00 00 00 00 80 E3 45 00 00 00 00 00 00 00 00 00 00 C0 44 00 00 00 00
00 00 58 44 00 00 00 00 00 00 10 44 00 00 00 00 00 00 0C 44 00 00 D2 45 00 00 00 00 00 00 00 00
00 00 90 44 00 00 00 00 00 00 58 44 00 00 00 00 00 00 10 44 00 00 00 00 00 00 28 44 00 00 E7 45
00 00 00 00 00 00 00 00 00 00 00 45 00 00 00 00 00 00 C0 44 00 00 00 00 00 00 04 44 00 00 00 00
00 00 1C 44 00 80 D6 45 00 00 00 00 00 00 00 00 00 00 00 45 00 00 00 00 00 00 C8 44 00 00 00 00
00 00 00 00 00 00 00 00 00 00 00 00 00 00 16 46 00 00 00 00 00 00 00 00 00 00 84 45 00 00 00 00
00 00 67 45 00 00 00 00 00 00 8C 45 00 00 00 00 00 00 00 00 00 00 00 00 00 C0 CC 46 00 C0 4C 47
00 40 EC 46 00 C0 D5 46 00 A8 5E 47 00 8C B9 47 00 40 9C 46 00 00 00 00 00 00 20 45 00 00 F0 45
00 00 B4 44 00 00 F3 45 00 00 00 00 00 00 00 00 00 00 00 00 00 00 00 00 00 00 00 00 00 00 00 00
00 00 00 00 00 00 00 00 00 00 00 00 00 00 00 00 00 00 00 00 00 00 00 00 00 00 C4 45 00 00 00 00
00 80 1D 46 00 00 00 00 00 00 00 00 00 00 00 00 00 00 07 46 00 00 61 46 00 00 00 00 00 00 00 00
00 00 00 00 00 00 16 45 00 00 61 45 00 00 00 00 00 00 EA 44 00 00 EA 45 00 00 00 00 00 00 00 00
00 00 70 43 00 00 00 00 00 00 00 00 00 00 00 00 00 00 50 44 00 00 00 00 00 00 70 44 00 00 16 46
00 00 00 00 00 00 00 00 00 00 70 44 00 00 00 00 00 00 16 44 00 00 00 00 00 00 70 44 00 00 00 00
00 00 E0 44 00 00 0C 46 00 00 00 00 00 00 00 00 00 00 A8 44 00 00 00 00 00 00 AF 44 00 00 00 00
00 00 70 44 00 00 00 00 00 00 9C 44 00 00 EA 45 00 00 00 00 00 00 00 00 00 00 E0 44 00 00 00 00
00 00 A8 44 00 00 00 00 00 00 40 44 00 00 00 00 00 00 9C 44 00 80 D6 45 00 00 00 00 00 00 00 00
00 00 00 45 00 00 00 00 00 00 90 44 00 00 00 00 00 00 04 44 00 00 00 00 00 00 9C 44 00 00 EA 45
00 00 00 00 00 00 00 00 00 00 10 45 00 00 00 00 00 00 C0 44 00 00 00 00 00 00 40 44 00 00 00 00
00 00 9C 44 00 00 EA 45 00 00 00 00 00 00 00 00 00 00 40 45 00 00 00 00 00 00 70 44 00 00 00 00
00 00 04 44 00 00 00 00 00 00 9C 44 00 80 FD 45 00 00 00 00 00 00 00 00 00 00 0C 45 00 00 00 00
00 00 8C 44 00 00 00 00 00 00 F0 43 00 00 00 00 00 00 0C 44 00 00 F5 45 00 00 00 00 00 00 00 00
00 00 F0 44 00 00 00 00 00 00 10 44 00 00 00 00 00 00 40 44 00 00 00 00 00 00 F0 44 00 00 25 46
00 00 00 00 00 00 00 00 00 00 28 45 00 00 00 00 00 00 90 44 00 00 00 00 00 00 84 43 00 00 00 00
00 00 90 44 00 00 34 46 00 00 00 00 00 00 00 00 00 00 52 45 00 00 00 00 00 00 20 44 00 00 00 00
00 00 00 00 00 00 00 00 00 00 00 00 00 00 20 46 00 00 00 00 00 00 00 00 00 00 67 45 00 00 00 00
00 00 00 00 00 00 00 00 00 00 00 00 00 00 00 00 00 00 6A 44 00 A0 03 46 00 00 00 00 00 00 00 00
00 00 C8 43 00 00 00 00 00 00 20 44 00 00 00 00 00 00 F0 44 00 00 00 00 00 00 5C 45 00 00 DC 45
00 00 00 00 00 00 00 00 00 00 00 00 00 00 00 00 00 00 F0 43 00 00 00 00 00 00 02 45 00 00 00 00
00 00 40 45 00 00 F0 45 00 00 00 00 00 00 00 00 00 00 1A 44 00 00 00 00 00 00 8C 44 00 00 00 00
00 00 F0 44 00 00 00 00 00 00 87 45 00 00 07 46 00 00 00 00 00 00 00 00 00 00 B0 44 00 00 00 00
00 00 90 44 00 00 00 00 00 00 B4 44 00 00 00 00 00 00 5C 45 00 00 C6 45 00 00 00 00 00 00 00 00
00 00 A0 44 00 00 00 00 00 00 40 44 00 00 00 00 00 00 30 44 00 00 00 00 00 00 58 45 00 00 F3 45
00 00 00 00 00 00 00 00 00 00 10 45 00 00 00 00 00 00 90 44 00 00 00 00 00 00 84 44 00 00 00 00
00 00 46 45 00 C0 DE 45 00 00 00 00 00 00 00 00 00 00 D2 44 00 00 00 00 00 00 28 44 00 00 00 00
00 00 30 44 00 00 00 00 00 00 46 45 00 C0 DE 45 00 00 00 00 00 00 00 00 00 00 1A 44 00 00 00 00
00 00 28 44 00 00 00 00 00 00 30 44 00 00 00 00 00 00 58 45 00 00 F3 45 00 00 00 00 00 00 00 00
00 00 B0 44 00 00 00 00 00 00 40 44 00 00 00 00 00 00 30 44 00 00 00 00 00 00 58 45 00 00 D8 45
00 00 00 00 00 00 00 00 00 00 8C 44 00 00 00 00 00 00 28 44 00 00 00 00 00 00 30 44 00 00 00 00
00 00 5C 45 00 80 C0 45 00 00 00 00 00 00 00 00 00 00 0C 44 00 00 00 00 00 00 28 44 00 00 00 00
00 00 5C 44 00 00 00 00 00 80 89 45 00 00 DC 45 00 00 00 00 00 00 00 00 00 00 9A 44 00 00 00 00
00 00 A8 43 00 00 00 00 00 00 DC 43 00 00 00 00 00 00 A5 45 00 00 04 46 00 00 00 00 00 00 00 00
00 00 04 44 00 00 00 00 00 00 90 43 00 00 00 00 00 00 C8 43 00 00 00 00 00 00 7A 45 00 00 C8 45
00 00 00 00 00 00 00 00 00 00 1A 44 00 00 00 00 00 00 28 44 00 00 00 00 00 00 20 44 00 00 00 00
00 00 5C 45 00 80 C0 45 00 00 00 00 00 00 00 00 00 00 0C 44 00 00 00 00 00 00 A8 43 00 00 00 00
00 00 F0 43 00 00 00 00 00 00 96 45 00 00 AF 45 00 00 00 00 00 00 00 00 00 00 F0 43 00 00 00 00
00 00 90 43 00 00 00 00 00 00 C8 43 00 00 00 00 00 00 7A 45 00 00 AF 45 00 00 00 00 00 00 00 00
00 00 1A 44 00 00 00 00 00 00 A8 43 00 00 00 00 00 00 C8 43 00 00 00 00 00 00 7A 45 00 00 AF 45
00 00 00 00 00 00 00 00 00 00 00 00 00 00 00 00 00 00 C4 43 00 00 00 00 00 00 04 44 00 00 00 00
00 00 A5 45 00 80 C0 45 00 00 00 00 00 00 00 00 00 00 1A 44 00 00 00 00 00 00 28 44 00 00 00 00
00 00 48 44 00 00 00 00 00 80 89 45 00 80 C0 45 00 00 00 00 00 00 00 00 00 00 40 44 00 00 00 00
00 00 C0 43 00 00 00 00 00 00 F0 43 00 00 00 00 00 00 A5 45 00 00 A5 45 00 00 00 00 00 00 00 00
00 00 00 00 00 00 00 00 00 00 00 00 00 00 00 00 00 00 00 00 00 00 00 00 00 00 A5 45 00 00 A5 45
00 00 00 00 00 00 00 00 00 00 00 00 00 00 00 00 00 00 C4 43 00 00 00 00 00 00 F0 43 00 00 00 00
00 00 A2 45 00 00 A2 45 00 00 00 00 00 00 1C 44 00 00 00 00 00 00 C4 43 00 00 C4 43 00 00 00 00
00 00 C8 43 00 00 00 00 00 00 96 45 00 00 96 45 00 00 00 00 00 00 00 00 00 00 30 44 00 00 00 00
00 00 E0 43 00 00 00 00 00 00 28 44 00 00 00 00 00 40 AD 45 00 80 94 45 00 00 00 00 00 00 1C 44
00 00 00 00 00 00 C4 43 00 00 C4 43 00 00 00 00 00 00 1A 44 00 00 00 00 00 40 AD 45 00 80 94 45
00 00 00 00 00 00 10 44 00 00 00 00 00 00 70 43 00 00 F0 43 00 00 00 00 00 00 C0 44 00 00 00 00
00 00 C6 45 00 40 AD 45 00 00 00 00 00 00 00 00 00 00 00 00 00 00 00 00 00 00 00 00 00 00 00 00
00 00 00 00 00 00 00 00 00 00 C3 45 00 00 C3 45 00 00 00 00 00 00 00 00 00 00 C6 44 00 00 00 00
00 00 00 00 00 00 22 44 00 00 00 00 00 00 00 00 00 C0 B2 45 00 00 8F 45 00 00 00 00 00 00 00 00
00 00 34 44 00 00 00 00 00 00 00 00 00 00 90 44 00 00 00 00 00 00 00 00 00 00 A2 45 00 00 87 45
00 00 00 00 00 00 70 44 00 00 00 00 00 00 10 44 00 00 10 44 00 00 00 00 00 00 9A 44 00 00 00 00
00 00 A8 45 00 00 70 45 00 00 00 00 00 00 82 44 00 00 00 00 00 00 10 44 00 00 90 43 00 00 00 00
00 00 30 44 00 00 00 00 00 00 D8 45 00 00 58 45 00 00 00 00 00 00 B0 43 00 00 00 00 00 00 A8 43
00 00 A8 43 00 00 00 00 00 00 20 44 00 00 00 00 00 00 D0 45 00 00 50 45 00 00 00 00 00 00 50 44
00 00 00 00 00 00 44 44 00 00 00 00 00 00 00 00 00 00 00 00 00 00 00 00 00 80 DC 45 00 00 3D 45
00 00 00 00 00 00 00 00 00 00 48 44 00 00 00 00 00 00 00 00 00 00 70 44 00 00 00 00 00 00 00 00
00 00 B0 44 00 00 08 45 00 00 00 00 00 38 47 47 00 10 24 47 00 40 EC 46 00 40 2D 47 00 10 A7 47
00 80 94 47 00 00 00 00 00 00 40 46 00 00 C0 45 00 00 00 00 00 00 00 00 00 00 F0 46 00 00 00 00
00 00 00 00 00 00 00 00 00 00 00 00 00 00 00 00 00 00 00 00 00 00 00 00 00 00 00 00 00 00 00 00
00 00 00 00 00 00 00 00 00 00 00 00 00 00 36 45 00 00 00 00 00 00 50 45 00 00 00 00 00 00 00 00
00 00 00 00 00 80 C0 46 00 00 5C 45 00 00 20 43 00 00 C0 42 00 00 28 44 00 00 D2 45 00 00 00 00
00 00 96 45 00 00 B4 44 00 00 00 00 00 00 A8 44 00 00 00 00 00 00 40 43 00 00 10 43 00 00 00 00
00 00 22 45 00 00 00 00 00 E0 17 46 00 00 07 45 00 00 00 00 00 00 10 44 00 00 00 00 00 00 16 44
00 00 48 43 00 00 00 00 00 00 46 44 00 00 00 00 00 00 FC 45 00 00 28 45 00 00 00 00 00 00 90 43
00 00 00 00 00 00 90 43 00 00 00 00 00 00 D8 43 00 00 00 00 00 00 00 00 00 00 A8 45 00 00 FC 44
00 00 00 00 00 00 10 44 00 00 00 00 00 00 44 44 00 00 00 00 00 00 FC 43 00 00 00 00 00 00 00 00
00 C0 CC 45 00 80 63 45 00 00 00 00 00 00 02 44 00 00 00 00 00 00 10 44 00 00 00 00 00 00 B4 44
00 00 00 00 00 00 00 00 00 00 BD 45 00 00 52 45 00 00 00 00 00 00 0C 44 00 00 00 00 00 00 10 44
00 00 00 00 00 00 10 44 00 00 00 00 00 00 00 00 00 00 A8 45 00 00 52 45 00 00 00 00 00 00 0C 44
00 00 00 00 00 00 C4 43 00 00 00 00 00 00 7C 44 00 00 00 00 00 00 00 00 00 00 D0 45 00 00 50 45
00 00 00 00 00 00 60 44 00 00 00 00 00 00 28 44 00 00 00 00 00 00 00 00 00 00 00 00 00 00 00 00
00 C0 CC 45 00 80 63 45 00 00 00 00 00 00 0C 44 00 00 00 00 00 00 8C 43 00 00 8C 43 00 00 00 00
00 00 20 44 00 00 00 00 00 00 FC 45 00 00 7C 45 00 00 00 00 00 00 00 00 00 00 00 00 00 00 00 00
00 00 00 00 00 00 E0 43 00 00 00 00 00 00 00 00 00 40 EC 45 00 80 4A 45 00 00 00 00 00 00 00 00
00 00 00 00 00 00 00 00 00 00 00 00 00 00 D8 44 00 00 00 00 00 00 00 00 00 00 F0 45 00 00 00 00
00 00 00 00 00 00 00 00 00 00 48 44 00 00 00 00 00 00 00 00 00 00 16 45 00 00 00 00 00 00 00 00
00 00 D2 45 00 00 70 44 00 00 00 00 00 00 D0 43 00 00 00 00 00 00 90 44 00 00 90 43 00 00 00 00
00 00 72 44 00 00 00 00 00 80 C0 45 00 00 8C 44 00 00 00 00 00 00 96 44 00 00 00 00 00 00 7A 44
00 00 48 43 00 00 00 00 00 00 72 44 00 00 00 00 00 00 84 45 00 00 40 44 00 00 00 00 00 00 50 44
00 00 00 00 00 00 90 44 00 00 00 00 00 00 00 00 00 00 00 00 00 00 00 00 00 00 AF 45 00 00 0C 44
00 00 00 00 00 00 E0 43 00 00 00 00 00 00 A8 44 00 00 00 00 00 00 7C 44 00 00 00 00 00 00 00 00
00 40 92 45 00 00 02 44 00 00 00 00 00 00 9C 43 00 00 00 00 00 00 93 44 00 00 00 00 00 00 60 44
00 00 00 00 00 00 00 00 00 40 92 45 00 00 02 44 00 00 00 00 00 00 9C 43 00 00 00 00 00 00 A8 44
00 00 00 00 00 00 C0 44 00 00 00 00 00 00 00 00 00 00 8C 45 00 00 00 00 00 00 00 00 00 00 00 00
00 00 00 00 00 00 C4 44 00 00 00 00 00 00 93 44 00 00 00 00 00 00 00 00 00 80 BB 45 00 00 00 00
00 00 00 00 00 00 00 00 00 00 00 00 00 00 C4 44 00 00 00 00 00 00 60 44 00 00 00 00 00 00 00 00
00 00 8C 45 00 00 00 00 00 00 00 00 00 00 00 00 00 00 00 00 00 00 7C 44 00 00 00 00 00 00 A8 44
00 00 00 00 00 00 00 00 00 00 8C 45 00 00 00 00 00 00 00 00 00 00 00 00 00 00 00 00 00 00 A8 44
00 00 00 00 00 00 44 44 00 00 00 00 00 00 00 00 00 00 7C 45 00 00 00 00 00 00 00 00 00 00 00 00
00 00 00 00 00 00 A8 44 00 00 00 00 00 00 60 44 00 00 00 00 00 00 00 00 00 80 BB 45 00 00 00 00
00 00 00 00 00 00 00 00 00 00 00 00 00 00 C4 44 00 00 00 00 00 00 60 44 00 00 00 00 00 00 00 00
00 00 96 45 00 00 00 00 00 00 43 45 00 00 00 00 00 00 00 00 00 00 A8 44 00 00 00 00 00 00 A8 44
00 00 00 00 00 00 00 00 00 00 8C 45 00 00 00 00 00 00 B6 44 00 00 00 00 00 00 00 00 00 00 C4 44
00 00 00 00 00 00 44 44 00 00 00 00 00 00 00 00 00 00 52 45 00 00 00 00 00 00 00 00 00 00 00 00
00 00 00 00 00 00 F0 44 00 00 00 00 00 00 A8 44 00 00 00 00 00 00 00 00 00 00 52 45 00 00 00 00
00 00 B6 44 00 00 00 00 00 00 00 00 00 00 A8 44 00 00 00 00 00 00 93 44 00 00 00 00 00 00 00 00
00 00 52 45 00 00 00 00 00 00 B6 44 00 00 00 00 00 00 00 00 00 00 D2 44 00 00 00 00 00 00 93 44
00 00 00 00 00 00 00 00 00 00 52 45 00 00 00 00 00 00 36 45 00 00 00 00 00 00 00 00 00 00 C4 44
00 00 00 00 00 00 93 44 00 00 00 00 00 00 00 00 00 00 8C 45 00 00 00 00 00 00 B6 44 00 00 00 00
00 00 00 00 00 00 D2 44 00 00 00 00 00 00 93 44 00 00 00 00 00 00 00 00 00 00 52 45 00 00 00 00
00 00 36 45 00 00 00 00 00 00 00 00 00 00 D2 44 00 00 00 00 00 00 44 44 00 00 00 00 00 00 00 00
00 00 52 45 00 00 00 00 00 00 28 45 00 00 00 00 00 00 00 00 00 00 AF 44 00 00 00 00 00 00 C4 44
00 00 00 00 00 00 00 00 00 80 77 45 00 00 00 00 00 00 43 45 00 00 00 00 00 00 00 00 00 00 F0 44
00 00 00 00 00 00 A8 44 00 00 00 00 00 00 00 00 00 00 61 45 00 00 00 00 00 00 43 45 00 00 00 00
00 00 00 00 00 00 D2 44 00 00 00 00 00 00 7C 44 00 00 00 00 00 00 00 00 00 00 25 45 00 00 00 00
00 00 43 45 00 00 00 00 00 00 00 00 00 00 F0 44 00 00 00 00 00 00 C0 44 00 00 00 00 00 00 00 00
00 00 9A 44 00 00 00 00 00 00 36 45 00 00 00 00 00 00 00 00 00 00 D2 44 00 00 00 00 00 00 7C 44
00 00 00 00 00 00 00 00 00 00 02 45 00 00 00 00 00 00 C3 44 00 00 00 00 00 00 00 00 00 00 A0 44
00 00 00 00 00 00 A0 43 00 00 00 00 00 00 00 00 00 00 34 45 00 00 00 00 00 00 52 45 00 00 00 00
00 00 00 00 00 00 10 45 00 00 00 00 00 00 C0 44 00 00 00 00 00 00 00 00 00 00 61 45 00 00 00 00
00 00 87 45 00 00 00 00 00 00 00 00 00 00 10 45 00 00 00 00 00 00 B4 44 00 00 00 00 00 00 00 00
00 00 58 45 00 00 00 00 00 00 C0 45 00 00 00 00 00 00 00 00 00 00 2F 45 00 00 00 00 00 00 F0 44
00 00 00 00 00 00 00 00 00 80 4A 45 00 00 00 00 00 40 92 45 00 00 00 00 00 00 00 00 00 00 A8 44
00 00 00 00 00 00 7C 44 00 00 00 00 00 00 00 00 00 00 B4 44 00 00 00 00 00 00 C3 45 00 00 00 00
00 00 00 00 00 00 B4 44 00 00 00 00 00 00 28 44 00 00 00 00 00 00 00 00 00 00 00 00 00 00 00 00
00 00 C4 45 00 00 00 00 00 00 00 00 00 00 0C 45 00 00 00 00 00 00 7C 44 00 00 00 00 00 00 00 00
00 00 00 00 00 00 00 00 00 80 7D 45 00 00 00 00 00 00 00 00 00 00 0C 45 00 00 00 00 00 00 C0 44
00 00 00 00 00 00 00 00 00 00 16 45 00 00 00 00 00 80 F7 45 00 00 00 00 00 00 00 00 00 00 5C 45
00 00 00 00 00 00 67 45 00 00 00 00 00 00 9C 44 00 00 00 00 00 00 00 00 00 00 00 00 00 00 A2 46
00 00 22 47 00 00 D8 46 00 00 F0 46 00 00 87 47 00 60 DB 47 00 A0 83 46 00 00 00 00 00 00 00 00
00 00 00 00 00 00 00 00 00 00 07 46 00 00 00 00 00 00 00 00 00 00 00 00 00 00 00 00 00 00 00 00
00 00 00 00 00 00 00 00 00 00 00 00 00 00 00 00 00 00 00 00 00 00 00 00 00 00 00 00 00 C0 E9 45
00 00 00 00 00 00 AA 45 00 00 00 00 00 00 00 00 00 00 00 00 00 00 84 46 00 00 04 46 00 00 C0 43
00 00 90 42 00 00 84 43 00 00 84 45 00 00 30 45 00 00 00 00 00 00 50 44 00 00 A9 45 00 00 00 00
00 00 00 00 00 00 A0 43 00 00 00 00 00 00 00 00 00 00 00 00 00 00 6A 44 00 00 00 00 00 00 52 44
00 60 10 46 00 00 00 00 00 00 00 00 00 00 A8 44 00 00 00 00 00 00 7C 44 00 00 00 00 00 00 00 00
00 00 00 00 00 00 00 00 00 40 CE 45 00 00 00 00 00 00 00 00 00 00 90 44 00 00 00 00 00 00 70 44
00 00 00 00 00 00 00 00 00 00 00 00 00 00 00 00 00 00 A9 45 00 00 00 00 00 00 00 00 00 00 20 45
00 00 00 00 00 00 C8 44 00 00 00 00 00 00 00 00 00 00 A5 44 00 00 00 00 00 00 D2 45 00 00 00 00
00 00 00 00 00 00 28 45 00 00 00 00 00 00 C8 44 00 00 00 00 00 00 00 00 00 00 00 00 00 00 00 00
00 00 A9 45 00 00 00 00 00 00 00 00 00 00 28 45 00 00 00 00 00 00 C8 44 00 00 00 00 00 00 00 00
00 00 00 00 00 00 00 00 00 80 88 45 00 00 00 00 00 00 00 00 00 00 28 45 00 00 00 00 00 00 C8 44
00 00 00 00 00 00 00 00 00 00 00 00 00 00 00 00 00 80 E3 45 00 00 00 00 00 00 00 00 00 00 F0 44
00 00 00 00 00 00 34 44 00 00 00 00 00 00 00 00 00 00 00 00 00 00 00 00 00 00 93 45 00 00 00 00
00 00 00 00 00 00 D2 44 00 00 00 00 00 00 58 44 00 00 00 00 00 00 00 00 00 00 A5 44 00 00 00 00
00 00 C3 45 00 00 00 00 00 00 00 00 00 00 F5 44 00 00 00 00 00 00 60 44 00 00 00 00 00 00 00 00
00 00 2A 45 00 00 00 00 00 00 19 46 00 00 00 00 00 00 00 00 00 00 70 45 00 00 00 00 00 00 8C 44
00 00 00 00 00 00 00 00 00 00 10 45 00 00 00 00 00 00 0C 46 00 00 00 00 00 00 00 00 00 00 20 45
00 00 00 00 00 00 20 44 00 00 00 00 00 00 00 00 00 00 90 44 00 00 00 00 00 00 1A 46 00 00 00 00
00 00 00 00 00 00 90 44 00 00 00 00 00 00 58 44 00 00 00 00 00 00 90 44 00 00 00 00 00 00 9C 44
00 00 EA 45 00 00 00 00 00 00 00 00 00 00 C8 43 00 00 00 00 00 00 52 44 00 00 00 00 00 00 13 45
00 00 00 00 00 00 B4 44 00 00 A5 45 00 00 00 00 00 00 00 00 00 00 70 44 00 00 00 00 00 00 16 44
00 00 00 00 00 00 70 44 00 00 00 00 00 00 B6 44 00 40 FA 45 00 00 00 00 00 00 00 00 00 00 BD 44
00 00 00 00 00 00 8C 44 00 00 00 00 00 00 84 44 00 00 00 00 00 00 D8 44 00 00 C6 45 00 00 00 00
00 00 00 00 00 00 00 45 00 00 00 00 00 00 A0 44 00 00 00 00 00 00 30 44 00 00 00 00 00 00 B6 44
00 80 E3 45 00 00 00 00 00 00 00 00 00 00 A8 44 00 00 00 00 00 00 7C 44 00 00 00 00 00 00 46 44
00 00 00 00 00 00 FC 44 00 00 E7 45 00 00 00 00 00 00 00 00 00 00 10 45 00 00 00 00 00 00 90 44
00 00 00 00 00 00 46 44 00 00 00 00 00 00 1C 45 00 00 0F 46 00 00 00 00 00 00 00 00 00 00 BD 44
00 00 00 00 00 00 7C 44 00 00 00 00 00 00 04 44 00 00 00 00 00 00 B6 44 00 40 FA 45 00 00 00 00
00 00 00 00 00 00 BD 44 00 00 00 00 00 00 7C 44 00 00 00 00 00 00 46 44 00 00 00 00 00 00 1C 45
00 00 0F 46 00 00 00 00 00 00 00 00 00 00 A2 44 00 00 00 00 00 00 34 44 00 00 00 00 00 00 04 44
00 00 00 00 00 00 D0 44 00 00 02 46 00 00 00 00 00 00 00 00 00 00 BD 44 00 00 00 00 00 00 A8 44
00 00 00 00 00 00 90 44 00 00 00 00 00 80 2F 45 00 40 12 46 00 00 00 00 00 00 00 00 00 00 D2 44
00 00 00 00 00 00 52 44 00 00 00 00 00 00 04 44 00 00 00 00 00 00 D0 44 00 00 02 46 00 00 00 00
00 00 00 00 00 00 BD 44 00 00 00 00 00 00 7C 44 00 00 00 00 00 00 46 44 00 00 00 00 00 00 10 45
00 00 F0 45 00 00 00 00 00 00 00 00 00 00 BD 44 00 00 00 00 00 00 7C 44 00 00 00 00 00 00 46 44
00 00 00 00 00 80 2F 45 00 E0 20 46 00 00 00 00 00 00 00 00 00 00 04 45 00 00 00 00 00 00 90 44
00 00 00 00 00 00 90 44 00 00 00 00 00 00 6A 45 00 40 12 46 00 00 00 00 00 00 00 00 00 00 F0 44
00 00 00 00 00 00 90 44 00 00 00 00 00 00 84 44 00 00 00 00 00 00 58 45 00 00 F3 45 00 00 00 00
00 00 00 00 00 00 7C 44 00 00 00 00 00 00 7C 44 00 00 00 00 00 00 84 44 00 00 00 00 00 00 58 45
00 00 F3 45 00 00 00 00 00 00 00 00 00 00 7C 44 00 00 00 00 00 00 7C 44 00 00 00 00 00 00 46 44
00 00 00 00 00 00 22 45 00 00 F3 45 00 00 00 00 00 00 00 00 00 00 9A 44 00 00 00 00 00 00 28 44
00 00 00 00 00 00 04 44 00 00 00 00 00 00 22 45 00 00 F3 45 00 00 00 00 00 00 00 00 00 00 8C 44
00 00 00 00 00 00 28 44 00 00 00 00 00 00 30 44 00 00 00 00 00 00 58 45 00 00 F3 45 00 00 00 00
00 00 00 00 00 00 1A 44 00 00 00 00 00 00 28 44 00 00 00 00 00 00 20 44 00 00 00 00 00 00 70 45
00 00 07 46 00 00 00 00 00 00 00 00 00 00 8C 44 00 00 00 00 00 00 44 44 00 00 00 00 00 00 70 44
00 00 00 00 00 80 77 45 00 00 C6 45 00 00 00 00 00 00 00 00 00 00 7C 44 00 00 00 00 00 00 28 44
00 00 00 00 00 00 20 44 00 00 00 00 00 00 46 45 00 C0 DE 45 00 00 00 00 00 00 00 00 00 00 04 44
00 00 00 00 00 00 90 43 00 00 00 00 00 00 B0 43 00 00 00 00 00 00 58 45 00 00 D8 45 00 00 00 00
00 00 00 00 00 00 8C 44 00 00 00 00 00 00 0C 44 00 00 00 00 00 00 5C 44 00 00 00 00 00 80 77 45
00 C0 DE 45 00 00 00 00 00 00 00 00 00 00 00 00 00 00 00 00 00 00 20 44 00 00 00 00 00 00 1C 45
00 00 00 00 00 00 B4 45 00 00 07 46 00 00 00 00 00 00 00 00 00 00 B0 44 00 00 00 00 00 00 40 44
00 00 00 00 00 00 20 44 00 00 00 00 00 00 70 45 00 00 F0 45 00 00 00 00 00 00 00 00 00 00 22 45
00 00 00 00 00 00 00 00 00 00 00 00 00 00 00 00 00 00 00 00 00 00 34 45 00 00 D2 45 00 00 00 00
00 00 00 00 00 00 34 45 00 00 00 00 00 00 00 00 00 00 00 00 00 00 00 00 00 00 00 00 00 00 84 45
00 00 04 46 00 00 00 00 00 00 00 00 00 00 04 44 00 00 00 00 00 00 F0 43 00 00 00 00 00 00 84 44
00 00 00 00 00 00 96 45 00 00 AF 45 00 00 00 00 00 00 1A 44 00 00 00 00 00 00 70 43 00 00 34 44
00 00 00 00 00 00 A5 44 00 00 00 00 00 80 89 45 00 80 C0 45 00 00 00 00 00 00 00 00 00 00 00 00
00 00 00 00 00 00 28 44 00 00 00 00 00 00 48 44 00 00 00 00 00 00 7A 45 00 00 C8 45 00 00 00 00
00 00 00 00 00 00 28 44 00 00 00 00 00 00 A8 43 00 00 00 00 00 00 04 44 00 00 00 00 00 00 C6 45
00 00 C6 45 00 00 00 00 00 00 00 00 00 00 34 45 00 00 00 00 00 00 00 00 00 00 72 44 00 00 00 00
00 00 00 00 00 00 E0 44 00 00 6E 45 00 00 00 00 00 F0 17 47 00 40 FA 46 00 C0 CC 46 00 20 35 47
00 10 C2 47 00 48 B7 47 00 00 00 00 00 00 EE 45 00 00 B6 45 00 00 00 00 00 00 00 00 00 00 C3 46
00 00 00 00 00 00 00 00 00 00 00 00 00 00 00 00 00 00 00 00 00 00 00 00 00 00 00 00 00 00 00 00
00 00 00 00 00 00 00 00 00 00 00 00 00 00 00 00 00 00 BB 45 00 00 00 00 00 00 00 00 00 00 50 43
00 00 88 43 00 00 00 00 00 60 D2 46 00 00 46 45 00 00 90 43 00 00 60 43 00 00 D2 44 00 40 03 46
00 00 00 00 00 00 AF 45 00 00 75 45 00 00 00 00 00 00 B6 44 00 00 00 00 00 00 C0 42 00 00 40 43
00 00 00 00 00 00 50 45 00 00 00 00 00 00 02 46 00 80 A2 45 00 00 00 00 00 00 00 00 00 00 00 00
00 00 00 00 00 00 10 44 00 00 00 00 00 00 E7 44 00 00 00 00 00 00 BD 45 00 00 58 45 00 00 00 00
00 00 00 00 00 00 00 00 00 00 00 00 00 00 A8 43 00 00 00 00 00 00 1A 44 00 00 00 00 00 00 D2 45
00 00 B4 45 00 00 00 00 00 00 00 00 00 00 00 00 00 00 00 00 00 00 E0 43 00 00 00 00 00 00 1A 44
00 00 00 00 00 40 AD 45 00 40 AD 45 00 00 00 00 00 00 00 00 00 00 00 00 00 00 00 00 00 00 00 00
00 00 00 00 00 00 00 00 00 00 00 00 00 40 AD 45 00 40 AD 45 00 00 00 00 00 00 00 00 00 00 40 44
00 00 00 00 00 00 00 00 00 00 00 00 00 00 00 00 00 00 00 00 00 40 AD 45 00 40 AD 45 00 00 00 00
00 00 00 00 00 00 00 00 00 00 00 00 00 00 00 00 00 00 00 00 00 00 00 00 00 00 00 00 00 00 BD 45
00 00 A2 45 00 00 00 00 00 00 00 00 00 00 28 44 00 00 00 00 00 00 8C 43 00 00 00 00 00 00 30 44
00 00 00 00 00 00 C6 45 00 40 AD 45 00 00 00 00 00 00 00 00 00 00 10 44 00 00 00 00 00 00 40 43
00 00 00 00 00 00 F0 43 00 00 00 00 00 00 A5 45 00 80 C0 45 00 00 00 00 00 00 00 00 00 00 40 44
00 00 00 00 00 00 00 00 00 00 00 00 00 00 00 00 00 00 00 00 00 C0 B2 45 00 80 D6 45 00 00 00 00
00 00 00 00 00 00 5C 45 00 00 00 00 00 00 00 00 00 00 60 44 00 00 00 00 00 00 00 00 00 00 C0 45
00 00 90 45 00 00 00 00 00 00 00 00 00 00 F2 44 00 00 00 00 00 00 00 00 00 00 D2 44 00 00 00 00
00 00 00 00 00 00 AF 45 00 00 52 45 00 00 00 00 00 00 90 43 00 00 00 00 00 00 70 43 00 00 70 43
00 00 00 00 00 00 46 44 00 00 00 00 00 00 BD 45 00 00 28 45 00 00 00 00 00 00 E0 44 00 00 00 00
00 00 48 44 00 00 C8 43 00 00 00 00 00 00 F0 44 00 00 00 00 00 00 B4 45 00 00 10 45 00 00 00 00
00 00 9C 44 00 00 00 00 00 00 58 44 00 00 90 43 00 00 00 00 00 00 34 44 00 00 00 00 00 C0 CC 45
00 00 36 45 00 00 00 00 00 00 50 44 00 00 00 00 00 00 44 44 00 00 00 00 00 00 00 00 00 00 00 00
00 00 00 00 00 00 A8 45 00 00 28 45 00 00 00 00 00 00 50 44 00 00 00 00 00 00 60 44 00 00 00 00
00 00 90 44 00 00 00 00 00 00 00 00 00 00 A8 45 00 00 28 45 00 00 00 00 00 00 50 44 00 00 00 00
00 00 60 44 00 00 00 00 00 00 90 44 00 00 00 00 00 00 00 00 00 80 AF 45 00 00 EA 44 00 00 00 00
00 00 1C 44 00 00 00 00 00 00 44 44 00 00 00 00 00 00 FC 43 00 00 00 00 00 00 00 00 00 00 B6 45
00 80 08 45 00 00 00 00 00 00 1C 44 00 00 00 00 00 00 60 44 00 00 00 00 00 00 90 44 00 00 00 00
00 00 00 00 00 80 DC 45 00 00 13 45 00 00 00 00 00 00 1C 44 00 00 00 00 00 00 44 44 00 00 00 00
00 00 FC 43 00 00 00 00 00 00 00 00 00 80 AF 45 00 00 9C 44 00 00 00 00 00 00 C0 43 00 00 00 00
00 00 10 44 00 00 00 00 00 00 40 44 00 00 00 00 00 00 00 00 00 00 B6 45 00 00 B6 44 00 00 00 00
00 00 1C 44 00 00 00 00 00 00 58 44 00 00 00 00 00 00 40 44 00 00 00 00 00 00 00 00 00 00 BD 45
00 00 A8 44 00 00 00 00 00 00 1C 44 00 00 00 00 00 00 7C 44 00 00 00 00 00 00 FC 43 00 00 00 00
00 00 00 00 00 00 BD 45 00 00 28 44 00 00 00 00 00 00 9C 43 00 00 00 00 00 00 93 44 00 00 00 00
00 00 60 44 00 00 00 00 00 00 00 00 00 00 AF 45 00 00 0C 44 00 00 00 00 00 00 9C 43 00 00 00 00
00 00 93 44 00 00 00 00 00 00 60 44 00 00 00 00 00 00 00 00 00 00 BD 45 00 00 28 44 00 00 00 00
00 00 9C 43 00 00 00 00 00 00 93 44 00 00 00 00 00 00 FC 43 00 00 00 00 00 00 00 00 00 00 BD 45
00 00 28 44 00 00 00 00 00 00 9C 43 00 00 00 00 00 00 93 44 00 00 00 00 00 00 60 44 00 00 00 00
00 00 00 00 00 40 92 45 00 00 02 44 00 00 00 00 00 00 D0 43 00 00 00 00 00 00 A8 44 00 00 00 00
00 00 60 44 00 00 00 00 00 00 00 00 00 40 92 45 00 00 02 44 00 00 00 00 00 00 9C 43 00 00 00 00
00 00 93 44 00 00 00 00 00 00 E0 43 00 00 00 00 00 00 00 00 00 C0 A8 45 00 00 00 00 00 00 00 00
00 00 00 00 00 00 00 00 00 00 C0 44 00 00 00 00 00 00 90 44 00 00 00 00 00 00 00 00 00 00 BD 45
00 00 28 44 00 00 00 00 00 00 9C 43 00 00 00 00 00 00 A8 44 00 00 00 00 00 00 90 44 00 00 00 00
00 00 00 00 00 00 82 45 00 00 D0 43 00 00 00 00 00 00 40 43 00 00 00 00 00 00 44 44 00 00 00 00
00 00 44 44 00 00 00 00 00 00 00 00 00 00 6A 45 00 00 D0 43 00 00 00 00 00 00 0C 44 00 00 00 00
00 00 D2 44 00 00 00 00 00 00 44 44 00 00 00 00 00 00 00 00 00 00 8C 45 00 00 00 00 00 00 00 00
00 00 00 00 00 00 00 00 00 00 8C 44 00 00 00 00 00 00 A8 44 00 00 00 00 00 00 00 00 00 00 AF 45
00 00 0C 44 00 00 00 00 00 00 D0 43 00 00 00 00 00 00 A8 44 00 00 00 00 00 00 60 44 00 00 00 00
00 00 00 00 00 80 9D 45 00 00 00 00 00 00 A8 44 00 00 00 00 00 00 00 00 00 00 93 44 00 00 00 00
00 00 60 44 00 00 00 00 00 00 00 00 00 80 56 45 00 00 00 00 00 00 00 00 00 00 00 00 00 00 00 00
00 00 7A 44 00 00 00 00 00 00 00 00 00 00 00 00 00 00 00 00 00 80 56 45 00 00 9C 43 00 00 00 00
00 00 E0 43 00 00 00 00 00 00 C4 44 00 00 00 00 00 00 44 44 00 00 00 00 00 00 00 00 00 C0 A8 45
00 00 00 00 00 00 00 00 00 00 00 00 00 00 00 00 00 00 A2 44 00 00 00 00 00 00 E1 44 00 00 00 00
00 00 00 00 00 00 B4 45 00 00 00 00 00 00 50 45 00 00 00 00 00 00 00 00 00 00 D8 44 00 00 00 00
00 00 07 45 00 00 00 00 00 00 00 00 00 C0 A8 45 00 00 00 00 00 00 C3 44 00 00 00 00 00 00 00 00
00 00 D2 44 00 00 00 00 00 00 60 44 00 00 00 00 00 00 00 00 00 00 28 45 00 00 00 00 00 00 B6 44
00 00 00 00 00 00 00 00 00 00 90 44 00 00 00 00 00 00 28 44 00 00 00 00 00 00 00 00 00 00 52 45
00 00 00 00 00 00 00 00 00 00 00 00 00 00 00 00 00 00 96 44 00 00 00 00 00 00 7C 44 00 00 00 00
00 00 00 00 00 00 1A 45 00 00 00 00 00 00 28 45 00 00 00 00 00 00 00 00 00 00 A8 44 00 00 00 00
00 00 93 44 00 00 00 00 00 00 00 00 00 80 77 45 00 00 00 00 00 80 77 45 00 00 00 00 00 00 00 00
00 00 04 45 00 00 00 00 00 00 5C 45 00 00 00 00 00 00 00 00 00 00 00 00 00 00 00 00 00 00 00 00
00 80 77 46 00 80 F7 46 00 40 BF 46 00 00 FF 46 00 70 8F 47 00 60 DB 47 00 80 AF 46 00 00 00 00
00 00 00 00 00 00 00 00 00 00 00 00 00 00 3B 46 00 00 00 00 00 00 00 00 00 00 00 00 00 00 00 00
00 00 00 00 00 00 00 00 00 00 00 00 00 00 00 00 00 00 00 00 00 00 00 00 00 00 00 00 00 00 00 00
00 C0 CC 45 00 00 00 00 00 00 C3 44 00 00 00 00 00 00 00 00 00 00 00 00 00 00 B8 46 00 00 38 46
00 00 80 44 00 00 80 43 00 00 40 44 00 00 B4 45 00 00 B4 44 00 00 00 00 00 00 C0 42 00 00 A8 44
00 00 00 00 00 00 00 00 00 00 C0 43 00 00 40 42 00 00 00 00 00 00 82 44 00 00 00 00 00 00 43 45
00 00 00 00 00 00 96 45 00 00 00 00 00 00 00 00 00 00 70 44 00 00 00 00 00 00 40 44 00 00 00 00
00 00 00 00 00 00 25 45 00 00 00 00 00 00 B4 45 00 00 00 00 00 00 00 00 00 00 90 44 00 00 00 00
00 00 58 44 00 00 00 00 00 00 00 00 00 00 9A 44 00 00 00 00 00 00 44 45 00 00 00 00 00 00 00 00
00 00 D2 44 00 00 00 00 00 00 D2 44 00 00 00 00 00 00 00 00 00 00 0F 45 00 00 00 00 00 00 B6 44
00 00 00 00 00 00 00 00 00 00 10 45 00 00 00 00 00 00 C0 44 00 00 00 00 00 00 00 00 00 00 0C 45
00 00 00 00 00 00 36 45 00 00 00 00 00 00 00 00 00 00 F0 44 00 00 00 00 00 00 C8 44 00 00 00 00
00 00 00 00 00 00 9A 44 00 00 00 00 00 00 44 45 00 00 00 00 00 00 00 00 00 00 D2 44 00 00 00 00
00 00 A8 44 00 00 00 00 00 00 00 00 00 00 0C 45 00 00 00 00 00 00 44 45 00 00 00 00 00 00 00 00
00 00 B4 44 00 00 00 00 00 00 7C 44 00 00 00 00 00 00 00 00 00 00 A8 44 00 00 00 00 00 00 44 45
00 00 00 00 00 00 00 00 00 00 B4 44 00 00 00 00 00 00 28 44 00 00 00 00 00 00 00 00 00 00 30 45
00 00 00 00 00 00 A8 45 00 00 00 00 00 00 00 00 00 00 F5 44 00 00 00 00 00 00 8C 44 00 00 00 00
00 00 00 00 00 00 AA 45 00 00 00 00 00 00 DD 45 00 00 00 00 00 00 00 00 00 00 22 45 00 00 00 00
00 00 A2 44 00 00 00 00 00 00 00 00 00 00 A2 45 00 00 00 00 00 80 14 46 00 00 00 00 00 00 00 00
00 80 14 45 00 00 00 00 00 00 04 45 00 00 00 00 00 00 00 00 00 00 58 45 00 00 00 00 00 00 F0 45
00 00 00 00 00 00 00 00 00 00 F5 44 00 00 00 00 00 00 93 44 00 00 00 00 00 00 36 44 00 00 00 00
00 00 E0 43 00 00 B6 45 00 00 00 00 00 00 00 00 00 00 00 44 00 00 00 00 00 00 E0 43 00 00 00 00
00 00 36 44 00 00 00 00 00 00 D0 43 00 00 A9 45 00 00 00 00 00 00 00 00 00 00 70 44 00 00 00 00
00 00 34 44 00 00 00 00 00 00 04 44 00 00 00 00 00 00 02 44 00 40 D3 45 00 00 00 00 00 00 00 00
00 00 E0 44 00 00 00 00 00 00 AF 44 00 00 00 00 00 00 F0 43 00 00 00 00 00 00 0C 44 00 00 D2 45
00 00 00 00 00 00 00 00 00 00 0C 45 00 00 00 00 00 00 C8 44 00 00 00 00 00 00 00 00 00 00 00 00
00 00 00 00 00 00 9C 45 00 00 00 00 00 00 00 00 00 00 0C 45 00 00 00 00 00 00 C8 44 00 00 00 00
00 00 DC 43 00 00 00 00 00 00 02 44 00 00 C3 45 00 00 00 00 00 00 00 00 00 00 0C 45 00 00 00 00
00 00 A0 44 00 00 00 00 00 00 B0 43 00 00 00 00 00 00 02 44 00 00 C3 45 00 00 00 00 00 00 00 00
00 00 E0 44 00 00 00 00 00 00 8C 44 00 00 00 00 00 00 A0 43 00 00 00 00 00 00 1C 44 00 00 EA 45
00 00 00 00 00 00 00 00 00 00 E0 44 00 00 00 00 00 00 AF 44 00 00 00 00 00 00 DC 43 00 00 00 00
00 00 44 44 00 00 13 46 00 00 00 00 00 00 00 00 00 00 E0 44 00 00 00 00 00 00 AF 44 00 00 00 00
00 00 00 00 00 00 00 00 00 00 00 00 00 00 E7 45 00 00 00 00 00 00 00 00 00 00 C4 44 00 00 00 00
00 00 AF 44 00 00 00 00 00 00 F0 43 00 00 00 00 00 00 28 44 00 00 E7 45 00 00 00 00 00 00 00 00
00 00 B4 44 00 00 00 00 00 00 40 44 00 00 00 00 00 00 00 00 00 00 00 00 00 00 00 00 00 80 E3 45
00 00 00 00 00 00 00 00 00 00 8C 44 00 00 00 00 00 00 8C 44 00 00 00 00 00 00 A0 43 00 00 00 00
00 00 1C 44 00 80 D6 45 00 00 00 00 00 00 00 00 00 00 00 45 00 00 00 00 00 00 A0 44 00 00 00 00
00 00 30 44 00 00 00 00 00 00 B6 44 00 80 E3 45 00 00 00 00 00 00 00 00 00 00 00 45 00 00 00 00
00 00 A0 44 00 00 00 00 00 00 84 44 00 00 00 00 00 00 FC 44 00 00 D2 45 00 00 00 00 00 00 00 00
00 00 A8 44 00 00 00 00 00 00 8C 44 00 00 00 00 00 00 30 44 00 00 00 00 00 00 B6 44 00 80 E3 45
00 00 00 00 00 00 00 00 00 00 A8 44 00 00 00 00 00 00 7C 44 00 00 00 00 00 00 46 44 00 00 00 00
00 00 FC 44 00 00 D2 45 00 00 00 00 00 00 00 00 00 00 A8 44 00 00 00 00 00 00 7C 44 00 00 00 00
00 00 04 44 00 00 00 00 00 00 B6 44 00 40 FA 45 00 00 00 00 00 00 00 00 00 00 BD 44 00 00 00 00
00 00 7C 44 00 00 00 00 00 00 04 44 00 00 00 00 00 00 9C 44 00 80 D6 45 00 00 00 00 00 00 00 00
00 00 A8 44 00 00 00 00 00 00 7C 44 00 00 00 00 00 00 46 44 00 00 00 00 00 00 FC 44 00 00 D2 45
00 00 00 00 00 00 00 00 00 00 A8 44 00 00 00 00 00 00 52 44 00 00 00 00 00 00 34 44 00 00 00 00
00 00 1C 45 00 00 0F 46 00 00 00 00 00 00 00 00 00 00 8C 44 00 00 00 00 00 00 7C 44 00 00 00 00
00 00 46 44 00 00 00 00 00 00 1C 45 00 00 02 46 00 00 00 00 00 00 00 00 00 00 A8 44 00 00 00 00
00 00 7C 44 00 00 00 00 00 00 46 44 00 00 00 00 00 00 10 45 00 00 F0 45 00 00 00 00 00 00 00 00
00 00 BD 44 00 00 00 00 00 00 7C 44 00 00 00 00 00 00 46 44 00 00 00 00 00 00 10 45 00 00 D8 45
00 00 00 00 00 00 00 00 00 00 7C 44 00 00 00 00 00 00 7C 44 00 00 00 00 00 00 90 44 00 00 00 00
00 00 28 45 00 00 E7 45 00 00 00 00 00 00 00 00 00 00 48 44 00 00 00 00 00 00 16 44 00 00 00 00
00 00 B4 44 00 00 00 00 00 00 FC 44 00 00 E7 45 00 00 00 00 00 00 00 00 00 00 FC 44 00 00 00 00
00 00 52 44 00 00 00 00 00 00 70 43 00 00 00 00 00 00 50 44 00 00 02 46 00 00 00 00 00 00 00 00
00 80 4A 45 00 00 00 00 00 00 FC 43 00 00 00 00 00 00 10 43 00 00 00 00 00 00 EA 44 00 00 EA 45
00 00 00 00 00 00 00 00 00 00 FC 44 00 00 00 00 00 00 00 00 00 00 00 00 00 00 00 00 00 00 00 00
00 80 2F 45 00 A0 03 46 00 00 00 00 00 00 00 00 00 00 F0 43 00 00 00 00 00 00 34 44 00 00 00 00
00 00 84 44 00 00 00 00 00 00 30 45 00 00 C6 45 00 00 00 00 00 00 00 00 00 00 B4 43 00 00 00 00
00 00 16 44 00 00 00 00 00 00 B4 44 00 00 00 00 00 80 77 45 00 00 C6 45 00 00 00 00 00 00 00 00
00 00 58 44 00 00 00 00 00 00 34 44 00 00 00 00 00 00 84 44 00 00 00 00 00 00 46 45 00 C0 DE 45
00 00 00 00 00 00 00 00 00 00 1A 44 00 00 00 00 00 00 28 44 00 00 00 00 00 00 5C 44 00 00 00 00
00 00 A5 45 00 00 C6 45 00 00 00 00 00 00 00 00 00 00 30 45 00 00 00 00 00 00 00 00 00 00 48 44
00 00 00 00 00 00 00 00 00 00 90 44 00 00 40 45 00 00 00 00 00 00 D8 46 00 00 BD 46 00 80 B2 46
00 F0 39 47 00 DC CD 47 00 C0 C1 47 00 00 00 00 00 00 E0 44 00 00 EE 44 00 00 00 00 00 00 00 00
00 60 90 46 00 00 00 00 00 00 00 00 00 00 00 00 00 00 00 00 00 00 00 00 00 00 00 00 00 00 00 00
00 00 00 00 00 00 00 00 00 00 00 00 00 00 00 00 00 00 00 00 00 00 2F 46 00 00 00 00 00 00 00 00
00 00 00 00 00 00 00 00 00 00 00 00 00 00 AB 46 00 00 98 45 00 00 80 44 00 00 90 44 00 00 90 45
00 00 10 46 00 00 00 00 00 00 A0 45 00 00 DC 45 00 00 00 00 00 00 0F 45 00 00 00 00 00 00 80 42
00 00 20 43 00 00 00 00 00 00 43 45 00 00 00 00 00 80 B5 45 00 C0 D3 45 00 00 00 00 00 00 00 00
00 00 C8 43 00 00 00 00 00 00 F0 43 00 00 00 00 00 00 A5 44 00 00 00 00 00 40 97 45 00 00 F2 45
00 00 00 00 00 00 00 00 00 00 9A 44 00 00 00 00 00 00 0C 44 00 00 00 00 00 00 84 44 00 00 00 00
00 80 B5 45 00 00 F2 45 00 00 00 00 00 00 00 00 00 00 D2 44 00 00 00 00 00 00 A8 43 00 00 00 00
00 00 04 44 00 00 00 00 00 00 87 45 00 00 B4 45 00 00 00 00 00 00 00 00 00 00 8C 44 00 00 00 00
00 00 A8 43 00 00 00 00 00 00 C8 43 00 00 00 00 00 00 61 45 00 00 B4 45 00 00 00 00 00 00 00 00
00 00 0C 44 00 00 00 00 00 00 C4 43 00 00 00 00 00 00 C8 43 00 00 00 00 00 00 61 45 00 80 CA 45
00 00 00 00 00 00 00 00 00 00 9A 44 00 00 00 00 00 00 A8 43 00 00 00 00 00 00 A0 43 00 00 00 00
00 00 70 45 00 00 07 46 00 00 00 00 00 00 00 00 00 00 04 44 00 00 00 00 00 00 F0 43 00 00 00 00
00 00 5C 44 00 00 00 00 00 80 77 45 00 80 F7 45 00 00 00 00 00 00 00 00 00 00 A8 44 00 00 00 00
00 00 28 44 00 00 00 00 00 00 A5 44 00 00 00 00 00 00 96 45 00 00 07 46 00 00 00 00 00 00 00 00
00 00 9A 44 00 00 00 00 00 00 00 00 00 00 00 00 00 00 00 00 00 00 00 00 00 00 9C 45 00 00 1C 46
00 00 00 00 00 00 00 00 00 00 87 45 00 00 00 00 00 00 00 00 00 00 E0 43 00 00 00 00 00 00 00 00
00 00 6A 45 00 00 C3 45 00 00 00 00 00 00 00 00 00 00 07 45 00 00 00 00 00 00 00 00 00 00 D2 44
00 00 00 00 00 00 00 00 00 00 6A 45 00 00 C3 45 00 00 00 00 00 00 00 00 00 00 00 00 00 00 00 00
00 00 F0 43 00 00 00 00 00 00 C0 44 00 00 00 00 00 00 C6 45 00 80 94 45 00 00 00 00 00 00 90 44
00 00 00 00 00 00 80 43 00 00 C0 43 00 00 00 00 00 00 10 45 00 00 00 00 00 00 B0 45 00 00 84 45
00 00 00 00 00 00 10 44 00 00 00 00 00 00 70 43 00 00 F0 43 00 00 00 00 00 00 9A 44 00 00 00 00
00 00 9A 45 00 00 84 45 00 00 00 00 00 00 1C 44 00 00 00 00 00 00 C4 43 00 00 00 00 00 00 00 00
00 00 00 00 00 00 00 00 00 00 B0 45 00 00 84 45 00 00 00 00 00 00 00 00 00 00 00 00 00 00 00 00
00 00 00 00 00 00 FC 43 00 00 00 00 00 00 00 00 00 00 9A 45 00 80 40 45 00 00 00 00 00 00 00 00
00 00 00 00 00 00 00 00 00 00 00 00 00 00 FC 43 00 00 00 00 00 00 00 00 00 40 AD 45 00 80 94 45
00 00 00 00 00 00 10 44 00 00 00 00 00 00 90 43 00 00 00 00 00 00 D8 43 00 00 00 00 00 00 00 00
00 00 9A 45 00 00 5C 45 00 00 00 00 00 00 F0 43 00 00 00 00 00 00 90 43 00 00 00 00 00 00 D8 43
00 00 00 00 00 00 00 00 00 C0 CC 45 00 00 6A 45 00 00 00 00 00 00 00 00 00 00 00 00 00 00 00 00
00 00 00 00 00 00 00 00 00 00 00 00 00 00 00 00 00 00 A8 45 00 00 70 45 00 00 00 00 00 00 F0 43
00 00 00 00 00 00 90 43 00 00 00 00 00 00 00 00 00 00 00 00 00 00 00 00 00 00 90 45 00 00 40 45
00 00 00 00 00 00 C0 43 00 00 00 00 00 00 90 43 00 00 00 00 00 00 D8 43 00 00 00 00 00 00 00 00
00 00 D0 45 00 00 50 45 00 00 00 00 00 00 C0 43 00 00 00 00 00 00 C4 43 00 00 00 00 00 00 00 00
00 00 00 00 00 00 00 00 00 00 93 45 00 00 28 45 00 00 00 00 00 00 C0 43 00 00 00 00 00 00 C4 43
00 00 00 00 00 00 00 00 00 00 00 00 00 00 00 00 00 00 D0 45 00 00 50 45 00 00 00 00 00 00 C0 43
00 00 00 00 00 00 C4 43 00 00 00 00 00 00 FC 43 00 00 00 00 00 00 00 00 00 00 A8 45 00 00 FC 44
00 00 00 00 00 00 10 44 00 00 00 00 00 00 28 44 00 00 00 00 00 00 7C 44 00 00 00 00 00 00 00 00
00 00 A8 45 00 00 28 45 00 00 00 00 00 00 C0 43 00 00 00 00 00 00 C4 43 00 00 00 00 00 00 E0 43
00 00 00 00 00 00 00 00 00 00 9C 45 00 00 EA 44 00 00 00 00 00 00 1C 44 00 00 00 00 00 00 44 44
00 00 00 00 00 00 00 00 00 00 00 00 00 00 00 00 00 00 93 45 00 00 FC 44 00 00 00 00 00 00 6A 44
00 00 00 00 00 00 7C 44 00 00 00 00 00 00 7C 44 00 00 00 00 00 00 00 00 00 80 DC 45 00 00 13 45
00 00 00 00 00 00 90 43 00 00 00 00 00 00 C4 43 00 00 00 00 00 00 FC 43 00 00 00 00 00 00 00 00
00 80 AF 45 00 00 9C 44 00 00 00 00 00 00 C0 43 00 00 00 00 00 00 00 00 00 00 00 00 00 00 20 45
00 00 70 44 00 00 00 00 00 00 A2 44 00 00 00 00 00 00 00 00 00 00 E7 44 00 00 B0 42 00 00 72 44
00 00 00 00 00 00 00 00 00 00 16 45 00 00 00 00 00 00 A0 45 00 00 00 00 00 00 00 00 00 00 00 00
00 00 00 00 00 80 88 45 00 00 00 00 00 00 00 00 00 00 58 45 00 00 00 00 00 00 07 46 00 00 00 00
00 00 00 00 00 00 00 00 00 00 00 00 00 00 34 45 00 00 00 00 00 00 00 00 00 00 30 45 00 00 00 00
00 00 00 00 00 00 46 45 00 00 10 44 00 00 00 00 00 00 50 43 00 00 00 00 00 00 FC 43 00 00 00 00
00 00 28 44 00 00 00 00 00 00 00 00 00 40 BF 45 00 00 00 00 00 00 00 00 00 00 00 00 00 00 00 00
00 00 90 44 00 00 00 00 00 00 10 44 00 00 00 00 00 00 00 00 00 00 C6 45 00 00 00 00 00 00 00 00
00 00 00 00 00 00 00 00 00 00 C0 43 00 00 00 00 00 00 00 00 00 00 00 00 00 00 00 00 00 80 E5 45
00 00 00 00 00 00 00 00 00 00 00 00 00 00 00 00 00 00 A8 43 00 00 00 00 00 00 00 00 00 00 00 00
00 00 00 00 00 80 9D 45 00 00 00 00 00 00 00 00 00 00 00 00 00 00 00 00 00 00 7A 44 00 00 00 00
00 00 8C 43 00 00 00 00 00 00 00 00 00 C0 A8 45 00 00 00 00 00 00 00 00 00 00 00 00 00 00 00 00
00 00 C4 44 00 00 00 00 00 00 FC 43 00 00 00 00 00 00 00 00 00 00 67 45 00 00 00 00 00 00 0C 45
00 00 00 00 00 00 00 00 00 00 00 00 00 00 00 00 00 00 58 45 00 00 00 00 00 00 00 00 00 00 70 44
00 00 F0 43 00 00 00 00 00 00 43 46 00 40 92 46 00 C0 4C 46 00 60 A5 46 00 68 8E 47 00 52 09 48
00 40 D1 46 00 00 00 00 00 00 00 00 00 00 00 00 00 00 00 00 00 20 5F 46 00 00 00 00 00 00 00 00
00 00 00 00 00 00 00 00 00 00 00 00 00 00 00 00 00 00 00 00 00 00 00 00 00 00 00 00 00 00 00 00
00 00 00 00 00 00 00 00 00 00 34 45 00 00 00 00 00 00 A0 42 00 00 00 00 00 00 00 00 00 00 00 00
00 10 C2 46 00 A0 57 46 00 00 16 45 00 00 70 44 00 00 1C 45 00 80 08 46 00 00 00 00 00 00 A8 44
00 00 C0 42 00 00 00 00 00 00 52 44 00 00 00 00 00 00 60 43 00 00 00 42 00 00 00 00 00 00 46 44
00 00 00 00 00 00 67 45 00 00 00 00 00 00 B6 44 00 00 00 00 00 00 00 00 00 00 96 44 00 00 00 00
00 00 40 44 00 00 00 00 00 00 00 00 00 80 77 45 00 00 00 00 00 00 43 45 00 00 00 00 00 00 00 00
00 00 D2 44 00 00 00 00 00 00 44 44 00 00 00 00 00 00 00 00 00 00 02 45 00 00 00 00 00 00 9C 44
00 00 00 00 00 00 00 00 00 00 A8 44 00 00 00 00 00 00 93 44 00 00 00 00 00 00 00 00 00 00 8C 45
00 00 00 00 00 00 00 00 00 00 00 00 00 00 00 00 00 00 C4 44 00 00 00 00 00 00 93 44 00 00 00 00
00 00 00 00 00 00 43 45 00 00 00 00 00 00 B6 44 00 00 00 00 00 00 00 00 00 00 0C 45 00 00 00 00
00 00 A8 44 00 00 00 00 00 00 00 00 00 00 52 45 00 00 00 00 00 00 C4 44 00 00 00 00 00 00 00 00
00 00 F5 44 00 00 00 00 00 00 7C 44 00 00 00 00 00 00 00 00 00 00 61 45 00 00 00 00 00 00 D2 44
00 00 00 00 00 00 00 00 00 00 90 44 00 00 00 00 00 00 40 44 00 00 00 00 00 00 00 00 00 80 77 45
00 00 00 00 00 00 00 00 00 00 00 00 00 00 00 00 00 00 70 44 00 00 00 00 00 00 8C 43 00 00 00 00
00 00 00 00 00 00 61 45 00 00 00 00 00 00 00 00 00 00 00 00 00 00 00 00 00 00 C4 44 00 00 00 00
00 00 7C 44 00 00 00 00 00 00 00 00 00 00 B4 45 00 00 00 00 00 00 50 45 00 00 00 00 00 00 00 00
00 00 B4 44 00 00 00 00 00 00 E1 44 00 00 00 00 00 00 00 00 00 80 CA 45 00 00 00 00 00 00 07 46
00 00 00 00 00 00 00 00 00 00 25 45 00 00 00 00 00 00 E7 44 00 00 00 00 00 00 00 00 00 00 80 45
00 00 00 00 00 00 DC 45 00 00 00 00 00 00 00 00 00 00 96 44 00 00 00 00 00 00 7C 44 00 00 00 00
00 00 00 00 00 00 A8 44 00 00 00 00 00 80 88 45 00 00 00 00 00 00 00 00 00 00 00 44 00 00 00 00
00 00 80 43 00 00 00 00 00 00 00 00 00 00 00 00 00 00 00 00 00 80 88 45 00 00 00 00 00 00 00 00
00 00 C0 44 00 00 00 00 00 00 7C 44 00 00 00 00 00 00 00 00 00 00 A8 44 00 00 00 00 00 80 88 45
00 00 00 00 00 00 00 00 00 00 C4 44 00 00 00 00 00 00 A8 44 00 00 00 00 00 00 00 00 00 00 00 00
00 00 00 00 00 00 A9 45 00 00 00 00 00 00 00 00 00 00 13 45 00 00 00 00 00 00 8C 44 00 00 00 00
00 00 00 00 00 00 00 00 00 00 00 00 00 00 B6 45 00 00 00 00 00 00 00 00 00 00 FC 44 00 00 00 00
00 00 60 44 00 00 00 00 00 00 00 00 00 00 00 00 00 00 00 00 00 00 8F 45 00 00 00 00 00 00 00 00
00 00 D2 44 00 00 00 00 00 00 8C 44 00 00 00 00 00 00 00 00 00 00 00 00 00 00 00 00 00 00 C4 45
00 00 00 00 00 00 00 00 00 00 20 45 00 00 00 00 00 00 C8 44 00 00 00 00 00 00 00 00 00 00 9A 44
00 00 00 00 00 00 A8 45 00 00 00 00 00 00 00 00 00 00 B4 44 00 00 00 00 00 00 70 44 00 00 00 00
00 00 00 00 00 00 00 00 00 00 00 00 00 00 D2 45 00 00 00 00 00 00 00 00 00 00 F5 44 00 00 00 00
00 00 60 44 00 00 00 00 00 00 00 00 00 00 96 44 00 00 00 00 00 00 C3 45 00 00 00 00 00 00 00 00
00 00 E0 44 00 00 00 00 00 00 8C 44 00 00 00 00 00 00 00 00 00 00 00 00 00 00 00 00 00 00 E7 45
00 00 00 00 00 00 00 00 00 00 00 45 00 00 00 00 00 00 C8 44 00 00 00 00 00 00 F0 43 00 00 00 00
00 00 02 44 00 C0 B2 45 00 00 00 00 00 00 00 00 00 00 F5 44 00 00 00 00 00 00 8C 44 00 00 00 00
00 00 00 00 00 00 00 00 00 00 00 00 00 C0 B2 45 00 00 00 00 00 00 00 00 00 00 C4 44 00 00 00 00
00 00 AF 44 00 00 00 00 00 00 00 00 00 00 00 00 00 00 00 00 00 00 D2 45 00 00 00 00 00 00 00 00
00 00 C4 44 00 00 00 00 00 00 8C 44 00 00 00 00 00 00 A0 43 00 00 00 00 00 00 1C 44 00 80 D6 45
00 00 00 00 00 00 00 00 00 00 C4 44 00 00 00 00 00 00 8C 44 00 00 00 00 00 00 B0 43 00 00 00 00
00 00 02 44 00 C0 B2 45 00 00 00 00 00 00 00 00 00 00 E0 44 00 00 00 00 00 00 60 44 00 00 00 00
00 00 B0 43 00 00 00 00 00 00 28 44 00 00 E7 45 00 00 00 00 00 00 00 00 00 00 E0 44 00 00 00 00
00 00 52 44 00 00 00 00 00 00 04 44 00 00 00 00 00 00 9C 44 00 00 EA 45 00 00 00 00 00 00 00 00
00 00 FC 44 00 00 00 00 00 00 8C 44 00 00 00 00 00 00 00 00 00 00 00 00 00 00 00 00 00 00 D2 45
00 00 00 00 00 00 00 00 00 00 E0 44 00 00 00 00 00 00 A0 44 00 00 00 00 00 00 30 44 00 00 00 00
00 00 70 44 00 00 A5 45 00 00 00 00 00 00 00 00 00 00 E0 44 00 00 00 00 00 00 60 44 00 00 00 00
00 00 30 44 00 00 00 00 00 00 B6 44 00 80 E3 45 00 00 00 00 00 00 00 00 00 00 E0 44 00 00 00 00
00 00 60 44 00 00 00 00 00 00 A0 43 00 00 00 00 00 00 36 44 00 40 FA 45 00 00 00 00 00 00 00 00
00 00 A2 44 00 00 00 00 00 00 34 44 00 00 00 00 00 00 70 43 00 00 00 00 00 00 36 44 00 40 FA 45
00 00 00 00 00 00 00 00 00 00 BD 44 00 00 00 00 00 00 8C 44 00 00 00 00 00 00 30 44 00 00 00 00
00 00 B6 44 00 40 FA 45 00 00 00 00 00 00 00 00 00 00 FC 44 00 00 00 00 00 00 52 44 00 00 00 00
00 00 46 44 00 00 00 00 00 00 FC 44 00 00 D2 45 00 00 00 00 00 00 00 00 00 00 58 44 00 00 00 00
00 00 58 44 00 00 00 00 00 00 1C 45 00 00 00 00 00 00 28 45 00 00 E7 45 00 00 00 00 00 00 00 00
00 00 0C 45 00 00 00 00 00 00 52 44 00 00 00 00 00 00 04 44 00 00 00 00 00 00 B6 44 00 40 FA 45
00 00 00 00 00 00 00 00 00 00 58 45 00 00 00 00 00 00 58 44 00 00 00 00 00 00 00 00 00 00 00 00
00 00 00 00 00 00 F5 45 00 00 00 00 00 00 00 00 00 00 0C 45 00 00 00 00 00 00 00 00 00 00 00 00
00 00 00 00 00 00 00 00 00 00 7C 44 00 80 1D 46 00 00 00 00 00 00 00 00 00 00 70 44 00 00 00 00
00 00 34 44 00 00 00 00 00 00 90 44 00 00 00 00 00 00 50 45 00 00 02 46 00 00 00 00 00 00 00 00
00 00 70 44 00 00 00 00 00 00 F0 43 00 00 00 00 00 00 90 44 00 00 00 00 00 00 40 45 00 00 F0 45
00 00 00 00 00 00 00 00 00 00 70 44 00 00 00 00 00 00 34 44 00 00 00 00 00 00 90 44 00 00 00 00
00 00 40 45 00 00 F0 45 00 00 00 00 00 00 00 00 00 00 8C 44 00 00 00 00 00 00 7C 44 00 00 00 00
00 00 46 44 00 00 00 00 00 00 22 45 00 00 BD 45 00 00 00 00 00 00 00 00 00 00 2F 45 00 00 00 00
00 00 00 00 00 00 48 44 00 00 00 00 00 00 00 00 00 00 A0 44 00 00 96 45 00 00 00 00 00 00 96 46
00 00 82 46 00 20 8A 46 00 C0 25 47 00 40 BF 47 00 00 B4 47 00 00 00 00 00 00 00 00 00 00 00 00
00 00 20 45 00 00 00 00 00 00 4C 46 00 00 00 00 00 00 00 00 00 00 00 00 00 00 00 00 00 00 00 00
00 00 00 00 00 00 00 00 00 00 00 00 00 00 00 00 00 00 00 00 00 00 00 00 00 00 00 00 00 80 14 46
00 00 00 00 00 00 00 00 00 00 70 43 00 00 58 44 00 00 00 00 00 80 CA 46 00 00 E1 45 00 00 B4 44
00 00 C8 44 00 00 AA 45 00 00 2A 46 00 00 00 00 00 00 7C 45 00 80 9D 45 00 00 00 00 00 00 F0 44
00 00 00 00 00 00 C0 42 00 00 90 43 00 00 00 00 00 00 6A 45 00 00 00 00 00 00 A5 45 00 00 DC 45
00 00 00 00 00 00 00 00 00 00 58 44 00 00 00 00 00 00 34 44 00 00 00 00 00 00 B4 44 00 00 00 00
00 80 77 45 00 C0 DE 45 00 00 00 00 00 00 00 00 00 00 70 44 00 00 00 00 00 00 F0 43 00 00 00 00
00 00 5C 44 00 00 00 00 00 80 77 45 00 00 C6 45 00 00 00 00 00 00 00 00 00 00 7C 44 00 00 00 00
00 00 28 44 00 00 00 00 00 00 5C 44 00 00 00 00 00 00 48 45 00 00 B4 45 00 00 00 00 00 00 00 00
00 00 70 44 00 00 00 00 00 00 90 43 00 00 00 00 00 00 A0 43 00 00 00 00 00 00 46 45 00 00 C6 45
00 00 00 00 00 00 00 00 00 00 D8 44 00 00 00 00 00 00 40 44 00 00 00 00 00 00 20 44 00 00 00 00
00 00 46 45 00 C0 DE 45 00 00 00 00 00 00 00 00 00 00 70 44 00 00 00 00 00 00 70 43 00 00 00 00
00 00 90 43 00 00 00 00 00 00 46 45 00 C0 DE 45 00 00 00 00 00 00 00 00 00 00 04 44 00 00 00 00
00 00 F0 43 00 00 00 00 00 00 5C 44 00 00 00 00 00 80 77 45 00 80 F7 45 00 00 00 00 00 00 00 00
00 00 5C 44 00 00 00 00 00 00 A0 43 00 00 00 00 00 00 5C 44 00 00 00 00 00 80 77 45 00 80 F7 45
00 00 00 00 00 00 00 00 00 00 48 45 00 00 00 00 00 00 A0 43 00 00 00 00 00 00 90 43 00 00 00 00
00 00 8F 45 00 E0 20 46 00 00 00 00 00 00 00 00 00 00 58 45 00 00 00 00 00 00 00 00 00 00 E0 43
00 00 00 00 00 00 00 00 00 80 88 45 00 80 08 46 00 00 00 00 00 00 00 00 00 00 34 45 00 00 00 00
00 00 00 00 00 00 A2 44 00 00 00 00 00 00 00 00 00 00 58 45 00 00 D8 45 00 00 00 00 00 00 00 00
00 00 F0 43 00 00 00 00 00 00 70 43 00 00 00 00 00 00 0C 44 00 00 00 00 00 00 8C 45 00 00 8C 45
00 00 00 00 00 00 B6 44 00 00 00 00 00 00 40 43 00 00 90 43 00 00 00 00 00 00 10 45 00 00 00 00
00 00 C6 45 00 40 AD 45 00 00 00 00 00 00 28 44 00 00 00 00 00 00 48 43 00 00 C8 43 00 00 00 00
00 00 9A 44 00 00 00 00 00 40 AD 45 00 40 AD 45 00 00 00 00 00 00 00 00 00 00 40 44 00 00 00 00
00 00 40 44 00 00 00 00 00 00 70 44 00 00 00 00 00 80 94 45 00 80 94 45 00 00 00 00 00 00 00 00
00 00 00 00 00 00 00 00 00 00 00 00 00 00 00 00 00 00 00 00 00 00 00 00 00 00 8C 45 00 00 8C 45
00 00 00 00 00 00 00 00 00 00 00 00 00 00 00 00 00 00 00 00 00 00 00 00 00 00 00 00 00 00 00 00
00 00 84 45 00 00 5C 45 00 00 00 00 00 00 00 00 00 00 00 00 00 00 00 00 00 00 00 00 00 00 00 00
00 00 00 00 00 00 00 00 00 00 9A 45 00 00 5C 45 00 00 00 00 00 00 00 00 00 00 00 00 00 00 00 00
00 00 00 00 00 00 00 00 00 00 00 00 00 00 00 00 00 80 77 45 00 80 77 45 00 00 00 00 00 00 F0 43
00 00 00 00 00 00 A8 43 00 00 00 00 00 00 00 00 00 00 00 00 00 00 00 00 00 00 BD 45 00 00 87 45
00 00 00 00 00 00 00 00 00 00 00 00 00 00 00 00 00 00 A8 43 00 00 00 00 00 00 D8 43 00 00 00 00
00 00 A2 45 00 00 A2 45 00 00 00 00 00 00 1C 44 00 00 00 00 00 00 90 43 00 00 00 00 00 00 00 00
00 00 00 00 00 00 00 00 00 00 BD 45 00 00 58 45 00 00 00 00 00 00 B0 43 00 00 00 00 00 00 C4 43
00 00 00 00 00 00 00 00 00 00 00 00 00 00 00 00 00 00 9A 45 00 00 5C 45 00 00 00 00 00 00 00 00
00 00 00 00 00 00 00 00 00 00 00 00 00 00 D8 43 00 00 00 00 00 00 00 00 00 00 A8 45 00 00 40 45
00 00 00 00 00 00 00 00 00 00 00 00 00 00 00 00 00 00 00 00 00 00 00 00 00 00 00 00 00 00 00 00
00 00 A8 45 00 00 70 45 00 00 00 00 00 00 F0 43 00 00 00 00 00 00 90 43 00 00 00 00 00 00 D8 43
00 00 00 00 00 00 00 00 00 00 D0 45 00 00 50 45 00 00 00 00 00 00 C0 43 00 00 00 00 00 00 A8 43
00 00 00 00 00 00 00 00 00 00 00 00 00 00 00 00 00 00 93 45 00 00 28 45 00 00 00 00 00 00 50 44
00 00 00 00 00 00 44 44 00 00 00 00 00 00 FC 43 00 00 00 00 00 00 00 00 00 00 D0 45 00 00 50 45
00 00 00 00 00 00 C0 43 00 00 00 00 00 00 C4 43 00 00 00 00 00 00 00 00 00 00 00 00 00 00 00 00
00 00 90 45 00 00 D8 44 00 00 00 00 00 00 84 43 00 00 00 00 00 00 90 43 00 00 00 00 00 00 C0 43
00 00 00 00 00 00 00 00 00 00 93 45 00 00 FC 44 00 00 00 00 00 00 84 43 00 00 00 00 00 00 A8 43
00 00 00 00 00 00 00 00 00 00 00 00 00 00 00 00 00 00 93 45 00 00 28 45 00 00 00 00 00 00 50 44
00 00 00 00 00 00 10 44 00 00 00 00 00 00 C0 43 00 00 00 00 00 00 00 00 00 00 7C 45 00 00 D8 44
00 00 00 00 00 00 7C 44 00 00 00 00 00 00 93 44 00 00 00 00 00 00 E0 43 00 00 00 00 00 00 00 00
00 00 C4 45 00 00 C4 44 00 00 00 00 00 00 C0 43 00 00 00 00 00 00 44 44 00 00 00 00 00 00 FC 43
00 00 00 00 00 00 00 00 00 80 AF 45 00 00 EA 44 00 00 00 00 00 00 1C 44 00 00 00 00 00 00 44 44
00 00 00 00 00 00 E0 43 00 00 00 00 00 00 00 00 00 00 9C 45 00 00 EA 44 00 00 00 00 00 00 1C 44
00 00 00 00 00 00 44 44 00 00 00 00 00 00 FC 43 00 00 00 00 00 00 00 00 00 80 AF 45 00 00 9C 44
00 00 00 00 00 00 C0 43 00 00 00 00 00 00 C0 43 00 00 C0 43 00 00 00 00 00 00 B4 44 00 00 00 00
00 00 A2 45 00 00 10 45 00 00 00 00 00 00 A8 44 00 00 00 00 00 00 58 44 00 00 00 00 00 00 40 44
00 00 00 00 00 00 00 00 00 80 DC 45 00 00 13 45 00 00 00 00 00 00 9C 43 00 00 00 00 00 00 10 44
00 00 00 00 00 00 90 44 00 00 00 00 00 00 00 00 00 00 D2 45 00 00 70 44 00 00 00 00 00 00 C0 42
00 00 00 00 00 00 22 44 00 00 00 00 00 00 D8 44 00 00 00 00 00 00 00 00 00 00 D2 45 00 00 52 44
00 00 00 00 00 00 40 43 00 00 00 00 00 00 10 44 00 00 00 00 00 00 D8 43 00 00 00 00 00 00 00 00
00 00 82 45 00 00 D0 43 00 00 00 00 00 00 9C 43 00 00 00 00 00 00 34 44 00 00 00 00 00 00 A0 43
00 00 00 00 00 00 00 00 00 00 82 45 00 00 D0 43 00 00 00 00 00 00 9C 43 00 00 00 00 00 00 58 44
00 00 00 00 00 00 C0 43 00 00 00 00 00 00 00 00 00 40 92 45 00 00 82 44 00 00 00 00 00 00 50 44
00 00 00 00 00 00 A8 44 00 00 00 00 00 00 E0 43 00 00 00 00 00 00 00 00 00 00 A8 45 00 00 00 00
00 00 00 00 00 00 00 00 00 00 00 00 00 00 B4 44 00 00 00 00 00 00 F0 44 00 00 00 00 00 00 00 00
00 00 F0 44 00 00 96 44 00 00 00 00 00 00 07 46 00 00 73 46 00 00 3D 46 00 80 9D 46 00 C0 7D 47
00 A0 EB 47 00 80 BC 46 00 00 00 00 00 00 00 00 00 00 00 00 00 00 00 00 00 00 D8 45 00 00 00 00
00 00 00 00 00 00 00 00 00 00 00 00 00 00 00 00 00 00 00 00 00 00 00 00 00 00 00 00 00 00 00 00
00 00 00 00 00 00 00 00 00 00 00 00 00 00 00 00 00 00 D8 44 00 00 C0 42 00 00 A8 43 00 00 E0 43
00 00 00 00 00 80 AC 46 00 A0 57 46 00 80 3B 45 00 00 C8 44 00 00 96 45 00 00 52 46 00 00 00 00
00 00 28 45 00 00 C0 43 00 00 00 00 00 00 00 45 00 00 00 00 00 00 80 43 00 00 80 42 00 00 00 00
00 00 F0 44 00 00 00 00 00 00 6A 45 00 00 00 00 00 00 00 00 00 00 00 00 00 00 00 00 00 00 90 44
00 00 00 00 00 00 D8 43 00 00 00 00 00 00 00 00 00 00 8C 45 00 00 00 00 00 00 1A 45 00 00 00 00
00 00 00 00 00 00 93 44 00 00 00 00 00 00 60 44 00 00 00 00 00 00 00 00 00 00 43 45 00 00 00 00
00 00 9C 44 00 00 00 00 00 00 00 00 00 00 7C 44 00 00 00 00 00 00 93 44 00 00 00 00 00 00 00 00
00 80 2F 45 00 00 00 00 00 00 00 00 00 00 00 00 00 00 00 00 00 00 C4 44 00 00 00 00 00 00 7C 44
00 00 00 00 00 00 00 00 00 00 43 45 00 00 9C 43 00 00 00 00 00 00 0C 44 00 00 00 00 00 00 96 44
00 00 00 00 00 00 58 44 00 00 00 00 00 00 00 00 00 00 7C 45 00 00 00 00 00 00 00 00 00 00 00 00
00 00 00 00 00 00 28 44 00 00 00 00 00 00 58 44 00 00 00 00 00 00 00 00 00 00 8C 45 00 00 E0 43
00 00 00 00 00 00 16 44 00 00 00 00 00 00 B4 44 00 00 00 00 00 00 40 44 00 00 00 00 00 00 00 00
00 00 9A 45 00 00 E0 43 00 00 00 00 00 00 E0 43 00 00 00 00 00 00 70 44 00 00 00 00 00 00 A0 43
00 00 00 00 00 00 00 00 00 00 8C 45 00 00 00 00 00 00 00 00 00 00 00 00 00 00 00 00 00 00 28 44
00 00 00 00 00 00 58 44 00 00 00 00 00 00 00 00 00 00 B4 45 00 00 00 00 00 00 C0 44 00 00 00 00
00 00 00 00 00 00 22 44 00 00 00 00 00 00 E1 44 00 00 00 00 00 00 00 00 00 80 E5 45 00 00 00 00
00 40 8C 45 00 00 00 00 00 00 00 00 00 00 48 44 00 00 00 00 00 00 D2 44 00 00 00 00 00 00 00 00
00 00 A0 45 00 00 00 00 00 00 90 45 00 00 00 00 00 00 00 00 00 00 90 44 00 00 00 00 00 00 28 44
00 00 00 00 00 00 00 00 00 00 9A 44 00 00 00 00 00 00 44 45 00 00 00 00 00 00 00 00 00 00 70 44
00 00 00 00 00 00 00 00 00 00 00 00 00 00 00 00 00 00 9C 44 00 00 00 00 00 00 1C 45 00 00 00 00
00 00 00 00 00 00 90 44 00 00 00 00 00 00 40 44 00 00 00 00 00 00 00 00 00 00 8F 44 00 00 00 00
00 00 29 45 00 00 00 00 00 00 00 00 00 00 90 44 00 00 00 00 00 00 70 44 00 00 00 00 00 00 00 00
00 00 8F 44 00 00 00 00 00 00 29 45 00 00 00 00 00 00 00 00 00 00 D2 44 00 00 00 00 00 00 AF 44
00 00 00 00 00 00 00 00 00 00 8F 44 00 00 00 00 00 80 56 45 00 00 00 00 00 00 00 00 00 00 F0 44
