3D EB E3 BA 5A FE E1 BA 03 53 DE BA 17 56 D6 BA 01 9C C5 BA ED 46 B8 BA 73 C6 B7 BA 88 13 00 00
00 00 00 00 00 00 00 00 00 00 00 00 49 66 74 28 00 00 00 00 13 99 BB 28 B3 64 4C 2A 34 84 17 2A
00 00 00 00 85 8D 49 28 00 00 00 00 00 00 00 00 00 00 00 00 C2 C7 D8 28 00 00 00 00 8E 5C 6F 29
BA BD 87 2A CD BB 35 2A 00 00 00 00 05 31 E7 27 00 00 00 00 00 00 00 00 00 00 00 00 3B 67 70 28
00 00 00 00 9A B6 BA 28 07 C3 25 2A 74 18 CA 29 00 00 00 00 09 6C 9E 28 00 00 00 00 00 00 00 00
00 00 00 00 D4 2D 79 28 00 00 00 00 55 F5 98 28 D8 48 35 2A 1D D9 E9 29 00 00 00 00 61 C1 5A 28
00 00 00 00 00 00 00 00 00 00 00 00 7E 6D D4 28 00 00 00 00 86 D1 82 29 8A 15 9E 2A 6D 40 4A 2A
00 00 00 00 DE 87 FF 27 00 00 00 00 00 00 00 00 00 00 00 00 B8 F4 A9 28 00 00 00 00 53 71 2B 29
4F 35 66 2A 70 31 10 2A 00 00 00 00 F2 C3 C7 28 00 00 00 00 00 00 00 00 00 00 00 00 A2 0F 6A 28
00 00 00 00 18 BE A0 28 80 CB 2B 2A B9 62 0A 2A 00 00 00 00 40 06 24 28 00 00 00 00 00 00 00 00
00 00 00 00 FB 91 9D 28 00 00 00 00 A2 E0 17 29 EE 85 5A 2A 5F BB 05 2A 00 00 00 00 49 E0 41 28
00 00 00 00 00 00 00 00 00 00 00 00 CF B0 A9 28 00 00 00 00 86 52 1B 29 CF A5 44 2A 7E 38 E3 29
00 00 00 00 5D 62 87 28 00 00 00 00 00 00 00 00 00 00 00 00 64 65 AE 28 00 00 00 00 0C 43 38 29
CD C6 4D 2A A0 10 0B 2A 00 00 00 00 4B EF 02 27 00 00 00 00 00 00 00 00 00 00 00 00 18 F3 91 28
00 00 00 00 FF A6 5E 29 6B 17 4B 2A 85 AA AE 29 00 00 00 00 7E 54 BA 28 00 00 00 00 00 00 00 00
00 00 00 00 59 DE C8 28 00 00 00 00 A8 F7 92 29 2B DC 84 2A 32 B4 0C 2A 00 00 00 00 7F 3C 8A 28
00 00 00 00 00 00 00 00 00 00 00 00 CF A7 8A 28 00 00 00 00 B3 6F FD 28 8A E9 12 2A B8 C8 67 29
00 00 00 00 58 CE D3 28 00 00 00 00 00 00 00 00 00 00 00 00 7D F1 B6 28 00 00 00 00 DE 58 35 29
9E A5 58 2A 35 C2 F8 29 00 00 00 00 B0 52 4B 28 00 00 00 00 00 00 00 00 00 00 00 00 B7 3A AB 28
00 00 00 00 73 7A A2 29 48 63 82 2A 6F F1 05 2A 00 00 00 00 0F E0 6B 28 00 00 00 00 00 00 00 00
00 00 00 00 6F 3A BA 28 00 00 00 00 94 2E A7 29 56 84 6B 2A 9B E2 CA 29 00 00 00 00 EE 72 A1 28
00 00 00 00 00 00 00 00 00 00 00 00 5F 14 86 28 00 00 00 00 74 1B D3 28 12 D2 0C 2A E2 F5 8E 29
00 00 00 00 24 B5 D1 28 00 00 00 00 00 00 00 00 00 00 00 00 30 F8 B6 28 00 00 00 00 17 83 26 29
00 26 40 2A EF 97 B9 29 00 00 00 00 33 B6 A5 28 00 00 00 00 00 00 00 00 00 00 00 00 18 3F D4 28
00 00 00 00 98 46 EB 29 F2 8D A8 2A 07 A1 40 2A 00 00 00 00 4B D2 B0 26 00 00 00 00 00 00 00 00
00 00 00 00 3F 88 D2 27 00 00 00 00 0B 0D 37 2A 9E 33 BE 2A 99 E4 42 2A 00 00 00 00 4E C6 26 28
00 00 00 00 00 00 00 00 00 00 00 00 BB EE 81 28 00 00 00 00 44 E7 31 29 53 92 24 2A AA 2F 46 29
00 00 00 00 CC BA FC 28 00 00 00 00 00 00 00 00 00 00 00 00 04 B6 83 27 00 00 00 00 7A B1 45 27
60 0D D9 29 5B EC B6 28 00 00 00 00 DF F9 A2 28 00 00 00 00 00 00 00 00 00 00 00 00 BD 2D A0 28
00 00 00 00 2D CD AB 28 CF FE F5 29 DF 01 06 29 00 00 00 00 BE 23 93 28 00 00 00 00 00 00 00 00
00 00 00 00 C6 6E C5 28 00 00 00 00 F6 77 0B 2A C5 17 A6 2A 74 4C 29 2A 00 00 00 00 16 12 1C 28
00 00 00 00 00 00 00 00 00 00 00 00 5F 66 8B 28 00 00 00 00 6C 37 05 2A 7A 12 9A 2A 5D 3B EE 29
00 00 00 00 90 9E BF 28 00 00 00 00 00 00 00 00 00 00 00 00 48 ED AD 28 00 00 00 00 E4 AB C2 29
A0 7C 79 2A 93 C0 B9 29 00 00 00 00 7B AC D7 28 00 00 00 00 00 00 00 00 00 00 00 00 0F B2 8D 28
00 00 00 00 F8 C7 EA 29 8F D3 85 2A DE B3 C1 29 00 00 00 00 B8 B6 27 29 00 00 00 00 00 00 00 00
00 00 00 00 00 00 00 00 6A BA 9E 28 00 00 00 00 33 F7 C6 29 EC E0 91 2A 61 B5 85 2A A7 FD 02 2A
84 3F 99 29 5D B1 D7 29 37 63 B5 2A D1 DF B8 2B 45 7F 7B 2C D4 8B DD 2C 73 F0 F8 2C 3C F3 9B 2C
09 25 6E 2B 00 00 00 00 A5 91 6C 2A 00 00 00 00 00 00 00 00 00 00 00 00 00 00 00 00 00 00 00 00
00 00 00 00 00 00 00 00 00 00 00 00 00 00 00 00 00 00 00 00 00 00 00 00 00 00 00 00 00 00 00 00
AA C9 06 2A 00 00 00 00 D3 22 06 2B A3 AC 67 2B 78 F1 10 2B 6A 08 1C 2A 4E AF E4 28 70 3F 73 28
96 0A 00 29 EF F7 29 2A 7C B9 10 2B D2 5F 87 2B 0A 78 86 2B F8 AB E5 2A 60 D2 4E 28 00 00 00 00
5A 5E 91 27 00 00 00 00 38 57 24 28 00 00 00 00 E5 17 FB 28 81 FF 69 2A 82 6B 8C 2A B6 EB 7F 29
00 00 00 00 76 32 A4 28 00 00 00 00 00 00 00 00 00 00 00 00 B1 65 5B 28 00 00 00 00 D2 56 CA 29
C9 57 20 2A D7 C6 BC 28 00 00 00 00 0C 83 82 28 00 00 00 00 00 00 00 00 00 00 00 00 CF F4 1F 28
00 00 00 00 6C B5 26 2A F0 40 83 2A C7 0A 8C 29 00 00 00 00 D7 9A D2 28 00 00 00 00 00 00 00 00
00 00 00 00 BE 7A 07 28 00 00 00 00 C1 93 08 2A AD 1E 5E 2A 62 FB 5E 29 00 00 00 00 5E B0 C0 28
00 00 00 00 00 00 00 00 00 00 00 00 BD 1A E3 27 00 00 00 00 5E 0D 21 2A 8F A5 74 2A B3 FF 67 29
00 00 00 00 D3 31 B9 28 00 00 00 00 00 00 00 00 00 00 00 00 D0 09 2D 28 00 00 00 00 FC 33 05 2A
16 32 6D 2A D9 31 58 29 00 00 00 00 8E A2 B9 28 00 00 00 00 00 00 00 00 00 00 00 00 9F C5 83 28
00 00 00 00 9F 92 AE 29 FA F3 22 2A 23 BD CD 28 00 00 00 00 E7 1C 9F 28 00 00 00 00 00 00 00 00
00 00 00 00 5D 75 17 28 00 00 00 00 68 26 25 2A C0 7B 8C 2A C8 F0 C7 29 00 00 00 00 31 E7 B5 28
00 00 00 00 00 00 00 00 00 00 00 00 84 6B 04 28 00 00 00 00 8F 3B 28 2A 2B 58 81 2A 2E 93 5D 29
00 00 00 00 E2 06 D0 28 00 00 00 00 00 00 00 00 00 00 00 00 E4 98 98 28 00 00 00 00 5A 9C 75 29
BC BB DD 29 00 00 00 00 BC 47 C4 26 00 00 00 00 00 00 00 00 00 00 00 00 00 00 00 00 C5 26 65 28
00 00 00 00 CF 02 3A 28 A5 F8 2E 29 00 00 00 00 13 92 89 28 00 00 00 00 00 00 00 00 00 00 00 00
00 00 00 00 8B 12 63 28 00 00 00 00 BA 9C 0B 28 98 D1 44 29 00 00 00 00 C4 D3 FF 26 00 00 00 00
00 00 00 00 00 00 00 00 00 00 00 00 36 76 0D 28 00 00 00 00 6F 40 66 2A 37 CC B7 2A 56 C5 0C 2A
00 00 00 00 A5 70 8E 28 00 00 00 00 00 00 00 00 93 A8 35 28 00 00 00 00 1F 31 E0 28 C9 55 9D 2A
29 0B CA 2A E0 0F E3 29 00 00 00 00 C4 92 BD 28 00 00 00 00 00 00 00 00 5B 07 39 26 00 00 00 00
20 B4 60 26 20 FF 34 2A 3D B7 5F 2A 6A DB 06 29 00 00 00 00 79 F5 A8 28 00 00 00 00 00 00 00 00
00 00 00 00 42 09 93 27 00 00 00 00 38 CE 4D 2A BB BA 87 2A 26 E0 50 29 00 00 00 00 78 D6 CA 28
00 00 00 00 00 00 00 00 00 00 00 00 CC 83 16 28 00 00 00 00 DF 30 47 2A B7 B9 8B 2A 52 85 5D 29
00 00 00 00 58 7E BA 28 00 00 00 00 00 00 00 00 00 00 00 00 DD C4 08 28 00 00 00 00 E2 9E BD 29
D4 3A 10 2A 5D 11 75 28 00 00 00 00 05 B6 66 28 00 00 00 00 00 00 00 00 38 20 08 28 00 00 00 00
DD 17 31 28 8F 20 53 2A 6E D7 4A 2A B3 1F 7F 27 00 00 00 00 DB 28 6E 27 00 00 00 00 00 00 00 00
00 00 00 00 58 0D 83 28 00 00 00 00 B4 CB BD 29 B8 6F 14 2A 40 03 11 28 00 00 00 00 02 E4 18 28
00 00 00 00 00 00 00 00 00 00 00 00 59 4F 37 28 00 00 00 00 43 A9 2F 2A 7F 19 75 2A 43 D4 44 29
00 00 00 00 EB DF BB 28 00 00 00 00 00 00 00 00 D9 43 DC 24 00 00 00 00 F0 FC 08 25 B2 23 68 2A
D2 FE 76 2A C3 53 AB 28 00 00 00 00 50 FC 8B 28 00 00 00 00 00 00 00 00 00 00 00 00 B5 41 4D 28
00 00 00 00 6D C0 FE 29 06 47 30 2A 1C 32 95 28 00 00 00 00 06 E9 6F 28 00 00 00 00 00 00 00 00
00 00 00 00 2E 7E 17 28 00 00 00 00 59 B0 21 2A F3 E4 67 2A 46 6C 1A 29 00 00 00 00 56 6B C9 28
00 00 00 00 00 00 00 00 00 00 00 00 E3 D6 BB 27 00 00 00 00 CB A5 23 2A 16 8C 35 2A F3 AF 1F 28
00 00 00 00 05 76 1C 28 00 00 00 00 00 00 00 00 00 00 00 00 0E AF 72 28 00 00 00 00 58 6D F5 29
AD 5B 20 2A 8F 15 91 27 00 00 00 00 59 63 9A 27 00 00 00 00 00 00 00 00 00 00 00 00 98 BE 56 26
00 00 00 00 1F 31 35 2A A8 2D 36 2A B6 0C 46 26 00 00 00 00 25 64 65 26 00 00 00 00 00 00 00 00
00 00 00 00 A4 9F 49 27 00 00 00 00 8C BE 45 2A 23 6F 4C 2A AF 80 EF 27 00 00 00 00 C3 A5 D1 27
00 00 00 00 00 00 00 00 00 00 00 00 D2 83 A6 26 00 00 00 00 70 82 33 2A 9F 91 3F 2A 72 1C 65 28
00 00 00 00 C0 A1 3C 28 00 00 00 00 00 00 00 00 00 00 00 00 F8 77 B2 25 00 00 00 00 47 4A 20 2A
05 77 2A 2A EA EF 32 28 00 00 00 00 29 7F 22 28 00 00 00 00 00 00 00 00 00 00 00 00 D7 FD FE 26
00 00 00 00 BB B1 2E 2A 7A 0A 43 2A 5D 6C BC 28 00 00 00 00 70 37 77 28 00 00 00 00 00 00 00 00
DF CB 54 28 00 00 00 00 CA 03 C7 28 82 0E 70 2A 9F D6 55 2A 78 EA 37 27 00 00 00 00 99 A8 4C 27
00 00 00 00 00 00 00 00 00 00 00 00 64 FD A1 27 00 00 00 00 58 C3 10 2A 95 50 19 2A C6 B1 4B 27
00 00 00 00 E1 54 6A 27 00 00 00 00 00 00 00 00 00 00 00 00 B7 CC 65 27 00 00 00 00 93 E7 16 2A
CF A4 18 2A 00 00 00 00 5E A7 33 27 00 00 00 00 00 00 00 00 00 00 00 00 00 00 00 00 F6 80 61 28
00 00 00 00 D5 0B 10 2A AA 0A 1C 2A 34 89 A5 27 00 00 00 00 C3 B6 9C 27 00 00 00 00 00 00 00 00
92 67 3C 27 00 00 00 00 DF A0 71 27 68 55 3B 2A 80 08 2D 2A AB 7F BF 25 00 00 00 00 10 00 D0 25
00 00 00 00 00 00 00 00 51 EF 76 28 00 00 00 00 25 00 F8 28 AF F4 5D 2A 18 F5 43 2A B1 DE 95 28
00 00 00 00 08 55 61 28 00 00 00 00 00 00 00 00 96 74 58 28 00 00 00 00 DE A6 00 29 5C A6 A1 2A
62 CF AA 2A AE 58 2A 29 00 00 00 00 F9 21 B5 28 00 00 00 00 00 00 00 00 97 EA 17 28 00 00 00 00
77 92 4A 28 D3 62 11 2A EA 53 AA 29 00 00 00 00 94 F0 C3 28 00 00 00 00 00 00 00 00 00 00 00 00
00 00 00 00 11 53 59 28 00 00 00 00 F2 4D 8D 29 26 CC 41 29 00 00 00 00 40 C5 B6 28 00 00 00 00
00 00 00 00 00 00 00 00 00 00 00 00 EF 6C 14 28 00 00 00 00 77 9E CA 29 20 5D A1 29 00 00 00 00
32 6B 36 28 00 00 00 00 00 00 00 00 00 00 00 00 75 F6 C7 28 00 00 00 00 C2 D7 99 29 7E 83 90 2A
A2 25 52 2A C9 E4 57 28 00 00 00 00 17 F5 38 28 00 00 00 00 00 00 00 00 D0 D7 64 28 00 00 00 00
73 E2 C8 28 25 3A 80 2A 10 AD 55 2A 00 00 00 00 D8 B1 B2 26 00 00 00 00 00 00 00 00 00 00 00 00
9A D3 48 28 00 00 00 00 16 5C AA 28 4D 89 58 2A 78 68 32 2A 00 00 00 00 AD 47 DB 27 00 00 00 00
00 00 00 00 00 00 00 00 1A CF 78 28 00 00 00 00 F8 9B 08 29 4F 41 73 2A A2 98 38 2A 00 00 00 00
34 7F 82 28 00 00 00 00 00 00 00 00 00 00 00 00 00 00 00 00 29 58 B4 28 00 00 00 00 A4 E0 44 29
EE 2F 89 2A 53 ED A4 2A 79 60 45 2A 73 0F CD 29 69 95 CE 29 CF FA 79 2A FC 7B 76 2B 1B 63 3F 2C
9B 5E C3 2C A3 3F 01 2D A1 37 CC 2C C8 7C 0C 2C 00 00 00 00 3E 3C 16 2A 00 00 00 00 00 00 00 00
00 00 00 00 00 00 00 00 00 00 00 00 00 00 00 00 00 00 00 00 00 00 00 00 00 00 00 00 00 00 00 00
00 00 00 00 00 00 00 00 00 00 00 00 85 B0 60 2A 00 00 00 00 BB E5 8F 2A E5 70 67 2B CB 8C 4B 2B
34 32 8E 2A 94 FC 0B 29 69 54 0B 28 C3 D5 23 28 3F 41 72 29 BB 74 A4 2A E2 BF 53 2B E9 F5 85 2B
0A F0 12 2B 4B A1 95 29 00 00 00 00 77 1D 8A 28 00 00 00 00 00 00 00 00 EE F7 59 27 00 00 00 00
79 49 0C 2A 6D BC 9A 2A C8 EB 30 2A 00 00 00 00 C5 D5 FC 27 00 00 00 00 00 00 00 00 00 00 00 00
04 6F 93 28 00 00 00 00 9E D2 C3 29 00 3E 89 2A 4E EE 16 2A 00 00 00 00 CD 39 48 28 00 00 00 00
00 00 00 00 00 00 00 00 67 BB 90 28 00 00 00 00 7F E2 31 29 24 B4 39 2A 17 69 BF 29 00 00 00 00
7E 6C 88 28 00 00 00 00 00 00 00 00 00 00 00 00 80 02 A1 28 00 00 00 00 FD 64 81 29 10 FE 53 2A
55 AB CF 29 00 00 00 00 A6 68 8D 28 00 00 00 00 00 00 00 00 00 00 00 00 CC 41 16 28 00 00 00 00
EE EC 50 28 43 E8 25 2A 71 E0 C3 29 00 00 00 00 81 D6 A5 28 00 00 00 00 00 00 00 00 00 00 00 00
C8 6B B5 28 00 00 00 00 3B 02 67 29 7B 7A 81 2A 4D E0 29 2A 00 00 00 00 93 D1 07 28 00 00 00 00
00 00 00 00 00 00 00 00 A1 39 95 28 00 00 00 00 36 31 54 29 8E 7E 59 2A 67 AE ED 29 00 00 00 00
0D 1A 63 28 00 00 00 00 00 00 00 00 00 00 00 00 74 37 D4 28 00 00 00 00 2A 64 C2 29 73 A9 91 2A
F3 B0 1A 2A 00 00 00 00 2D 88 4A 28 00 00 00 00 00 00 00 00 00 00 00 00 F1 F0 98 28 00 00 00 00
34 2C D9 29 1B 34 98 2A 4B B7 1C 2A 00 00 00 00 B8 17 A5 28 00 00 00 00 00 00 00 00 00 00 00 00
B2 76 F5 27 00 00 00 00 DA 7A 24 28 C9 DB 01 2A 9C 91 4A 29 00 00 00 00 4F 3C EA 28 00 00 00 00
00 00 00 00 00 00 00 00 00 00 00 00 06 0C 0A 28 00 00 00 00 71 9B 9F 29 71 F6 21 28 00 00 00 00
36 21 72 28 00 00 00 00 00 00 00 00 00 00 00 00 00 00 00 00 2D 8B 4C 28 00 00 00 00 4F 8B 13 29
CF 25 B8 27 00 00 00 00 E3 FA 13 28 00 00 00 00 00 00 00 00 00 00 00 00 D3 6A D6 28 00 00 00 00
ED 8E BE 29 E1 F1 A1 2A 39 A7 56 2A C8 88 CF 27 00 00 00 00 91 CE 92 27 00 00 00 00 00 00 00 00
76 A7 E2 27 00 00 00 00 76 F2 47 2A 06 E0 DC 2A FC C1 6C 2A 00 00 00 00 2B 94 6D 28 00 00 00 00
00 00 00 00 00 00 00 00 76 E6 AE 28 00 00 00 00 F9 F5 07 2A 22 B8 AC 2A 43 34 2F 2A 00 00 00 00
B1 89 54 28 00 00 00 00 00 00 00 00 00 00 00 00 58 8B 95 28 00 00 00 00 62 20 AA 29 EB 69 76 2A
61 6E F4 29 00 00 00 00 CA ED BA 28 00 00 00 00 00 00 00 00 00 00 00 00 05 69 C3 28 00 00 00 00
14 D7 7F 29 87 63 44 2A 52 1F 8D 29 00 00 00 00 8E 0C A8 28 00 00 00 00 00 00 00 00 00 00 00 00
9E 60 9C 28 00 00 00 00 19 64 DE 29 4E 77 81 2A DC D6 D4 29 00 00 00 00 52 1C AF 28 00 00 00 00
00 00 00 00 00 00 00 00 D2 11 B6 28 00 00 00 00 E0 A4 A1 29 91 37 63 2A 95 3C BF 29 00 00 00 00
25 6C B9 28 00 00 00 00 00 00 00 00 00 00 00 00 A6 BA 89 28 00 00 00 00 61 28 AE 29 10 CD 3C 2A
F6 6C 41 29 00 00 00 00 E1 4C AF 28 00 00 00 00 00 00 00 00 00 00 00 00 9A 2E A3 28 00 00 00 00
CC 46 97 29 2D 00 68 2A E3 1E C4 29 00 00 00 00 D3 FE C2 28 00 00 00 00 00 00 00 00 00 00 00 00
17 88 A5 28 00 00 00 00 F1 87 97 29 7E 49 50 2A 63 4D 72 29 00 00 00 00 83 1D 00 29 00 00 00 00
00 00 00 00 00 00 00 00 BC E2 C7 28 00 00 00 00 7E 60 65 29 77 AA 4C 2A CE CD A2 29 00 00 00 00
59 3E CD 28 00 00 00 00 00 00 00 00 00 00 00 00 47 64 4F 28 00 00 00 00 EB 0C 20 2A 1F 58 91 2A
BF CD C8 29 00 00 00 00 E6 A7 E9 28 00 00 00 00 00 00 00 00 00 00 00 00 19 83 B8 28 00 00 00 00
7F 97 94 29 7D 80 44 2A 73 5B 64 29 00 00 00 00 2A 97 C7 28 00 00 00 00 00 00 00 00 00 00 00 00
66 49 A2 28 00 00 00 00 12 A5 82 29 D3 16 3B 2A 6E 36 87 29 00 00 00 00 3D E0 D3 28 00 00 00 00
00 00 00 00 00 00 00 00 46 8A C5 28 00 00 00 00 D1 F1 06 2A 87 E8 87 2A 3E A3 A9 29 00 00 00 00
19 E7 E3 28 00 00 00 00 00 00 00 00 00 00 00 00 72 C3 B7 28 00 00 00 00 37 ED FD 29 77 03 8F 2A
6F 8B F1 29 00 00 00 00 ED 3B AE 28 00 00 00 00 00 00 00 00 00 00 00 00 91 ED 79 28 00 00 00 00
E8 A3 BB 29 A1 D0 46 2A 88 3F 66 29 00 00 00 00 30 56 C4 28 00 00 00 00 00 00 00 00 00 00 00 00
C6 24 A3 28 00 00 00 00 BC F6 AE 29 82 87 43 2A 32 59 5A 29 00 00 00 00 09 7F DF 28 00 00 00 00
00 00 00 00 00 00 00 00 39 99 A3 28 00 00 00 00 4E A8 C3 29 DD D0 48 2A 99 67 40 29 00 00 00 00
9B D0 DA 28 00 00 00 00 00 00 00 00 00 00 00 00 38 18 BB 28 00 00 00 00 FD AA 04 2A F8 0C 71 2A
98 04 8F 29 00 00 00 00 C6 8C DD 28 00 00 00 00 00 00 00 00 00 00 00 00 FB 33 B2 28 00 00 00 00
F3 34 AC 29 28 C8 3B 2A 3F D8 3F 29 00 00 00 00 33 8D D3 28 00 00 00 00 00 00 00 00 00 00 00 00
57 91 A9 28 00 00 00 00 F9 10 BD 29 DF 8D 3C 2A 25 2C 47 29 00 00 00 00 E6 D2 C2 28 00 00 00 00
00 00 00 00 00 00 00 00 75 C7 70 28 00 00 00 00 28 7A 31 2A A6 95 99 2A 82 9D BF 29 00 00 00 00
C6 C6 D0 28 00 00 00 00 00 00 00 00 00 00 00 00 45 E5 78 28 00 00 00 00 A8 06 00 2A FA AC 66 2A
E0 32 79 29 00 00 00 00 41 97 E8 28 00 00 00 00 00 00 00 00 00 00 00 00 19 4D 9F 28 00 00 00 00
64 4A BC 29 90 85 41 2A 2D CD 7D 29 00 00 00 00 0C 4A A8 28 00 00 00 00 00 00 00 00 22 D4 02 28
00 00 00 00 F0 D4 6E 28 2D 3F 81 2A D7 F5 A0 2A F8 66 A4 29 00 00 00 00 A1 CA C3 28 00 00 00 00
00 00 00 00 00 00 00 00 2D 9A 5E 28 00 00 00 00 AB 9B B5 29 CE 52 07 2A 39 81 65 26 00 00 00 00
0B C5 AA 26 00 00 00 00 00 00 00 00 00 00 00 00 0F FB BC 28 00 00 00 00 AE DC 2A 29 39 73 BB 29
00 00 00 00 BB 22 04 26 00 00 00 00 00 00 00 00 00 00 00 00 00 00 00 00 9A 0F BC 28 00 00 00 00
80 06 4C 29 E4 68 E3 29 2D 3B A9 28 00 00 00 00 F1 85 75 28 00 00 00 00 00 00 00 00 00 00 00 00
F6 45 76 27 00 00 00 00 A5 5B 4B 2A 7F 7E 85 2A D3 90 2B 29 00 00 00 00 52 BD C0 28 00 00 00 00
00 00 00 00 00 00 00 00 5C AC 05 28 00 00 00 00 BF B9 25 2A 1D 6C 6A 2A AA 6D 45 29 00 00 00 00
1E 31 B9 28 00 00 00 00 00 00 00 00 00 00 00 00 B7 48 E5 26 00 00 00 00 E7 25 41 2A 5D 6B 81 2A
B4 DD 56 29 00 00 00 00 F3 DC F5 28 00 00 00 00 00 00 00 00 00 00 00 00 6B 5C 29 28 00 00 00 00
90 7B 26 2A 86 86 51 2A A1 60 8B 28 00 00 00 00 10 DF A6 28 00 00 00 00 00 00 00 00 00 00 00 00
BA AB 0D 27 00 00 00 00 42 41 04 27 4D B2 67 2A 24 7A C4 2A C5 6D 88 2A EF CC E9 29 2B D6 9A 29
97 BE 04 2A 82 B0 FC 2A AF 86 EE 2B 76 EE 93 2C A3 6B EB 2C 02 A0 E7 2C 27 92 6E 2C 78 19 85 2A
00 00 00 00 52 5D 00 2A 00 00 00 00 00 00 00 00 00 00 00 00 00 00 00 00 00 00 00 00 00 00 00 00
00 00 00 00 00 00 00 00 00 00 00 00 00 00 00 00 00 00 00 00 00 00 00 00 49 E8 5C 29 00 00 00 00
21 F7 E2 28 75 46 66 2B 6F DC 8B 2B 50 B5 0A 2B 45 32 DB 29 73 B4 A7 28 6A 8B 5E 28 89 63 20 29
FC A0 56 2A AF 99 26 2B CA 1B 87 2B 44 63 51 2B 75 98 7A 2A 00 00 00 00 A1 35 2C 28 00 00 00 00
00 00 00 00 E0 81 01 28 00 00 00 00 DC 2C FA 28 A8 DA 3C 2A 97 7A 2E 2A A2 84 6C 28 00 00 00 00
E3 06 46 28 00 00 00 00 00 00 00 00 76 CB EA 27 00 00 00 00 27 70 19 28 67 B3 3D 2A 0C CE 36 2A
CE 6B 85 28 00 00 00 00 DD 16 50 28 00 00 00 00 00 00 00 00 1F F2 E4 27 00 00 00 00 5A E7 2A 28
98 46 50 2A CB 39 3D 2A FC ED 08 28 00 00 00 00 CA C5 05 28 00 00 00 00 00 00 00 00 99 B4 CB 27
00 00 00 00 59 81 10 28 23 45 6A 2A CD 57 79 2A 77 C3 98 28 00 00 00 00 85 54 85 28 00 00 00 00
00 00 00 00 35 8E A0 26 00 00 00 00 89 69 A1 26 8C A0 1B 2A FD 12 07 2A 00 00 00 00 CD A1 48 26
00 00 00 00 00 00 00 00 00 00 00 00 00 00 00 00 DC 67 D2 26 00 00 00 00 BB 83 35 2A 61 6E 34 2A
76 18 FA 27 00 00 00 00 F4 A2 F5 27 00 00 00 00 00 00 00 00 00 00 00 00 45 4A CF 25 00 00 00 00
94 AC 1E 2A C1 F9 0F 2A 6E F9 F4 27 00 00 00 00 B7 CC E4 27 00 00 00 00 00 00 00 00 A8 8E 11 28
00 00 00 00 51 F6 87 28 9B BA 69 2A A0 A7 6D 2A 82 56 E4 28 00 00 00 00 B6 10 95 28 00 00 00 00
00 00 00 00 7F C0 5B 28 00 00 00 00 78 A1 EA 28 43 A0 90 2A F1 05 7E 2A A9 0D 80 27 00 00 00 00
BD B1 77 27 00 00 00 00 00 00 00 00 00 00 00 00 4A FB 47 28 00 00 00 00 E4 BA 67 29 53 86 51 29
00 00 00 00 FB 27 A5 28 00 00 00 00 00 00 00 00 00 00 00 00 00 00 00 00 3F 00 C1 28 00 00 00 00
B5 18 48 29 FC 60 29 29 00 00 00 00 B3 83 C4 28 00 00 00 00 00 00 00 00 00 00 00 00 00 00 00 00
C6 84 AA 28 00 00 00 00 0B 31 D4 28 3D AE 12 29 00 00 00 00 37 65 42 28 00 00 00 00 00 00 00 00
00 00 00 00 48 9E 2F 28 00 00 00 00 68 B5 85 28 5E 74 87 2A 48 70 84 2A 91 4A 0C 29 00 00 00 00
0C AF 90 28 00 00 00 00 00 00 00 00 9F 18 A7 28 00 00 00 00 4D 45 E5 29 AA 11 04 2B 6B 53 F3 2A
E0 87 B8 29 00 00 00 00 A8 CE D5 28 00 00 00 00 00 00 00 00 D2 B9 03 28 00 00 00 00 B6 66 7F 28
C6 2D 5F 2A 25 51 37 2A 44 97 03 26 00 00 00 00 8E 27 FD 25 00 00 00 00 00 00 00 00 77 0E 61 28
00 00 00 00 C1 FD 1C 29 CE A3 7A 2A F5 50 4D 2A 39 A9 1D 27 00 00 00 00 B2 A7 36 27 00 00 00 00
00 00 00 00 20 C6 EA 27 00 00 00 00 87 53 15 28 5E FE 3D 2A 46 22 17 2A 00 00 00 00 52 E1 00 28
00 00 00 00 00 00 00 00 00 00 00 00 72 B5 EA 27 00 00 00 00 C7 74 2B 28 5B CA 24 2A F0 D1 07 2A
00 00 00 00 77 AE A8 27 00 00 00 00 00 00 00 00 00 00 00 00 CA 62 12 28 00 00 00 00 9B 5F 55 28
77 2B 62 2A 2A BE 2F 2A 00 00 00 00 26 98 DD 27 00 00 00 00 00 00 00 00 00 00 00 00 A8 47 FA 27
00 00 00 00 55 6E 1D 28 17 4A 38 2A 7B 2F 17 2A 00 00 00 00 EB 4E 12 28 00 00 00 00 00 00 00 00
00 00 00 00 D5 E0 0C 28 00 00 00 00 24 95 4D 28 FE 22 60 2A AB 45 3D 2A 00 00 00 00 69 04 DB 26
00 00 00 00 00 00 00 00 00 00 00 00 00 E0 29 28 00 00 00 00 1D 83 81 28 0E D8 4B 2A 78 C4 0A 2A
00 00 00 00 3C 04 5C 28 00 00 00 00 00 00 00 00 00 00 00 00 E9 F8 11 28 00 00 00 00 AF 54 3D 28
FB 9D 30 2A 6D 87 09 2A 00 00 00 00 4D 6E E1 27 00 00 00 00 00 00 00 00 00 00 00 00 10 8A 40 28
00 00 00 00 E3 C4 97 28 4A 65 47 2A 3D 82 10 2A 00 00 00 00 31 30 79 28 00 00 00 00 00 00 00 00
00 00 00 00 82 4C 8B 28 00 00 00 00 D8 96 00 29 6B 56 51 2A D4 E3 0C 2A 00 00 00 00 59 81 20 28
00 00 00 00 00 00 00 00 00 00 00 00 DE 77 94 27 00 00 00 00 7C CD B6 27 7E 58 29 2A 26 67 13 2A
00 00 00 00 24 7A B9 26 00 00 00 00 00 00 00 00 00 00 00 00 1F 1E AD 28 00 00 00 00 7F 24 74 29
B7 16 88 2A FA BE 28 2A 00 00 00 00 92 1A 5A 28 00 00 00 00 00 00 00 00 00 00 00 00 63 D0 8B 28
00 00 00 00 2E A1 04 29 C9 39 45 2A 35 D6 F2 29 00 00 00 00 5D 80 97 28 00 00 00 00 00 00 00 00
00 00 00 00 C6 BE BA 27 00 00 00 00 A7 5C F1 27 54 A0 10 2A 7B 8B E3 29 00 00 00 00 99 18 4E 27
00 00 00 00 00 00 00 00 00 00 00 00 83 DA AA 28 00 00 00 00 BF BB 76 29 C1 D1 7D 2A BB 97 16 2A
00 00 00 00 96 59 A6 28 00 00 00 00 00 00 00 00 00 00 00 00 09 B4 94 27 00 00 00 00 11 90 93 27
47 89 1D 2A CB 83 C4 29 00 00 00 00 98 2D A1 28 00 00 00 00 00 00 00 00 00 00 00 00 92 ED C3 28
00 00 00 00 A3 76 87 29 6A B6 7C 2A 18 F5 13 2A 00 00 00 00 FD 44 33 28 00 00 00 00 00 00 00 00
00 00 00 00 ED 07 93 28 00 00 00 00 38 4D 3B 29 CD 68 60 2A 47 1D 13 2A 00 00 00 00 97 FF A1 27
00 00 00 00 00 00 00 00 00 00 00 00 32 22 D6 28 00 00 00 00 5E 2A 89 29 36 24 93 2A B3 B8 20 2A
00 00 00 00 CC 87 7B 28 00 00 00 00 00 00 00 00 00 00 00 00 F8 35 A1 28 00 00 00 00 38 64 41 29
4A 06 50 2A 0B EC D6 29 00 00 00 00 CC 08 9D 28 00 00 00 00 00 00 00 00 00 00 00 00 37 BC 90 28
00 00 00 00 8A 8B 16 29 16 62 28 2A 88 23 93 29 00 00 00 00 D5 09 B3 28 00 00 00 00 00 00 00 00
00 00 00 00 98 62 9D 28 00 00 00 00 8C B4 1F 29 FB BD 50 2A 8E 4F 02 2A 00 00 00 00 15 22 0F 28
00 00 00 00 00 00 00 00 00 00 00 00 23 E6 15 28 00 00 00 00 38 E8 1B 2A 42 46 AC 2A 09 60 33 2A
00 00 00 00 48 5A 73 28 00 00 00 00 00 00 00 00 00 00 00 00 8B A5 31 28 00 00 00 00 FD 5B 78 28
84 AA 15 2A D6 91 83 29 00 00 00 00 82 A1 B0 28 00 00 00 00 00 00 00 00 00 00 00 00 08 6C 9E 28
00 00 00 00 CB B2 05 29 B7 38 1F 2A A0 A8 4F 29 00 00 00 00 C4 2E 22 29 00 00 00 00 00 00 00 00
00 00 00 00 00 00 00 00 0A F9 A8 27 00 00 00 00 9F CE BB 29 87 41 40 29 00 00 00 00 44 CD 91 28
00 00 00 00 00 00 00 00 00 00 00 00 80 1F 91 28 00 00 00 00 9B 86 BD 29 56 D2 90 2A 33 BC 23 2A
00 00 00 00 F0 DF 64 28 00 00 00 00 00 00 00 00 00 00 00 00 A0 E5 45 28 00 00 00 00 CA 2D 51 2A
B5 7A D6 2A AC C9 5B 2A 00 00 00 00 CF 3C 8B 28 00 00 00 00 00 00 00 00 00 00 00 00 3C 43 98 28
00 00 00 00 3C 36 6B 29 26 EE 47 2A B6 F4 B8 29 00 00 00 00 8D 29 BD 28 00 00 00 00 00 00 00 00
00 00 00 00 5B EA A8 28 00 00 00 00 0D C9 17 29 63 D0 16 2A 5D 36 49 29 00 00 00 00 D2 35 D7 28
00 00 00 00 00 00 00 00 00 00 00 00 00 00 00 00 09 5F 92 28 00 00 00 00 5A 3A F7 29 C7 D2 8D 2A
6E 37 75 2A 94 F3 01 2A BB 0F A6 29 47 4D E2 29 64 42 A8 2A A7 FE 9D 2B 1D BE 62 2C 2B 5A DB 2C
5A 88 03 2D B0 1F AC 2C CD 70 94 2B 00 00 00 00 47 A3 5C 2A 00 00 00 00 00 00 00 00 00 00 00 00
00 00 00 00 00 00 00 00 00 00 00 00 00 00 00 00 00 00 00 00 00 00 00 00 00 00 00 00 00 00 00 00
00 00 00 00 00 00 00 00 93 5D 39 2A 00 00 00 00 24 C5 B5 2A 2A 26 45 2B AB F3 03 2B 5F D4 EC 29
BE 31 33 28 D8 AE 8C 27 AF 4B 1F 28 F7 20 C4 29 18 B6 E9 2A 74 55 80 2B E5 97 87 2B 59 21 FC 2A
CE 52 17 29 00 00 00 00 9B FC 1D 28 00 00 00 00 DC D5 01 28 00 00 00 00 60 04 F7 28 5A AC 85 2A
5E 9E B2 2A 73 1A F8 29 00 00 00 00 6A 93 B2 28 00 00 00 00 00 00 00 00 00 00 00 00 C4 D6 33 28
00 00 00 00 92 14 0A 2A 4B D5 5E 2A EC 93 6E 29 00 00 00 00 5A 62 8D 28 00 00 00 00 00 00 00 00
00 00 00 00 15 C7 85 28 00 00 00 00 83 D1 9C 29 E6 1E 29 2A 80 9A 28 29 00 00 00 00 DD 7B BB 28
00 00 00 00 00 00 00 00 00 00 00 00 01 8E 8D 28 00 00 00 00 16 F3 2A 2A 87 6A A3 2A B6 9D E0 29
00 00 00 00 17 43 FB 28 00 00 00 00 00 00 00 00 00 00 00 00 39 2E C0 28 00 00 00 00 3B 35 AB 29
60 2F 35 2A A7 28 2B 29 00 00 00 00 B9 C7 AC 28 00 00 00 00 00 00 00 00 00 00 00 00 E8 86 8C 28
00 00 00 00 27 74 DE 29 70 1B 5C 2A AB C9 83 29 00 00 00 00 9E 60 D0 28 00 00 00 00 00 00 00 00
00 00 00 00 61 1F 8F 28 00 00 00 00 58 74 F0 29 76 16 4D 2A 4E BA 44 29 00 00 00 00 5A 46 B6 28
00 00 00 00 00 00 00 00 00 00 00 00 67 D8 87 28 00 00 00 00 42 5C 0D 2A D0 33 93 2A 43 33 04 2A
00 00 00 00 BD 61 B5 28 00 00 00 00 00 00 00 00 00 00 00 00 B7 88 05 28 00 00 00 00 A0 EF 1C 2A
8E 94 6F 2A 11 15 44 29 00 00 00 00 34 FA 00 29 00 00 00 00 00 00 00 00 00 00 00 00 8B 47 B0 28
00 00 00 00 B8 61 87 29 F9 68 0E 2A AB FC 63 28 00 00 00 00 13 B6 80 28 00 00 00 00 00 00 00 00
00 00 00 00 A4 94 83 28 00 00 00 00 23 29 82 28 D7 DF 63 29 00 00 00 00 DC D3 5F 28 00 00 00 00
00 00 00 00 00 00 00 00 00 00 00 00 00 00 00 00 55 E2 9D 26 00 00 00 00 D5 43 2B 29 00 00 00 00
DC CC B4 24 00 00 00 00 00 00 00 00 00 00 00 00 00 00 00 00 9F 81 5B 28 00 00 00 00 3D A8 47 2A
7B 52 BB 2A 2E 7D 26 2A 00 00 00 00 3D A7 8B 28 00 00 00 00 00 00 00 00 40 C8 6E 27 00 00 00 00
87 A3 C5 27 1D E9 6C 2A F2 DB 9E 2A CC 2C CB 29 00 00 00 00 45 C9 C5 28 00 00 00 00 00 00 00 00
20 32 21 27 00 00 00 00 0F C6 7C 27 CD 3B 8B 2A E8 A2 CA 2A 65 D5 FC 29 00 00 00 00 D8 15 FB 28
00 00 00 00 00 00 00 00 00 00 00 00 74 3B 8F 28 00 00 00 00 95 F5 DC 29 7E 87 42 2A 9E 5A 1B 29
00 00 00 00 55 30 BD 28 00 00 00 00 00 00 00 00 00 00 00 00 1A 20 29 28 00 00 00 00 C9 8C 1E 2A
3D 76 5B 2A 7D 05 13 29 00 00 00 00 E4 DA B8 28 00 00 00 00 00 00 00 00 00 00 00 00 A8 CE 33 28
00 00 00 00 CE B3 0C 2A 59 03 54 2A 64 25 2E 29 00 00 00 00 D4 FB EB 28 00 00 00 00 00 00 00 00
00 00 00 00 78 92 BB 28 00 00 00 00 18 E2 E1 29 B5 F8 32 2A B7 5E A7 28 00 00 00 00 14 08 97 28
00 00 00 00 00 00 00 00 00 00 00 00 0C CC 88 28 00 00 00 00 20 AA F2 29 81 BC 43 2A 33 31 20 29
00 00 00 00 CB 4C B3 28 00 00 00 00 00 00 00 00 00 00 00 00 AF 9E 0A 27 00 00 00 00 7D 69 39 2A
FB 3E 77 2A A1 F0 0F 29 00 00 00 00 99 3D DE 28 00 00 00 00 00 00 00 00 00 00 00 00 D4 40 69 28
00 00 00 00 73 22 45 2A 39 AC 7A 2A 11 2B 41 29 00 00 00 00 FF 63 C7 28 00 00 00 00 00 00 00 00
00 00 00 00 D5 0A 23 28 00 00 00 00 D5 20 CE 29 B8 A0 08 2A 9D C9 DA 28 00 00 00 00 98 B7 BE 28
00 00 00 00 00 00 00 00 00 00 00 00 10 C9 37 28 00 00 00 00 84 5E 27 2A F6 E8 5A 2A B1 91 21 29
00 00 00 00 C9 23 CF 28 00 00 00 00 00 00 00 00 00 00 00 00 83 F6 3B 28 00 00 00 00 E6 C8 1B 2A
3A 0B 64 2A F9 23 23 29 00 00 00 00 5A 82 CF 28 00 00 00 00 00 00 00 00 00 00 00 00 56 F8 58 28
00 00 00 00 B0 B7 0D 2A A1 2C 3E 2A F1 72 AB 28 00 00 00 00 D1 01 8B 28 00 00 00 00 00 00 00 00
00 00 00 00 98 A2 8F 28 00 00 00 00 1A 55 10 2A DC DF 43 2A 12 81 EE 28 00 00 00 00 5C 40 A5 28
00 00 00 00 00 00 00 00 00 00 00 00 F7 4A CC 27 00 00 00 00 EA BB 18 2A 25 5E 3E 2A D3 55 8A 28
00 00 00 00 DE F0 7B 28 00 00 00 00 00 00 00 00 00 00 00 00 E4 6B 31 28 00 00 00 00 BF BA CF 29
C1 43 D3 29 00 00 00 00 B2 13 00 27 00 00 00 00 00 00 00 00 00 00 00 00 00 00 00 00 98 D5 B7 27
00 00 00 00 77 30 55 2A 49 A8 6B 2A 0A 4F AD 28 00 00 00 00 3F 01 8A 28 00 00 00 00 00 00 00 00
5A 88 36 28 00 00 00 00 62 2C 8C 28 91 9C 99 2A 63 58 8B 2A 02 E2 E6 28 00 00 00 00 B4 99 B2 28
00 00 00 00 00 00 00 00 00 00 00 00 2F 52 0B 28 00 00 00 00 5B 1C 2B 2A 32 21 39 2A 28 66 8F 28
00 00 00 00 C2 19 73 28 00 00 00 00 00 00 00 00 00 00 00 00 FF C4 14 28 00 00 00 00 3E B3 02 2A
55 80 14 2A 11 D7 D0 27 00 00 00 00 45 9A ED 27 00 00 00 00 00 00 00 00 00 00 00 00 33 BC FF 27
00 00 00 00 FB 4B 0D 2A A1 D2 22 2A 74 95 F1 27 00 00 00 00 D3 6A FF 27 00 00 00 00 00 00 00 00
3E B8 75 27 00 00 00 00 39 4E A1 27 93 82 48 2A E3 3D 3C 2A 00 9A B6 27 00 00 00 00 69 DC C8 27
00 00 00 00 00 00 00 00 00 00 00 00 1F 4C 50 27 00 00 00 00 7F 37 22 2A 82 EC 28 2A 13 AA 11 28
00 00 00 00 4C 4E 15 28 00 00 00 00 00 00 00 00 CC 30 17 27 00 00 00 00 03 5F 45 27 DF B3 56 2A
B3 A0 5B 2A 43 E5 0E 29 00 00 00 00 F9 CB 97 28 00 00 00 00 00 00 00 00 5B E0 90 28 00 00 00 00
2A 14 8B 29 B7 51 A7 2A EA DC 87 2A EA 09 68 28 00 00 00 00 B5 89 2D 28 00 00 00 00 00 00 00 00
00 00 00 00 43 25 4F 26 00 00 00 00 74 6A 3E 2A FE DC 31 2A 00 00 00 00 82 76 A5 26 00 00 00 00
00 00 00 00 00 00 00 00 00 00 00 00 00 55 E7 28 00 00 00 00 91 12 7C 29 C3 6C 3B 29 00 00 00 00
1B 22 AE 28 00 00 00 00 00 00 00 00 00 00 00 00 00 00 00 00 15 A1 B7 28 00 00 00 00 A6 50 8B 29
1C D7 A7 29 00 00 00 00 F0 2A E1 27 00 00 00 00 00 00 00 00 00 00 00 00 88 27 8F 28 00 00 00 00
58 CC 21 29 49 10 94 2A 44 E8 81 2A E1 77 CD 28 00 00 00 00 4D 72 89 28 00 00 00 00 00 00 00 00
8E 78 86 28 00 00 00 00 47 51 28 29 F8 69 96 2A 65 0C 90 2A BD FB D3 28 00 00 00 00 DD 05 9E 28
00 00 00 00 00 00 00 00 40 BA 0E 28 00 00 00 00 C5 A5 48 28 AF 01 3E 2A 14 73 1A 2A 00 00 00 00
9E 30 CB 25 00 00 00 00 00 00 00 00 00 00 00 00 37 06 56 28 00 00 00 00 48 D0 CD 28 C6 11 5D 2A
2C E5 3C 2A 00 00 00 00 91 AB 50 28 00 00 00 00 00 00 00 00 00 00 00 00 00 00 00 00 6C F9 98 28
00 00 00 00 49 DF CB 28 BC CF 70 2A 27 B6 B2 2A D3 22 7E 2A 18 99 10 2A 0D 07 09 2A 8F 99 8B 2A
FB CE 62 2B F2 7A 22 2C D9 AD A8 2C 16 EC E9 2C 9E B0 C2 2C 4F DC 0F 2C 00 00 00 00 9A B5 0D 2A
00 00 00 00 00 00 00 00 00 00 00 00 00 00 00 00 00 00 00 00 00 00 00 00 00 00 00 00 00 00 00 00
00 00 00 00 00 00 00 00 00 00 00 00 00 00 00 00 00 00 00 00 C6 32 60 2A 00 00 00 00 B8 53 46 2A
38 16 56 2B 09 C8 46 2B D8 D1 92 2A 07 05 37 29 AD 2D 54 28 02 51 78 28 9B C0 94 29 92 13 B4 2A
4C 13 6E 2B AE DE A2 2B 83 A9 53 2B 7A 55 3F 2A 00 00 00 00 63 C7 89 28 00 00 00 00 00 00 00 00
E8 18 4D 27 00 00 00 00 23 E9 00 2A A4 1D 8B 2A 4C 9F 12 2A 00 00 00 00 91 7D 37 28 00 00 00 00
00 00 00 00 00 00 00 00 6A 54 93 28 00 00 00 00 0A 4E 3E 29 CC 76 58 2A 52 ED F2 29 00 00 00 00
07 81 79 28 00 00 00 00 00 00 00 00 00 00 00 00 F0 FD 9C 28 00 00 00 00 2C 66 5D 29 84 DF 7E 2A
3E 52 23 2A 00 00 00 00 0A 19 F6 27 00 00 00 00 00 00 00 00 00 00 00 00 29 30 89 28 00 00 00 00
A3 D6 3D 29 5C DA 53 2A 47 17 EC 29 00 00 00 00 CA F3 6C 28 00 00 00 00 00 00 00 00 00 00 00 00
F8 32 77 28 00 00 00 00 C1 52 FA 28 8B 2E 3A 2A A3 C0 DD 29 00 00 00 00 C0 61 86 28 00 00 00 00
00 00 00 00 00 00 00 00 C1 22 53 28 00 00 00 00 B2 02 A9 28 25 AE 3D 2A 57 E1 F1 29 00 00 00 00
20 32 83 28 00 00 00 00 00 00 00 00 00 00 00 00 74 BA 99 28 00 00 00 00 F3 18 19 29 C0 B9 27 2A
B0 71 A0 29 00 00 00 00 4A 50 95 28 00 00 00 00 00 00 00 00 00 00 00 00 B4 3F A0 28 00 00 00 00
88 31 80 29 28 FB 89 2A 6B 49 3F 2A 00 00 00 00 3D 97 7E 27 00 00 00 00 00 00 00 00 00 00 00 00
E2 F0 77 28 00 00 00 00 4E 4D E3 29 D7 0B 9F 2A B8 9D 36 2A 00 00 00 00 5A 1F 8D 28 00 00 00 00
00 00 00 00 00 00 00 00 D7 C6 61 26 00 00 00 00 92 EF 5C 26 07 86 E8 29 3B 86 5B 29 00 00 00 00
A0 9E F8 28 00 00 00 00 00 00 00 00 00 00 00 00 00 00 00 00 2A D1 25 28 00 00 00 00 64 13 8D 29
6E 62 D7 28 00 00 00 00 AA E0 F1 28 00 00 00 00 00 00 00 00 00 00 00 00 00 00 00 00 AA E6 AE 28
00 00 00 00 07 1B 84 29 FA BB 55 29 00 00 00 00 39 17 AB 28 00 00 00 00 00 00 00 00 00 00 00 00
B5 C3 C7 28 00 00 00 00 B4 9C AB 29 BE 4C 9A 2A F3 CD 35 2A 00 00 00 00 0B 69 40 28 00 00 00 00
00 00 00 00 00 00 00 00 99 CC 98 28 00 00 00 00 FE 98 C9 29 51 F4 A1 2A 9E F5 49 2A 00 00 00 00
0E 52 C8 27 00 00 00 00 00 00 00 00 00 00 00 00 48 9A 59 28 00 00 00 00 1C AD 02 2A 10 79 A6 2A
C5 30 3C 2A 00 00 00 00 50 8E 57 28 00 00 00 00 00 00 00 00 00 00 00 00 A5 30 92 28 00 00 00 00
05 F4 97 29 E4 5D 61 2A 6F C4 E4 29 00 00 00 00 E0 EF 86 28 00 00 00 00 00 00 00 00 00 00 00 00
5D 69 90 28 00 00 00 00 A1 40 93 29 47 99 47 2A 18 39 BC 29 00 00 00 00 01 B2 B1 28 00 00 00 00
00 00 00 00 00 00 00 00 2B A6 B9 28 00 00 00 00 6D 58 71 29 B6 DB 58 2A 5F E9 EA 29 00 00 00 00
AE E0 89 28 00 00 00 00 00 00 00 00 00 00 00 00 06 AF B9 28 00 00 00 00 F9 DE 83 29 A7 94 55 2A
9D 23 D8 29 00 00 00 00 DD 82 CF 28 00 00 00 00 00 00 00 00 00 00 00 00 54 75 97 28 00 00 00 00
BE FF 0E 29 1B EB 3A 2A 2F CF BB 29 00 00 00 00 EE E4 BA 28 00 00 00 00 00 00 00 00 00 00 00 00
AA 1B A7 28 00 00 00 00 71 5A A5 29 26 BE 5A 2A 52 09 9C 29 00 00 00 00 14 39 01 29 00 00 00 00
00 00 00 00 00 00 00 00 AA F9 D8 28 00 00 00 00 F4 28 88 29 BF CE 64 2A 82 AE C7 29 00 00 00 00
72 AE DD 28 00 00 00 00 00 00 00 00 00 00 00 00 AF D0 D4 28 00 00 00 00 D1 52 9A 29 38 CB 70 2A
7E 47 DA 29 00 00 00 00 AB 10 BC 28 00 00 00 00 00 00 00 00 00 00 00 00 D0 B9 AC 28 00 00 00 00
B8 99 B1 29 90 D9 7E 2A D0 E5 F4 29 00 00 00 00 DA 54 B2 28 00 00 00 00 00 00 00 00 00 00 00 00
71 50 BA 28 00 00 00 00 1E EE C3 29 0F E6 83 2A DB 0B C9 29 00 00 00 00 7D A6 E8 28 00 00 00 00
00 00 00 00 00 00 00 00 DD 07 AF 28 00 00 00 00 1B BC 8A 29 7B E8 44 2A E2 CA 95 29 00 00 00 00
74 7E EA 28 00 00 00 00 00 00 00 00 00 00 00 00 BE D2 C7 28 00 00 00 00 CC B8 97 29 13 E7 50 2A
70 4D A6 29 00 00 00 00 DF 85 CF 28 00 00 00 00 00 00 00 00 00 00 00 00 CA 7E 9A 28 00 00 00 00
1D F8 85 29 18 F8 40 2A 65 CF B3 29 00 00 00 00 E3 15 D7 28 00 00 00 00 00 00 00 00 00 00 00 00
AE 6E BF 28 00 00 00 00 A5 43 C6 29 08 3E 8A 2A 7B 32 D9 29 00 00 00 00 BD B3 22 29 00 00 00 00
00 00 00 00 00 00 00 00 DD 27 D3 28 00 00 00 00 23 B0 8E 29 42 7B 48 2A AB 60 93 29 00 00 00 00
59 11 D5 28 00 00 00 00 00 00 00 00 00 00 00 00 5C BB A7 28 00 00 00 00 61 62 D0 29 2C C9 5D 2A
B4 B5 7D 29 00 00 00 00 E1 1F DD 28 00 00 00 00 00 00 00 00 00 00 00 00 13 40 CA 28 00 00 00 00
F8 23 E2 29 D1 07 71 2A B8 CF AC 29 00 00 00 00 A9 66 E1 28 00 00 00 00 00 00 00 00 00 00 00 00
CB 3E 92 28 00 00 00 00 45 CD CA 29 1F 6C 4B 2A BC D5 81 29 00 00 00 00 C3 11 E7 28 00 00 00 00
00 00 00 00 00 00 00 00 F0 61 CE 28 00 00 00 00 BB 74 E0 29 5B 7A 82 2A 0C B7 CE 29 00 00 00 00
7F 2F 04 29 00 00 00 00 00 00 00 00 00 00 00 00 98 12 B6 28 00 00 00 00 47 5D C2 29 86 85 52 2A
CD 14 89 29 00 00 00 00 DC C7 C0 28 00 00 00 00 00 00 00 00 00 00 00 00 DD C1 A9 28 00 00 00 00
F8 17 B4 29 48 B3 40 2A 12 09 68 29 00 00 00 00 40 8B C6 28 00 00 00 00 00 00 00 00 00 00 00 00
7E 2B 93 28 00 00 00 00 83 B9 A8 29 CA 45 44 2A 41 E4 A0 29 00 00 00 00 18 29 7A 28 00 00 00 00
00 00 00 00 53 77 01 28 00 00 00 00 E8 A9 7D 28 EA 3D 59 2A 66 AD 83 2A 9A AB 6D 29 00 00 00 00
4E EF EC 28 00 00 00 00 00 00 00 00 00 00 00 00 20 02 A5 28 00 00 00 00 13 19 D6 29 3C 05 33 2A
FB 70 E8 28 00 00 00 00 34 F4 C3 28 00 00 00 00 00 00 00 00 00 00 00 00 62 B1 CA 28 00 00 00 00
46 CE 3D 29 07 8F E5 29 0B 13 6B 28 00 00 00 00 F6 54 9A 28 00 00 00 00 00 00 00 00 00 00 00 00
A9 A6 DE 28 00 00 00 00 3E E9 38 29 D3 BE E9 29 B0 5F 85 28 00 00 00 00 24 DF 68 28 00 00 00 00
00 00 00 00 00 00 00 00 0E B7 1A 28 00 00 00 00 9E D2 58 2A D7 FF B7 2A 57 F4 05 2A 00 00 00 00
18 57 08 29 00 00 00 00 00 00 00 00 00 00 00 00 87 8A 7B 28 00 00 00 00 05 0F 38 2A E6 95 86 2A
F6 83 93 29 00 00 00 00 74 86 F9 28 00 00 00 00 00 00 00 00 00 00 00 00 A9 84 9F 28 00 00 00 00
5F 53 20 2A 6F 12 7B 2A 48 8B 62 29 00 00 00 00 0D F5 E2 28 00 00 00 00 00 00 00 00 00 00 00 00
22 83 72 28 00 00 00 00 3F D4 FE 29 81 9C 42 2A 11 DF C7 28 00 00 00 00 BE 2A DF 28 00 00 00 00
00 00 00 00 00 00 00 00 00 00 00 00 DD 66 E8 27 00 00 00 00 D7 92 30 2A 33 3A B5 2A 03 D0 90 2A
97 8D 03 2A 03 CA A5 29 2D 0F 00 2A DD 35 E2 2A E4 2F D7 2B D2 DC 8C 2C 6C 1A EB 2C F2 B0 EE 2C
1C 6B 80 2C 27 12 B7 2A 00 00 00 00 96 96 19 2A 00 00 00 00 00 00 00 00 00 00 00 00 00 00 00 00
00 00 00 00 00 00 00 00 00 00 00 00 00 00 00 00 00 00 00 00 00 00 00 00 00 00 00 00 00 00 00 00
00 00 00 00 3C 26 6F 28 00 00 00 00 64 C2 2D 2B C0 7A 63 2B 92 15 F2 2A EC 88 E8 29 54 82 FD 28
6D B1 C7 28 A7 EC 87 29 6A 21 8D 2A 62 DF 49 2B E0 21 A9 2B AD 7F 92 2B EE CD D9 2A 00 00 00 00
06 1D 83 27 00 00 00 00 00 00 00 00 90 68 22 28 00 00 00 00 0A ED 31 29 7D 25 84 2A 53 D8 80 2A
E1 C6 09 29 00 00 00 00 96 7F A6 28 00 00 00 00 00 00 00 00 00 00 00 00 9A C0 B3 27 00 00 00 00
1F 5E 3C 2A AD 75 57 2A 74 7B 8B 28 00 00 00 00 0A 4E 70 28 00 00 00 00 00 00 00 00 00 00 00 00
A0 E9 2D 27 00 00 00 00 FB F0 0A 2A 62 01 19 2A 6F 38 64 28 00 00 00 00 EC BD 5F 28 00 00 00 00
00 00 00 00 00 00 00 00 24 4C 93 27 00 00 00 00 9F 4E 25 2A 71 2C 4E 2A F1 3E 11 29 00 00 00 00
92 11 B1 28 00 00 00 00 00 00 00 00 00 00 00 00 C1 2B E6 26 00 00 00 00 94 D9 03 2A 88 04 08 2A
09 F2 36 28 00 00 00 00 67 70 4F 28 00 00 00 00 00 00 00 00 00 00 00 00 A0 67 1B 28 00 00 00 00
E7 54 27 2A 1E A9 48 2A 84 F1 84 28 00 00 00 00 73 01 67 28 00 00 00 00 00 00 00 00 00 00 00 00
CE 97 23 28 00 00 00 00 53 DD EC 29 CA 9B 1B 2A B3 54 56 28 00 00 00 00 25 76 3C 28 00 00 00 00
00 00 00 00 AA F5 7A 27 00 00 00 00 02 F9 CB 27 BF 61 6B 2A 10 6E 77 2A 10 1F 05 29 00 00 00 00
C2 9E B4 28 00 00 00 00 00 00 00 00 08 E8 28 27 00 00 00 00 CF 29 58 27 BD 66 45 2A 7B E3 51 2A
50 E9 DD 28 00 00 00 00 AD F3 94 28 00 00 00 00 00 00 00 00 00 00 00 00 4B 4D DB 27 00 00 00 00
92 AC E4 29 2C 7A EC 29 00 00 00 00 BC 4B 61 28 00 00 00 00 00 00 00 00 00 00 00 00 00 00 00 00
08 57 B0 28 00 00 00 00 96 56 59 29 1D 00 3F 29 00 00 00 00 93 74 ED 28 00 00 00 00 00 00 00 00
00 00 00 00 00 00 00 00 B2 73 60 28 00 00 00 00 1C 82 CB 27 1B 56 DD 28 00 00 00 00 60 C5 4A 28
00 00 00 00 00 00 00 00 00 00 00 00 46 2E E8 27 00 00 00 00 01 1D 2E 28 07 28 9F 2A 25 93 B3 2A
85 6A A3 29 00 00 00 00 DB 59 BF 28 00 00 00 00 00 00 00 00 C7 68 AB 28 00 00 00 00 A2 D8 CD 29
81 41 E5 2A A6 BF CF 2A AD 29 9B 29 00 00 00 00 E0 64 D8 28 00 00 00 00 00 00 00 00 23 F4 30 28
00 00 00 00 9D 52 C6 28 79 59 63 2A 69 5B 50 2A 89 1A D1 27 00 00 00 00 86 E2 CB 27 00 00 00 00
00 00 00 00 F7 65 F1 27 00 00 00 00 A1 9F 3E 28 46 50 5F 2A 8F 17 4D 2A 34 79 FC 27 00 00 00 00
25 19 F1 27 00 00 00 00 00 00 00 00 3B 59 6F 28 00 00 00 00 BB 48 07 29 BA 76 8A 2A BF 50 6F 2A
B0 60 9E 27 00 00 00 00 46 5F A2 27 00 00 00 00 00 00 00 00 ED 36 9F 27 00 00 00 00 CB 95 B5 27
5C CC 39 2A 39 B3 26 2A 00 00 00 00 5D A5 28 27 00 00 00 00 00 00 00 00 00 00 00 00 00 00 00 00
BA 08 04 28 00 00 00 00 FF C0 06 2A 6F 37 10 2A 00 00 00 00 0B E5 4E 27 00 00 00 00 00 00 00 00
00 00 00 00 00 00 00 00 D9 39 34 27 00 00 00 00 16 25 54 2A FD 8E 65 2A 08 2C B2 28 00 00 00 00
39 66 83 28 00 00 00 00 00 00 00 00 1B 3C A4 27 00 00 00 00 EE 0B EC 27 41 4C 19 2A 23 0F F0 29
00 00 00 00 61 60 D4 27 00 00 00 00 00 00 00 00 00 00 00 00 B3 5E D9 27 00 00 00 00 84 69 11 28
3F 2B 40 2A D9 CB 16 2A 00 00 00 00 80 09 B6 27 00 00 00 00 00 00 00 00 00 00 00 00 00 00 00 00
9E D1 0D 25 00 00 00 00 1C 6F 51 2A 58 08 2D 2A 00 00 00 00 00 08 4B 28 00 00 00 00 00 00 00 00
00 00 00 00 7B 1E 80 28 00 00 00 00 CC AF C0 28 BC 03 42 2A 08 EC 19 2A 00 00 00 00 C8 EF B3 25
00 00 00 00 00 00 00 00 00 00 00 00 C4 94 DE 27 00 00 00 00 06 ED 11 28 37 A2 2C 2A 74 F9 13 2A
00 00 00 00 26 6E E0 26 00 00 00 00 00 00 00 00 00 00 00 00 33 C3 7D 28 00 00 00 00 BE 17 FD 28
CA 81 30 2A 1B BC E5 29 00 00 00 00 8D 79 3B 28 00 00 00 00 00 00 00 00 00 00 00 00 13 98 6D 28
00 00 00 00 3D 73 B4 28 C3 BB 6B 2A 36 00 33 2A 00 00 00 00 C7 68 9F 27 00 00 00 00 00 00 00 00
00 00 00 00 3E 26 93 27 00 00 00 00 C5 66 B0 27 E0 92 2E 2A 5D C2 0A 2A 00 00 00 00 6E 6B 01 28
00 00 00 00 00 00 00 00 00 00 00 00 2F D4 84 28 00 00 00 00 48 29 1A 29 6D 7B 71 2A F1 F3 33 2A
00 00 00 00 E3 50 19 28 00 00 00 00 00 00 00 00 00 00 00 00 15 7B 5B 28 00 00 00 00 B9 E8 BD 28
93 3B 41 2A 1A 7A 0B 2A 00 00 00 00 17 56 0E 28 00 00 00 00 00 00 00 00 00 00 00 00 32 93 46 28
00 00 00 00 A5 C3 A1 28 E8 32 11 2A 22 92 B1 29 00 00 00 00 C7 55 87 28 00 00 00 00 00 00 00 00
00 00 00 00 02 D2 3F 28 00 00 00 00 6A A9 7A 28 8A 74 35 2A 4F 86 0F 2A 00 00 00 00 61 84 D6 27
00 00 00 00 00 00 00 00 00 00 00 00 0F 7B 83 28 00 00 00 00 0E 7A 06 29 34 F2 6C 2A D7 1D 23 2A
00 00 00 00 3F EE 22 28 00 00 00 00 00 00 00 00 00 00 00 00 3C FC 8F 28 00 00 00 00 E1 BE 0E 29
E9 EC 6D 2A 6A F6 30 2A 00 00 00 00 F5 10 BA 27 00 00 00 00 00 00 00 00 00 00 00 00 81 FB 8C 28
00 00 00 00 2F B2 0B 29 3B E8 57 2A CA 28 0A 2A 00 00 00 00 DE EB 66 28 00 00 00 00 00 00 00 00
00 00 00 00 FF 0F 12 28 00 00 00 00 6E 71 4B 28 D1 56 2F 2A 0A 6E DB 29 00 00 00 00 F3 13 B4 28
00 00 00 00 00 00 00 00 00 00 00 00 85 91 A3 28 00 00 00 00 5A A1 50 29 ED 0D 9A 2A F0 61 7D 2A
29 7C 16 28 00 00 00 00 8A 4D D2 27 00 00 00 00 00 00 00 00 59 4F 8D 28 00 00 00 00 B3 F0 06 2A
4B 54 AD 2A 94 50 3B 2A 00 00 00 00 49 13 A8 28 00 00 00 00 00 00 00 00 00 00 00 00 BB 91 64 28
00 00 00 00 FC C4 98 28 BD A4 25 2A E7 F0 A0 29 00 00 00 00 59 9A B6 28 00 00 00 00 00 00 00 00
00 00 00 00 E4 F9 B4 27 00 00 00 00 3F D3 C6 27 CD 21 E3 29 E0 50 2D 29 00 00 00 00 31 76 F2 28
00 00 00 00 00 00 00 00 00 00 00 00 00 00 00 00 60 69 96 27 00 00 00 00 A9 98 A7 29 B0 31 37 29
00 00 00 00 1B D0 B1 28 00 00 00 00 00 00 00 00 00 00 00 00 AD 13 D1 28 00 00 00 00 EA 4B 86 29
99 30 96 2A 17 1C 5D 2A 00 00 00 00 D0 ED 5A 25 00 00 00 00 00 00 00 00 00 00 00 00 4D 2B 9E 28
00 00 00 00 7D E3 CA 29 97 26 7A 2A 35 00 DD 29 00 00 00 00 63 6C AE 28 00 00 00 00 00 00 00 00
00 00 00 00 78 C8 C3 28 00 00 00 00 5C EC 93 29 BA 6D 80 2A B7 9E 02 2A 00 00 00 00 13 7A A9 28
00 00 00 00 00 00 00 00 00 00 00 00 A4 B1 AB 28 00 00 00 00 49 51 74 29 E8 8C 63 2A 84 35 E3 29
00 00 00 00 A6 75 0E 29 00 00 00 00 00 00 00 00 00 00 00 00 00 00 00 00 B2 B0 C8 28 00 00 00 00
AB D5 DD 29 26 D7 B4 2A 1C 69 C2 2A 9C 75 6A 2A 3F 40 15 2A 43 11 36 2A F6 92 E6 2A 04 15 C0 2B
A3 B7 80 2C 34 88 EF 2C 4B 04 0E 2D C8 1E C0 2C 13 25 B8 2B 00 00 00 00 FF 9D 7A 2A 00 00 00 00
00 00 00 00 00 00 00 00 00 00 00 00 00 00 00 00 00 00 00 00 00 00 00 00 00 00 00 00 00 00 00 00
00 00 00 00 00 00 00 00 00 00 00 00 00 00 00 00 4D 1D 42 2A 00 00 00 00 7C CB AF 2A 0E 39 3E 2B
A1 15 03 2B F4 EC FB 29 09 63 5C 28 1E 0C A1 27 53 A9 1D 28 2F 93 9E 29 80 08 C2 2A 1E 20 64 2B
FE 04 7E 2B 62 D7 FD 2A B7 B1 57 29 00 00 00 00 0B CA 38 28 00 00 00 00 B8 4C 2D 26 00 00 00 00
C0 E0 D7 26 20 32 48 2A 47 0A A4 2A AD 52 01 2A 00 00 00 00 F2 8A A7 28 00 00 00 00 00 00 00 00
00 00 00 00 8B B1 66 28 00 00 00 00 78 F2 09 2A C7 FD 81 2A D7 F1 AE 29 00 00 00 00 F3 14 C2 28
00 00 00 00 00 00 00 00 00 00 00 00 15 08 8D 28 00 00 00 00 84 80 B4 29 B0 0B 58 2A 91 8E C1 29
00 00 00 00 27 A9 AC 28 00 00 00 00 00 00 00 00 00 00 00 00 92 91 8F 28 00 00 00 00 BA 46 B9 29
25 BC 46 2A D5 1F 7C 29 00 00 00 00 B1 3A C9 28 00 00 00 00 00 00 00 00 00 00 00 00 CE A2 C1 28
00 00 00 00 4C DA 3C 29 18 10 18 2A 5A 1F 31 29 00 00 00 00 D0 F3 A4 28 00 00 00 00 00 00 00 00
00 00 00 00 EA 40 5A 28 00 00 00 00 BF 9C 0E 2A 48 EC 83 2A 9C 6B B9 29 00 00 00 00 06 8B D8 28
00 00 00 00 00 00 00 00 00 00 00 00 09 78 9B 28 00 00 00 00 45 4F 5E 29 32 70 1F 2A 78 E4 75 29
00 00 00 00 97 1E A9 28 00 00 00 00 00 00 00 00 00 00 00 00 F7 6D F7 27 00 00 00 00 B5 B4 39 2A
A7 F7 A0 2A E5 0A F9 29 00 00 00 00 9C 4E D2 28 00 00 00 00 00 00 00 00 00 00 00 00 A4 28 A4 28
00 00 00 00 55 13 E5 29 13 3A 68 2A D4 43 83 29 00 00 00 00 AC 8A F8 28 00 00 00 00 00 00 00 00
00 00 00 00 90 D2 BF 28 00 00 00 00 E6 8F 91 29 75 BF 0F 2A 0A CC 83 28 00 00 00 00 69 26 8D 28
00 00 00 00 00 00 00 00 00 00 00 00 B5 AB 6E 28 00 00 00 00 F0 7B 5B 28 34 5D 8A 29 00 00 00 00
E6 8D 5E 27 00 00 00 00 00 00 00 00 00 00 00 00 00 00 00 00 00 00 00 00 D3 FC E9 27 00 00 00 00
B1 28 2A 29 FA 25 3C 27 00 00 00 00 D7 0E BD 27 00 00 00 00 00 00 00 00 00 00 00 00 5A 7D B2 28
00 00 00 00 C4 47 2A 2A 16 AA 9F 2A 54 ED F6 29 00 00 00 00 F1 DA A7 28 00 00 00 00 00 00 00 00
00 00 00 00 BD 32 41 27 00 00 00 00 38 63 8F 2A E3 5E E6 2A 5F 73 48 2A 00 00 00 00 02 2B 0D 28
00 00 00 00 00 00 00 00 00 00 00 00 49 0C 03 27 00 00 00 00 02 BF 6A 2A 4B 85 B0 2A DF AA E2 29
00 00 00 00 72 4D FB 28 00 00 00 00 00 00 00 00 00 00 00 00 14 CD 88 28 00 00 00 00 71 AA B6 29
0F 1C 27 2A B0 9C 1B 29 00 00 00 00 C0 68 D7 28 00 00 00 00 00 00 00 00 00 00 00 00 BD 11 9B 28
00 00 00 00 CA F3 03 2A 95 EF 64 2A 10 DC 81 29 00 00 00 00 E5 FA E8 28 00 00 00 00 00 00 00 00
00 00 00 00 15 0F 80 28 00 00 00 00 0B 1F 3A 2A BD 7C 86 2A 85 D7 78 29 00 00 00 00 A4 2D E3 28
00 00 00 00 00 00 00 00 00 00 00 00 F5 F3 A0 28 00 00 00 00 15 66 E6 29 C0 B2 3F 2A 2D 49 1A 29
00 00 00 00 DC E8 CE 28 00 00 00 00 00 00 00 00 00 00 00 00 1E 67 A8 28 00 00 00 00 2C FD F6 29
3D DA 4C 2A A0 27 43 29 00 00 00 00 63 E8 C7 28 00 00 00 00 00 00 00 00 00 00 00 00 FF BF 8A 28
00 00 00 00 73 5A 16 2A CA 93 72 2A AA 93 55 29 00 00 00 00 27 1F F6 28 00 00 00 00 00 00 00 00
00 00 00 00 59 C8 A0 28 00 00 00 00 B0 9A 09 2A 56 23 64 2A 56 BA 51 29 00 00 00 00 80 5C 04 29
00 00 00 00 00 00 00 00 00 00 00 00 CC 2C 9C 28 00 00 00 00 9F 7D C6 29 96 93 2E 2A 3A 84 02 29
00 00 00 00 0D 5A B8 28 00 00 00 00 00 00 00 00 00 00 00 00 1C D5 82 28 00 00 00 00 A8 23 1C 2A
16 FC 7C 2A 9B B0 5E 29 00 00 00 00 2A 50 FD 28 00 00 00 00 00 00 00 00 00 00 00 00 96 08 C0 28
00 00 00 00 0D 9B D9 29 4C C3 50 2A C6 3C 55 29 00 00 00 00 AB 25 E8 28 00 00 00 00 00 00 00 00
00 00 00 00 FA 8D 8E 28 00 00 00 00 8C B9 EA 29 08 5E 2E 2A 1F BF C2 28 00 00 00 00 50 9E 93 28
00 00 00 00 00 00 00 00 00 00 00 00 1B 23 41 28 00 00 00 00 14 4A 2A 2A CA C7 64 2A 6D 6A 3D 29
00 00 00 00 D8 22 D7 28 00 00 00 00 00 00 00 00 00 00 00 00 2A A8 21 27 00 00 00 00 1F A0 72 2A
AD F1 73 2A 63 05 A8 28 00 00 00 00 60 80 87 28 00 00 00 00 00 00 00 00 00 00 00 00 88 B3 1F 28
00 00 00 00 87 5D EB 29 D2 86 1A 2A FA 67 1F 28 00 00 00 00 D4 BB 39 28 00 00 00 00 00 00 00 00
00 00 00 00 2E 3F 99 28 00 00 00 00 B0 B7 2B 2A F0 5A 87 2A 10 46 64 29 00 00 00 00 51 92 FB 28
00 00 00 00 00 00 00 00 00 00 00 00 B7 7D 90 28 00 00 00 00 C2 52 CB 29 6D 19 13 2A F6 1E A3 28
00 00 00 00 32 ED 8C 28 00 00 00 00 00 00 00 00 00 00 00 00 22 5D AF 26 00 00 00 00 E4 89 5C 2A
87 B8 6A 2A C9 D3 C1 28 00 00 00 00 65 4B 98 28 00 00 00 00 00 00 00 00 00 00 00 00 C2 0A EE 27
00 00 00 00 A0 58 3F 2A 09 F3 6E 2A D3 0E 37 29 00 00 00 00 C5 B7 CC 28 00 00 00 00 00 00 00 00
00 00 00 00 67 16 BB 27 00 00 00 00 26 FE 13 2A 56 26 22 2A 85 F0 98 27 00 00 00 00 EE 92 BC 27
00 00 00 00 00 00 00 00 00 00 00 00 96 78 67 28 00 00 00 00 55 A3 EF 29 F0 5A 0B 2A A3 B7 CB 26
00 00 00 00 CA B7 F7 26 00 00 00 00 00 00 00 00 00 00 00 00 01 6B CE 27 00 00 00 00 B5 0A 3A 2A
4B DA 67 2A D7 A2 22 29 00 00 00 00 E2 84 CB 28 00 00 00 00 00 00 00 00 00 00 00 00 4D D3 E4 27
00 00 00 00 74 D5 29 2A DC D9 72 2A A8 26 81 29 00 00 00 00 79 8C BD 28 00 00 00 00 00 00 00 00
1A 3D 58 28 00 00 00 00 DF 9E 1A 29 7F 80 89 2A FE 13 80 2A AD 2E 0B 29 00 00 00 00 5B E0 BB 28
00 00 00 00 00 00 00 00 00 00 00 00 26 2F 5C 28 00 00 00 00 B3 5F F4 29 CE A6 08 2A 00 00 00 00
A8 80 30 27 00 00 00 00 00 00 00 00 00 00 00 00 00 00 00 00 8C D2 CC 28 00 00 00 00 CE 69 5E 29
CB BF 80 29 00 00 00 00 8B 2C 7C 28 00 00 00 00 00 00 00 00 00 00 00 00 00 00 00 00 1E 76 A4 28
00 00 00 00 48 C8 94 29 52 FF 9A 29 00 00 00 00 39 E5 81 28 00 00 00 00 00 00 00 00 00 00 00 00
A0 86 82 27 00 00 00 00 ED 51 B7 27 83 FF 62 2A 10 82 76 2A B9 B0 18 29 00 00 00 00 5D 89 B5 28
00 00 00 00 00 00 00 00 94 FC 1E 28 00 00 00 00 C1 88 A3 28 88 41 7B 2A 16 30 74 2A A3 A1 AD 28
00 00 00 00 9C 66 70 28 00 00 00 00 00 00 00 00 1D 17 1D 28 00 00 00 00 73 4A A9 28 F4 A5 61 2A
67 9B 54 2A 96 35 93 28 00 00 00 00 27 D2 63 28 00 00 00 00 00 00 00 00 00 00 00 00 EF 33 43 27
00 00 00 00 0E AB 21 2A CB 84 0A 2A 00 00 00 00 56 07 3C 28 00 00 00 00 00 00 00 00 00 00 00 00
00 00 00 00 8A 4B A6 28 00 00 00 00 53 81 FC 28 14 D1 6D 2A 79 3A AA 2A 21 57 57 2A 04 3D CF 29
35 55 B8 29 15 77 4C 2A 98 B6 46 2B CF 85 22 2C 52 ED B5 2C 86 6F 03 2D 89 43 E3 2C 82 D7 39 2C
00 00 00 00 8A 66 7F 29 00 00 00 00 00 00 00 00 00 00 00 00 00 00 00 00 00 00 00 00 00 00 00 00
00 00 00 00 00 00 00 00 00 00 00 00 00 00 00 00 00 00 00 00 00 00 00 00 00 00 00 00 C5 15 54 2A
00 00 00 00 3E 44 1C 2A 84 82 54 2B 13 16 58 2B C5 8B BF 2A 11 D8 AC 29 56 EA DF 28 43 25 DB 28
EB 10 AA 29 3E 4D A2 2A 8D AC 49 2B 84 62 89 2B C4 78 35 2B D4 56 28 2A 00 00 00 00 56 84 70 28
00 00 00 00 00 00 00 00 B0 0C B7 27 00 00 00 00 15 47 07 2A F0 37 A7 2A 24 16 3D 2A 00 00 00 00
FE C7 21 28 00 00 00 00 00 00 00 00 00 00 00 00 FE 6B 56 28 00 00 00 00 5C BA CA 28 4B D8 4B 2A
E3 C1 1D 2A 63 C4 89 27 00 00 00 00 13 3D 8F 27 00 00 00 00 00 00 00 00 84 59 99 28 00 00 00 00
4D 7C 6D 29 A3 1C 80 2A DB B8 30 2A 00 00 00 00 F1 06 D8 27 00 00 00 00 00 00 00 00 00 00 00 00
AF EE 28 28 00 00 00 00 54 7C 62 28 DA BD 12 2A 71 10 91 29 00 00 00 00 54 31 9D 28 00 00 00 00
00 00 00 00 00 00 00 00 99 96 0C 28 00 00 00 00 4A 19 3F 28 90 A9 1A 2A 91 3F E3 29 00 00 00 00
14 69 36 28 00 00 00 00 00 00 00 00 00 00 00 00 D3 9D 89 28 00 00 00 00 F6 32 1D 29 20 8C 5C 2A
8B 52 1F 2A 00 00 00 00 8E EB 4A 27 00 00 00 00 00 00 00 00 00 00 00 00 59 B9 95 28 00 00 00 00
5C D0 0A 29 14 DF 7C 2A 6D 47 26 2A 00 00 00 00 FC F8 0E 28 00 00 00 00 00 00 00 00 00 00 00 00
AA 55 B9 28 00 00 00 00 F6 EB A2 29 A6 F1 B4 2A 7C D9 89 2A BE F6 2B 28 00 00 00 00 64 36 0D 28
00 00 00 00 00 00 00 00 50 5C 25 28 00 00 00 00 1B 9A 7C 28 E7 7B 2C 2A 20 BC EA 29 00 00 00 00
75 F3 65 28 00 00 00 00 00 00 00 00 00 00 00 00 1E CD 93 28 00 00 00 00 DA 46 0B 29 DF 4D 44 2A
F5 F1 D2 29 00 00 00 00 11 7C D3 28 00 00 00 00 00 00 00 00 00 00 00 00 00 00 00 00 DA 17 88 28
00 00 00 00 9C A6 37 29 C8 E3 53 28 00 00 00 00 45 A2 B2 28 00 00 00 00 00 00 00 00 00 00 00 00
00 00 00 00 4A BD C8 28 00 00 00 00 C2 DF 3C 29 CE 8A B9 28 00 00 00 00 E7 6A 92 28 00 00 00 00
00 00 00 00 00 00 00 00 C0 63 C2 28 00 00 00 00 B5 92 34 29 08 71 87 2A D8 7E 44 2A 48 C9 17 25
00 00 00 00 DE EE 05 25 00 00 00 00 00 00 00 00 CD 7E 90 28 00 00 00 00 27 30 1D 2A AD C2 E5 2A
F8 D3 9F 2A C6 89 B0 28 00 00 00 00 8C D3 49 28 00 00 00 00 00 00 00 00 44 91 8A 28 00 00 00 00
C6 D6 CD 29 6A B3 A7 2A F8 0C 5D 2A 00 00 00 00 10 30 C2 27 00 00 00 00 00 00 00 00 00 00 00 00
DA B9 A5 28 00 00 00 00 C4 27 89 29 B3 CF 85 2A EA E3 31 2A 00 00 00 00 47 F9 17 28 00 00 00 00
00 00 00 00 00 00 00 00 C9 44 AD 28 00 00 00 00 E9 AD 83 29 57 A6 6E 2A EA CA E5 29 00 00 00 00
BF D2 B6 28 00 00 00 00 00 00 00 00 00 00 00 00 AA B0 8E 28 00 00 00 00 A2 5A 01 29 45 5B 37 2A
37 89 C0 29 00 00 00 00 97 F2 BB 28 00 00 00 00 00 00 00 00 00 00 00 00 09 20 91 28 00 00 00 00
DC A2 11 29 F6 EA 48 2A 23 07 E1 29 00 00 00 00 F3 BF A2 28 00 00 00 00 00 00 00 00 00 00 00 00
B9 FD C9 28 00 00 00 00 68 18 8C 29 B0 6A 80 2A 78 EB 00 2A 00 00 00 00 39 E3 C2 28 00 00 00 00
00 00 00 00 00 00 00 00 E5 33 87 28 00 00 00 00 B3 AA 2C 29 AB 5B 32 2A 48 40 AA 29 00 00 00 00
47 88 C6 28 00 00 00 00 00 00 00 00 00 00 00 00 AF 58 A6 28 00 00 00 00 C3 E6 0F 29 44 FE 47 2A
70 B9 D7 29 00 00 00 00 55 AE B2 28 00 00 00 00 00 00 00 00 00 00 00 00 88 5D A4 28 00 00 00 00
9B 37 BF 29 52 3E 85 2A 43 FE 0A 2A 00 00 00 00 94 4E 9B 28 00 00 00 00 00 00 00 00 00 00 00 00
AF F4 E5 28 00 00 00 00 30 2C 89 29 51 6D 6F 2A BE 35 E5 29 00 00 00 00 FF EA 9F 28 00 00 00 00
00 00 00 00 00 00 00 00 CE 29 A4 28 00 00 00 00 C4 70 27 29 17 40 1D 2A F4 D0 8E 29 00 00 00 00
32 77 9E 28 00 00 00 00 00 00 00 00 00 00 00 00 75 22 A6 28 00 00 00 00 1E 13 47 29 A8 80 48 2A
3A 9F CF 29 00 00 00 00 D3 DA 9E 28 00 00 00 00 00 00 00 00 00 00 00 00 CE 4A BB 28 00 00 00 00
7A 2D 64 29 59 34 54 2A F3 6A BA 29 00 00 00 00 AB 1F E5 28 00 00 00 00 00 00 00 00 00 00 00 00
E0 D1 B1 28 00 00 00 00 BB 9B C8 29 BF 57 6A 2A 11 87 B8 29 00 00 00 00 05 B9 CF 28 00 00 00 00
00 00 00 00 00 00 00 00 A6 C2 CC 28 00 00 00 00 F4 E0 8E 29 95 E2 65 2A A0 20 DF 29 00 00 00 00
3B 57 C0 28 00 00 00 00 00 00 00 00 00 00 00 00 8D FA B1 28 00 00 00 00 FB 4B 70 29 AC 5A 55 2A
B4 BE BC 29 00 00 00 00 09 48 F7 28 00 00 00 00 00 00 00 00 00 00 00 00 10 90 C1 28 00 00 00 00
13 83 A6 29 DE 56 64 2A A7 71 BA 29 00 00 00 00 CF 25 D6 28 00 00 00 00 00 00 00 00 00 00 00 00
AA F6 B5 28 00 00 00 00 1F 37 A0 29 ED 8C 65 2A BC 71 E4 29 00 00 00 00 D8 1D 95 28 00 00 00 00
00 00 00 00 00 00 00 00 A3 82 A3 28 00 00 00 00 B8 9B CB 29 63 0D 58 2A 89 11 71 29 00 00 00 00
3C CB 00 29 00 00 00 00 00 00 00 00 00 00 00 00 A0 59 C9 28 00 00 00 00 EF 72 78 29 9C 02 33 2A
65 D6 87 29 00 00 00 00 E7 82 CE 28 00 00 00 00 00 00 00 00 00 00 00 00 D1 02 BB 28 00 00 00 00
DA E0 F8 29 80 15 77 2A AE DF 94 29 00 00 00 00 E0 C5 CC 28 00 00 00 00 00 00 00 00 00 00 00 00
6D CF A0 28 00 00 00 00 F2 8D 9B 29 7D 32 33 2A 60 31 33 29 00 00 00 00 44 E2 C9 28 00 00 00 00
00 00 00 00 00 00 00 00 EC 32 B6 28 00 00 00 00 DC EA 03 2A CA CB 93 2A EC AA 02 2A 00 00 00 00
73 C2 AF 28 00 00 00 00 00 00 00 00 00 00 00 00 56 6E EA 27 00 00 00 00 01 5C 6E 2A 7D 6F C2 2A
51 4F 19 2A 00 00 00 00 18 79 C0 28 00 00 00 00 00 00 00 00 00 00 00 00 78 44 9F 28 00 00 00 00
EB D5 9C 29 F9 EB 2F 2A F9 F4 5B 29 00 00 00 00 E3 16 EF 28 00 00 00 00 00 00 00 00 00 00 00 00
D5 38 53 28 00 00 00 00 F1 79 60 28 58 50 9F 29 41 4C C6 26 00 00 00 00 37 67 35 27 00 00 00 00
00 00 00 00 00 00 00 00 A5 14 B0 28 00 00 00 00 96 9D C1 28 DA 37 06 2A E0 7F 16 29 00 00 00 00
A4 23 C7 28 00 00 00 00 00 00 00 00 00 00 00 00 72 40 8E 28 00 00 00 00 7D FA 38 2A F3 0F 95 2A
C2 4E AB 29 00 00 00 00 09 24 D4 28 00 00 00 00 00 00 00 00 00 00 00 00 DB 96 27 28 00 00 00 00
19 00 30 2A C2 6C 8F 2A 52 3C C4 29 00 00 00 00 B2 33 BF 28 00 00 00 00 00 00 00 00 00 00 00 00
DA 78 45 28 00 00 00 00 04 BB 08 2A AF 89 58 2A F9 4F 6A 29 00 00 00 00 A8 F3 CE 28 00 00 00 00
00 00 00 00 00 00 00 00 30 17 70 28 00 00 00 00 AF 70 09 2A BF D0 5D 2A 62 4F 30 29 00 00 00 00
93 F3 19 29 00 00 00 00 00 00 00 00 00 00 00 00 00 00 00 00 A1 C5 AC 28 00 00 00 00 3F 0D ED 29
C0 73 8D 2A 1E BB 6C 2A 95 EE D5 29 1F 72 85 29 33 B5 D4 29 BB 8B CE 2A AB AB D7 2B 9F C3 94 2C
B2 17 00 2D C2 D8 05 2D FB 5B 97 2C 00 F6 18 2B 00 00 00 00 1C F2 4A 2A 00 00 00 00 00 00 00 00
00 00 00 00 00 00 00 00 00 00 00 00 00 00 00 00 00 00 00 00 00 00 00 00 00 00 00 00 00 00 00 00
00 00 00 00 00 00 00 00 00 00 00 00 BD E1 69 29 00 00 00 00 DD 02 33 2B 7D 12 83 2B 8D 83 0E 2B
39 A2 D7 29 8A AD 76 28 BA B9 07 28 C8 BD C4 28 55 7C 2E 2A 02 25 25 2B 49 A0 94 2B 53 71 76 2B
FF 44 97 2A 00 00 00 00 6D 13 A0 28 00 00 00 00 00 00 00 00 EA E4 4B 28 00 00 00 00 9E 75 32 29
F0 BB 8F 2A 9D F5 97 2A 95 35 7E 29 00 00 00 00 A8 4A E0 28 00 00 00 00 00 00 00 00 00 00 00 00
BD DA 6F 27 00 00 00 00 21 65 25 2A DD D7 36 2A 71 3A 5B 28 00 00 00 00 2E DC 4C 28 00 00 00 00
00 00 00 00 00 00 00 00 F8 4B 78 27 00 00 00 00 0D 4E 04 2A 30 A5 29 2A 4F 5C E1 28 00 00 00 00
48 D7 A6 28 00 00 00 00 00 00 00 00 00 00 00 00 F8 A2 8B 27 00 00 00 00 1E 99 40 2A 1A FD 68 2A
16 F3 37 29 00 00 00 00 4B 1F BC 28 00 00 00 00 00 00 00 00 00 00 00 00 A8 5D 2F 28 00 00 00 00
7A EE F1 29 CA 61 25 2A 66 37 D1 28 00 00 00 00 22 0E A3 28 00 00 00 00 00 00 00 00 00 00 00 00
99 8E 5C 28 00 00 00 00 B2 9C DC 29 7F 31 1E 2A 59 64 77 28 00 00 00 00 86 A2 69 28 00 00 00 00
00 00 00 00 00 00 00 00 0C 99 A9 27 00 00 00 00 17 22 43 2A ED A6 60 2A B7 83 0B 29 00 00 00 00
2A 5F AB 28 00 00 00 00 00 00 00 00 00 00 00 00 3D 51 C2 27 00 00 00 00 E9 61 40 2A B8 F8 87 2A
02 6A 8B 29 00 00 00 00 43 0D D1 28 00 00 00 00 00 00 00 00 87 62 70 27 00 00 00 00 69 41 D8 27
00 00 00 00 18 C1 D9 2C 00 00 00 00 00 00 00 00 84 62 F5 2E 00 00 00 00 DA 44 67 30 56 2D 69 30
00 00 00 00 79 49 20 2E 00 00 00 00 00 00 00 00 00 00 00 00 00 00 00 00 0E 71 BC 2C 00 00 00 00
1B 2C 1E 30 88 3B 13 30 5D 14 A2 2B 00 00 00 00 93 98 88 2B 00 00 00 00 00 00 00 00 3D FD 00 2D
00 00 00 00 82 FA F4 2C AF 1F 9A 2F B4 A7 8A 2F B9 82 D2 2B 00 00 00 00 E1 B1 AD 2B 00 00 00 00
00 00 00 00 F4 23 7C 2C 00 00 00 00 FB 87 6E 2C 7B CD 08 2F 2F 75 F2 2E 82 3E 9A 2A 00 00 00 00
37 85 80 2A 00 00 00 00 00 00 00 00 9E 4C A6 2B 00 00 00 00 DC F4 95 2B E7 EA 5C 2E 61 9F 3C 2E
00 00 00 00 65 81 66 2B 00 00 00 00 00 00 00 00 00 00 00 00 96 C0 20 2B 00 00 00 00 DA A2 12 2B
A1 DC C6 2D 0F 2B A9 2D 00 00 00 00 CA 1D 67 2A 00 00 00 00 00 00 00 00 00 00 00 00 CF DF 5A 2B
00 00 00 00 5B BC 81 2B FA CA 2F 2D 2A B9 05 2D 00 00 00 00 DE 43 8F 2A 00 00 00 00 00 00 00 00
00 00 00 00 42 90 FF 29 00 00 00 00 9D 15 D9 29 DB 8B 60 2C A9 3D 28 2C 00 00 00 00 17 4A 11 2A
00 00 00 00 00 00 00 00 00 00 00 00 E4 55 47 2A 00 00 00 00 45 99 7F 2A B2 17 C2 2B A4 5E 6C 2B
00 00 00 00 16 F7 BA 29 00 00 00 00 00 00 00 00 00 00 00 00 5A E1 BC 29 00 00 00 00 CF 4B 6F 2A
47 0E 23 2B 74 3C 84 2A 00 00 00 00 E6 04 65 29 00 00 00 00 00 00 00 00 00 00 00 00 FB 93 0F 29
00 00 00 00 42 4F 85 29 26 D9 0B 2A B7 59 FB 28 00 00 00 00 F2 65 59 28 00 00 00 00 00 00 00 00
00 00 00 00 AB E4 18 26 00 00 00 00 B4 4C 87 29 8D 50 5C 29 17 D9 8D 27 00 00 00 00 5E 2E 0D 27
00 00 00 00 00 00 00 00 7B A6 02 27 00 00 00 00 20 82 FC 27 26 67 04 28 00 00 00 00 E6 2C 34 27
00 00 00 00 00 00 00 00 00 00 00 00 08 BD 1A 26 00 00 00 00 FA 0E B9 25 9F E8 1E 28 B3 E9 50 27
00 00 00 00 C5 23 0E 27 00 00 00 00 00 00 00 00 B3 A7 E6 26 00 00 00 00 67 A6 3D 27 A7 75 A9 28
66 5A 80 28 00 00 00 00 08 7C 9B 27 00 00 00 00 00 00 00 00 00 00 00 00 88 69 48 27 00 00 00 00
EA A8 09 29 BA 86 34 29 91 B5 18 28 00 00 00 00 61 4B EF 27 00 00 00 00 00 00 00 00 00 00 00 00
89 F3 4A 27 00 00 00 00 07 98 41 29 46 13 85 29 83 6B 43 28 00 00 00 00 1B D4 12 28 00 00 00 00
00 00 00 00 00 00 00 00 AF 93 A2 27 00 00 00 00 BF E0 24 29 8E 91 21 29 00 00 00 00 BB 35 3C 27
00 00 00 00 00 00 00 00 00 00 00 00 00 00 00 00 7C F8 C5 27 00 00 00 00 B7 58 88 29 65 DC AF 29
40 5D 76 28 00 00 00 00 3B C3 32 28 00 00 00 00 00 00 00 00 00 00 00 00 64 16 C4 25 00 00 00 00
78 0C C7 29 3B 0B E3 29 39 A4 2B 28 00 00 00 00 F1 18 15 28 00 00 00 00 00 00 00 00 24 2F 21 26
00 00 00 00 FB F7 5F 26 35 FE F0 29 A2 9B D8 29 E2 48 83 27 00 00 00 00 70 12 69 27 00 00 00 00
00 00 00 00 B3 42 39 28 00 00 00 00 6B 53 B2 29 32 5E 85 2A 07 9A 31 2A 00 00 00 00 7E 5D 0E 27
00 00 00 00 00 00 00 00 00 00 00 00 4D 50 3B 28 00 00 00 00 69 F7 C3 28 C8 4A 16 2A CC 9A 9D 29
00 00 00 00 8C 88 80 28 00 00 00 00 00 00 00 00 00 00 00 00 00 00 00 00 4E 3E D8 25 00 00 00 00
BD FD C6 29 86 96 4B 29 00 00 00 00 5B 6E B7 28 00 00 00 00 00 00 00 00 00 00 00 00 00 00 00 00
C4 6C 98 28 00 00 00 00 63 4C 1C 29 D1 E4 DC 28 00 00 00 00 FB 04 89 28 00 00 00 00 00 00 00 00
00 00 00 00 66 35 B2 28 00 00 00 00 30 46 6A 29 54 D2 86 2A 3D 30 30 2A 00 00 00 00 B7 74 E6 27
00 00 00 00 00 00 00 00 00 00 00 00 27 AC 90 28 00 00 00 00 10 71 C1 29 C1 B0 9F 2A 30 4C 51 2A
00 00 00 00 58 2D D7 27 00 00 00 00 00 00 00 00 00 00 00 00 CF 89 AA 28 00 00 00 00 3F C4 56 29
4A C1 6E 2A A6 60 19 2A 00 00 00 00 AD 98 21 28 00 00 00 00 00 00 00 00 00 00 00 00 DD 9A 8B 28
00 00 00 00 4F 96 2C 29 DA C9 2F 2A FD 48 A8 29 00 00 00 00 67 57 FC 28 00 00 00 00 00 00 00 00
00 00 00 00 00 00 00 00 AB 22 C5 28 00 00 00 00 DC 14 68 29 50 C7 7D 2A F5 55 86 2A 5C 6C 05 2A
7E FC 94 29 1B 5D C7 29 AD 28 A6 2A C6 65 A9 2B BB 38 6B 2C E2 08 DC 2C 78 47 07 2D E9 94 C4 2C
6B C7 DF 2B 00 00 00 00 BF E4 4F 2A 00 00 00 00 00 00 00 00 00 00 00 00 00 00 00 00 00 00 00 00
00 00 00 00 00 00 00 00 00 00 00 00 00 00 00 00 00 00 00 00 00 00 00 00 00 00 00 00 00 00 00 00
AC 17 59 2A 00 00 00 00 A2 3E D0 2A 64 96 73 2B 32 AE 36 2B 78 51 55 2A E5 8E F9 28 FB 51 34 28
3C 75 8B 28 FC 2D BC 29 00 1D C5 2A 2B F8 5D 2B 44 5C 78 2B E9 03 E5 2A E0 55 A5 27 00 00 00 00
A3 3C 17 27 00 00 00 00 A4 6E 83 27 00 00 00 00 B7 05 08 28 A0 62 8B 2A A0 8F D2 2A CA 2A 28 2A
00 00 00 00 4C FE A3 28 00 00 00 00 00 00 00 00 00 00 00 00 D5 A0 90 28 00 00 00 00 73 67 AA 29
E0 FF 3D 2A 81 3D 92 29 00 00 00 00 09 EB 9E 28 00 00 00 00 00 00 00 00 00 00 00 00 80 77 52 28
00 00 00 00 DB BB 9D 29 3B 4A 38 2A 81 47 8E 29 00 00 00 00 8E 9F AE 28 00 00 00 00 00 00 00 00
00 00 00 00 CE EB E5 28 00 00 00 00 2A 85 D8 29 80 48 8F 2A 9F 08 E9 29 00 00 00 00 3A D0 DD 28
00 00 00 00 00 00 00 00 00 00 00 00 F7 0D 7E 28 00 00 00 00 79 C0 92 29 5E 26 57 2A 8A 5E D8 29
00 00 00 00 8E 55 BC 28 00 00 00 00 00 00 00 00 00 00 00 00 80 E7 95 28 00 00 00 00 9E F9 38 29
99 32 18 2A BB 83 7D 29 00 00 00 00 80 92 BF 28 00 00 00 00 00 00 00 00 00 00 00 00 A7 1B CA 28
00 00 00 00 0C C4 9B 29 BC E0 68 2A 82 DC C6 29 00 00 00 00 4D 04 BD 28 00 00 00 00 00 00 00 00
00 00 00 00 1D 0A 2A 28 00 00 00 00 31 52 ED 29 80 6D 50 2A D9 93 96 29 00 00 00 00 AD 07 BC 28
00 00 00 00 00 00 00 00 00 00 00 00 67 22 AF 28 00 00 00 00 D9 53 DA 29 29 FE 90 2A 6A A6 14 2A
00 00 00 00 5D 45 9A 28 00 00 00 00 00 00 00 00 00 00 00 00 90 12 8D 28 00 00 00 00 19 C8 50 29
4E 9E 0D 2A 3A 96 E9 28 00 00 00 00 93 72 DD 28 00 00 00 00 00 00 00 00 00 00 00 00 00 00 00 00
71 B5 FE 24 00 00 00 00 69 A6 67 29 00 00 00 00 0D 9F 52 24 00 00 00 00 00 00 00 00 00 00 00 00
00 00 00 00 00 00 00 00 2A 7A B1 27 00 00 00 00 B1 BD 3C 29 42 3F 2C 28 00 00 00 00 B8 2C 8D 28
00 00 00 00 00 00 00 00 00 00 00 00 C3 17 07 29 00 00 00 00 0A 08 B6 29 66 E2 97 2A 7C 09 21 2A
00 00 00 00 63 2A 80 28 00 00 00 00 00 00 00 00 00 00 00 00 C3 30 24 27 00 00 00 00 D1 DA 86 2A
9F 2E E1 2A 1F 10 4E 2A 00 00 00 00 76 44 79 28 00 00 00 00 00 00 00 00 00 00 00 00 86 39 9B 27
00 00 00 00 47 6A 70 2A BD F9 C5 2A FA A5 16 2A 00 00 00 00 66 E3 08 29 00 00 00 00 00 00 00 00
00 00 00 00 F8 BF CF 28 00 00 00 00 5F 73 AD 29 73 79 65 2A 28 19 A2 29 00 00 00 00 C3 04 DE 28
00 00 00 00 00 00 00 00 00 00 00 00 E8 3F 91 28 00 00 00 00 BA 32 C4 29 4A E9 62 2A 25 50 B7 29
00 00 00 00 D5 2D ED 28 00 00 00 00 00 00 00 00 00 00 00 00 7D 03 A6 28 00 00 00 00 54 C4 B7 29
70 D0 49 2A 5C 56 47 29 00 00 00 00 CA 04 CB 28 00 00 00 00 00 00 00 00 00 00 00 00 54 F9 97 28
00 00 00 00 1A 6D FD 29 70 27 77 2A A1 EB 9C 29 00 00 00 00 DB FD 13 29 00 00 00 00 00 00 00 00
00 00 00 00 6D 19 CE 28 00 00 00 00 7E 17 C0 29 F4 F5 45 2A EB 31 71 29 00 00 00 00 1B 67 01 29
00 00 00 00 00 00 00 00 00 00 00 00 F8 A9 A4 28 00 00 00 00 A1 77 EC 29 18 5B 7E 2A 67 BC B5 29
00 00 00 00 DC 29 E0 28 00 00 00 00 00 00 00 00 00 00 00 00 60 68 7B 28 00 00 00 00 B5 6C AD 29
00 0D 23 2A C8 65 0D 29 00 00 00 00 83 F9 D4 28 00 00 00 00 00 00 00 00 00 00 00 00 CB E0 B3 28
00 00 00 00 53 8B 0B 2A D2 5D 71 2A D6 7F 9E 29 00 00 00 00 58 C5 E7 28 00 00 00 00 00 00 00 00
00 00 00 00 EF 1F 59 28 00 00 00 00 B6 A4 D4 29 2B 2E 23 2A DE 2F 0B 29 00 00 00 00 BA 53 C0 28
00 00 00 00 00 00 00 00 00 00 00 00 63 B8 69 28 00 00 00 00 40 93 1E 2A 19 C2 75 2A 5F 83 5E 29
00 00 00 00 45 BA EC 28 00 00 00 00 00 00 00 00 00 00 00 00 B8 3F 9E 28 00 00 00 00 71 57 CB 29
