E4 54 C9 BA 05 ED C8 BA 97 50 C9 BA 26 C6 C9 BA 12 7E CB BA 57 CE CB BA EF 95 CB BA 88 13 00 00
09 73 80 21 00 00 00 00 56 CE 25 22 39 61 1F 20 00 00 00 00 E6 C2 D6 1D 58 5D 86 1E 00 00 00 00
B1 12 0D 1F 00 00 00 00 4D C0 3D 23 00 00 00 00 00 00 00 00 76 F7 79 24 00 00 00 00 00 9B 37 24
71 45 8D 24 D7 69 1F 24 97 95 F4 23 AC CC 27 24 E0 0E 96 24 29 09 B6 24 81 75 8E 24 8B D5 54 24
DB A1 44 24 08 09 54 24 56 02 54 24 26 78 38 24 7D 16 2D 24 88 47 23 24 31 96 9E 23 00 00 00 00
93 66 0E 20 00 00 00 00 00 00 00 00 00 00 00 00 00 00 00 00 00 00 00 00 00 00 00 00 00 00 00 00
00 00 00 00 00 00 00 00 F2 41 73 22 DC AD 32 21 10 AE 54 22 00 00 00 00 7E 70 68 21 00 00 00 00
71 06 AE 21 42 E6 89 24 19 CD 29 25 0B 86 7B 25 61 CD 87 25 20 4C 0F 25 F5 2C E4 23 6B EB 01 22
00 00 00 00 E1 1C 51 22 00 00 00 00 00 00 00 00 00 00 00 00 00 00 00 00 00 00 00 00 00 00 00 00
00 00 00 00 00 00 00 00 00 00 00 00 00 00 00 00 B1 27 B1 1F 00 00 00 00 B0 6F C1 20 04 4D BE 21
32 9A EC 21 00 00 00 00 A6 38 EA 20 00 00 00 00 00 00 00 00 58 82 1C 21 00 00 00 00 92 5E C9 22
00 00 00 00 5E 9A 02 22 00 00 00 00 00 00 00 00 00 00 00 00 00 00 00 00 00 00 00 00 6F F3 7D 1D
00 00 00 00 00 00 00 00 0D 4F BE 20 00 00 00 00 00 00 00 00 00 00 00 00 00 00 00 00 00 00 00 00
00 00 00 00 00 00 00 00 9E 2F 1E 23 00 00 00 00 AA A8 2F 23 7F A8 8F 23 1E 60 C4 21 06 EB 4F 20
49 23 A9 20 76 05 ED 22 B6 95 B2 24 96 BE 93 24 19 DC 89 21 00 00 00 00 00 00 00 00 00 00 00 00
7F 54 18 21 00 00 00 00 35 D1 94 22 00 00 00 00 00 00 00 00 00 00 00 00 00 00 00 00 00 00 00 00
00 00 00 00 00 00 00 00 00 00 00 00 00 00 00 00 00 00 00 00 00 00 00 00 00 00 00 00 00 00 00 00
15 9D 8A 22 00 00 00 00 52 A1 1A 23 79 37 C9 23 E7 2B 1C 24 78 62 24 24 98 24 C1 23 E5 F4 2A 23
85 1A 7A 22 98 48 7D 21 4B D5 7C 20 71 51 24 20 41 11 B2 20 D5 3F AF 20 00 00 00 00 F6 19 3C 22
00 00 00 00 00 00 00 00 00 00 00 00 71 20 1C 21 0D 35 E4 1F 6F 25 1B 20 7D 75 B3 20 00 00 00 00
F4 1A 8A 22 CB 7C 59 23 60 9A 75 23 5D A9 8E 23 54 B0 B9 23 C6 9A 13 24 41 92 BC 24 9A 3F A8 25
C4 72 6B 26 77 D0 A6 26 A5 96 8A 26 7F F4 08 26 36 E2 CC 24 82 2B FB 21 00 00 00 00 53 63 F8 21
00 00 00 00 00 00 00 00 00 00 00 00 00 00 00 00 00 00 00 00 00 00 00 00 73 ED B5 1F 0A 0A C5 1F
1D E0 0C 21 00 00 00 00 00 00 00 00 00 00 00 00 00 00 00 00 00 00 00 00 00 00 00 00 00 00 00 00
00 00 00 00 00 00 00 00 00 00 00 00 00 00 00 00 86 2C A8 22 00 00 00 00 11 F3 36 23 71 C7 93 24
84 04 61 25 C8 79 C5 25 11 0F A6 25 99 82 31 25 A9 7B FD 24 84 13 3C 25 D0 DD EF 25 57 F8 9D 26
FB 7D 29 27 1D BE A2 27 D1 F2 FA 27 7A 61 03 28 F1 90 C8 27 29 D9 86 27 AF E5 37 27 9C B6 FF 26
C4 CD 9E 26 5E CD 07 26 1B 17 F0 24 8C 71 11 23 00 00 00 00 C1 DB 31 22 00 00 00 00 00 00 00 00
00 00 00 00 00 00 00 00 00 00 00 00 00 00 00 00 00 00 00 00 00 00 00 00 00 00 00 00 00 00 00 00
00 00 00 00 00 00 00 00 00 00 00 00 00 00 00 00 00 00 00 00 00 00 00 00 00 00 00 00 00 00 00 00
00 00 00 00 00 00 00 00 00 00 00 00 00 00 00 00 00 00 00 00 00 00 00 00 4F A6 30 23 00 00 00 00
78 51 E9 23 A1 CE 02 25 FA 91 69 25 9B 74 8B 25 94 65 82 25 D0 55 7F 25 7D 30 89 25 5D 33 8F 25
45 10 84 25 24 DC 31 25 DF 62 68 24 7B 71 B6 23 14 D9 BC 23 F6 78 84 24 47 52 0E 25 D4 3B F4 24
99 9B 91 24 57 65 7A 24 0D 9E A7 24 19 F5 EF 24 21 82 FB 24 A5 E1 C4 24 BC 4D 0B 24 00 00 00 00
6D 32 91 22 00 00 00 00 00 00 00 00 00 00 00 00 7B 0A 0D 1C 00 00 00 00 CB 4F 29 21 49 81 88 23
32 EF D7 23 54 96 7B 22 00 00 00 00 CC 7D 02 22 00 00 00 00 00 00 00 00 00 00 00 00 00 00 00 00
00 00 00 00 00 00 00 00 00 00 00 00 00 00 00 00 D5 CF A3 27 00 00 00 00 84 61 85 29 FB 67 99 2A
1B CE 34 2B 47 65 A0 2B A1 BE EC 2B FF D0 18 2C 36 F6 30 2C 75 20 39 2C 47 E6 2D 2C 7C CF 07 2C
5E F3 84 2B 8D 8E AA 29 00 00 00 00 C7 B2 2B 29 00 00 00 00 00 00 00 00 00 00 00 00 00 00 00 00
00 00 00 00 00 00 00 00 00 00 00 00 00 00 00 00 00 00 00 00 00 00 00 00 00 00 00 00 00 00 00 00
00 00 00 00 13 D0 EB 26 00 00 00 00 20 62 F3 29 A7 56 B7 2A C6 54 14 2B AF D4 27 2B CD 1D 1B 2B
F6 FA FF 2A AF 72 C2 2A 68 82 87 2A 45 8E 2A 2A B3 4A CA 29 83 58 81 29 76 74 47 29 34 DA 36 29
E2 BC 2B 29 F1 57 0E 29 57 48 C7 28 71 69 70 28 53 D0 E5 27 7F 2B 02 27 BA FD 8B 25 C1 3D 45 24
B8 50 F3 23 C1 35 8B 24 52 ED 53 25 25 57 B1 25 B0 59 9B 25 71 B6 E7 24 00 00 00 00 F4 95 F5 23
00 00 00 00 00 00 00 00 00 00 00 00 00 00 00 00 00 00 00 00 CF FA 5B 22 00 00 00 00 A6 67 C7 20
00 00 00 00 4A 4D 03 23 00 00 00 00 00 00 00 00 00 00 00 00 1C 3E 66 24 00 00 00 00 75 C6 1E 25
9E 8E 03 26 8B 2C D0 25 A3 07 96 24 00 00 00 00 51 47 AF 22 00 00 00 00 00 00 00 00 00 00 00 00
00 00 00 00 00 00 00 00 00 00 00 00 00 00 00 00 00 00 00 00 46 1A FB 21 00 00 00 00 7F AD 14 23
73 37 63 24 6E AE 1B 25 72 EC C1 25 0B 44 4E 26 77 E9 8A 26 FF ED 47 26 5E 8E 80 25 00 00 00 00
BE 16 0F 23 00 00 00 00 00 00 00 00 00 00 00 00 00 00 00 00 41 CF 76 22 00 00 00 00 EA 04 5B 23
DF 2C C7 23 00 00 00 00 11 5F C7 23 00 00 00 00 00 00 00 00 88 38 8A 23 00 00 00 00 2E 04 3A 24
69 61 33 25 94 D2 64 25 9C 03 60 25 11 58 3D 25 17 EC 27 25 E8 10 38 25 63 9B 73 25 57 19 A9 25
E0 5A F1 25 79 B2 2A 26 A9 EC 3B 26 AA 4E 0C 26 50 F3 8E 25 10 F7 A4 24 F4 01 92 22 00 00 00 00
98 09 5A 20 47 79 66 20 00 00 00 00 00 00 00 00 13 63 9C 21 00 00 00 00 00 00 00 00 00 00 00 00
00 00 00 00 00 00 00 00 00 00 00 00 00 00 00 00 00 00 00 00 00 00 00 00 00 00 00 00 00 00 00 00
00 00 00 00 00 00 00 00 00 00 00 00 00 00 00 00 00 00 00 00 00 00 00 00 00 00 00 00 00 00 00 00
00 00 00 00 00 00 00 00 00 00 00 00 00 00 00 00 00 00 00 00 00 00 00 00 00 00 00 00 00 00 00 00
CB BD 9E 23 00 00 00 00 D8 A8 8B 23 6D 3E D6 25 FD 6D 7E 26 28 CB B0 26 5A FD CF 26 C8 74 03 27
71 E9 34 27 12 45 65 27 83 9C 6E 27 3B 58 52 27 38 66 35 27 E9 3F 2C 27 67 8B 27 27 A1 31 0A 27
73 AF BA 26 1B 9B 6A 26 24 89 12 26 BB A9 C3 25 45 E9 96 25 63 B6 7C 25 2B F0 3A 25 11 2B EE 24
85 7F C7 24 0B 21 09 25 55 0D 73 25 8C 2D B6 25 ED C6 CE 25 F6 21 C3 25 88 C0 A7 25 7B 93 A4 25
6D F8 C5 25 01 D9 DC 25 84 88 85 25 07 B4 A5 24 B9 22 DB 23 C7 4E 07 23 00 00 00 00 B5 14 26 23
00 00 00 00 00 00 00 00 3C 88 5E 22 00 00 00 00 EB AE EF 22 CD 12 99 21 00 00 00 00 F2 06 A4 20
C0 47 80 21 00 00 00 00 7E 3C 89 22 51 97 47 23 7A 7C BA 23 21 7E 28 24 56 76 C1 23 00 00 00 00
F7 76 04 23 00 00 00 00 00 00 00 00 00 00 00 00 B3 78 06 20 00 00 00 00 8E 78 9A 1F 50 46 8A 23
1B 9C 77 24 34 92 60 24 F5 97 6C 23 53 85 88 22 30 36 20 22 0F 15 4D 22 8E 05 A5 21 00 00 00 00
F2 FE 00 23 00 00 00 00 00 00 00 00 00 00 00 00 00 00 00 00 00 00 00 00 53 5F FF 20 00 00 00 00
9F BE 90 21 A7 9B A7 21 74 52 B4 21 1D B8 30 22 74 40 96 22 00 00 00 00 00 00 00 00 00 00 00 00
2F 7A 38 22 E1 5C 21 23 00 00 00 00 95 86 77 21 00 00 00 00 00 00 00 00 00 00 00 00 00 00 00 00
00 00 00 00 00 00 00 00 C6 CC 11 20 00 00 00 00 9C A8 03 24 80 F8 04 24 53 88 20 23 00 00 00 00
4D BC B4 20 76 80 7D 20 00 00 00 00 83 CF FC 20 00 00 00 00 73 F5 02 22 00 00 00 00 00 00 00 00
B4 17 E0 21 00 00 00 00 E1 46 FF 1F 00 00 00 00 42 18 F4 1F 6A DF 13 22 00 00 00 00 00 00 00 00
3C 2C 0D 21 19 38 08 21 00 00 00 00 9D 16 90 22 00 00 00 00 5C 58 B3 23 00 00 00 00 00 00 00 00
00 00 00 00 4A A3 A9 22 00 00 00 00 45 75 D9 22 F0 28 75 24 B0 A2 2B 24 E2 59 93 23 0C A1 14 23
D0 D0 1A 23 57 F8 84 23 3F B9 E9 23 CB 71 BB 23 60 30 00 23 65 0E 2D 22 56 EE C3 21 09 9A AC 21
11 F9 FE 21 E6 16 73 22 02 A9 D4 22 AB 13 C3 21 00 00 00 00 AC 70 C9 20 00 00 00 00 00 00 00 00
00 00 00 00 00 00 00 00 00 00 00 00 00 00 00 00 00 00 00 00 81 1E D0 20 00 00 00 00 20 5B 35 1F
54 A7 0F 21 C3 B3 4F 21 00 00 00 00 CD A1 66 23 00 00 00 00 00 00 00 00 2A 98 0D 25 00 00 00 00
EF A2 98 24 C5 D7 EF 24 6F 03 83 24 3D 8E 7F 24 8B B7 FE 24 D1 20 40 25 00 00 00 00 74 83 CD 23
00 00 00 00 00 00 00 00 00 00 00 00 00 00 00 00 29 B4 B5 22 00 00 00 00 F3 B8 9B 22 97 51 AB 23
D2 D8 9D 24 6F 06 0D 25 03 33 F0 24 64 8B 4A 24 1A E9 0D 23 00 00 00 00 EC 9F 70 22 00 00 00 00
00 00 00 00 00 00 00 00 00 00 00 00 00 00 00 00 00 00 00 00 00 00 00 00 00 00 00 00 00 00 00 00
00 00 00 00 00 00 00 00 CF 3E 71 22 00 00 00 00 F3 A2 CE 23 37 90 81 23 AD E2 81 22 0D 3C 12 22
45 70 A1 22 DB 44 BF 23 23 25 6C 24 E9 26 19 24 D9 BA 71 22 C7 0C 01 21 B0 9F 22 20 F1 DA FA 1F
3F DA B8 20 04 4A 36 22 2D 6C 91 24 0C 2F DA 25 C3 A8 26 26 3B 99 C5 25 45 74 19 25 18 3B 51 24
37 47 46 23 71 F1 33 21 00 00 00 00 6B 67 6B 20 00 00 00 00 00 00 00 00 00 00 00 00 00 00 00 00
00 00 00 00 AF 4C 69 20 00 00 00 00 2B B6 78 1F 00 00 00 00 4A AF E1 21 00 00 00 00 00 00 00 00
00 00 00 00 00 00 00 00 94 B8 CF 21 00 00 00 00 EF B2 A0 23 09 37 E6 23 34 31 0F 24 A1 C0 8F 24
E7 BD 5C 25 CF 82 FC 25 20 7F 53 26 55 23 92 26 EE 9C AE 26 2F AD BF 26 7D B8 B6 26 8C 85 89 26
B6 94 2E 26 6B F1 CE 25 C5 FB 55 25 8D 0C 8B 24 46 17 BF 22 00 00 00 00 FE D3 55 21 00 00 00 00
00 00 00 00 00 00 00 00 00 00 00 00 00 00 00 00 00 00 00 00 00 00 00 00 00 00 00 00 00 00 00 00
00 00 00 00 00 00 00 00 00 00 00 00 00 00 00 00 00 00 00 00 00 00 00 00 00 00 00 00 00 00 00 00
00 00 00 00 00 00 00 00 00 00 00 00 00 00 00 00 00 00 00 00 00 00 00 00 00 00 00 00 00 00 00 00
00 00 00 00 00 00 00 00 00 00 00 00 FE 7F D6 20 00 00 00 00 E8 1C 88 25 46 77 15 26 64 CC D8 25
7A 96 70 25 EF BA 0D 25 25 A9 91 24 61 E3 C8 23 A0 CE EE 22 AD 9A 6F 22 F0 59 AC 22 A1 6C 6A 23
EF 55 14 24 C3 88 7A 24 65 F8 D9 24 3E 64 44 25 5F 9B 2B 25 43 3D 1B 24 E9 6B 5C 23 98 3E 91 23
8E 52 8F 24 2C 28 06 25 59 7C D3 24 E5 B8 89 24 AB F3 D7 23 00 00 00 00 B3 AA 97 20 00 00 00 00
00 00 00 00 00 00 00 00 00 00 00 00 00 00 00 00 00 00 00 00 00 00 00 00 00 00 00 00 00 00 00 00
00 00 00 00 00 00 00 00 00 00 00 00 00 00 00 00 00 00 00 00 00 00 00 00 00 00 00 00 AA 32 A3 27
00 00 00 00 89 57 B1 29 5C 1C BD 2A D7 33 4D 2B EC F5 AC 2B 6D CB FA 2B BC 0C 21 2C 97 8F 38 2C
9A F8 3D 2C 1D 6A 31 2C 7C B6 0C 2C 3E 46 8F 2B 1A 29 F1 29 00 00 00 00 88 C2 45 29 00 00 00 00
00 00 00 00 00 00 00 00 00 00 00 00 00 00 00 00 00 00 00 00 00 00 00 00 00 00 00 00 00 00 00 00
00 00 00 00 00 00 00 00 00 00 00 00 00 00 00 00 59 38 D6 27 00 00 00 00 3A 62 F4 29 44 65 B5 2A
F8 10 0E 2B 88 09 22 2B 3E 93 1D 2B 92 02 0C 2B 4E BE E3 2A D5 8D A2 2A E9 B3 3F 2A 28 05 C0 29
C1 1B 46 29 D9 09 FF 28 C5 3D D5 28 FC 04 CE 28 26 72 C7 28 0C E4 B1 28 74 E8 86 28 63 6D 13 28
8C DC 29 27 5E FA 7D 25 38 A2 D5 22 89 42 09 22 E8 55 C8 22 72 AC DA 24 41 48 5F 25 1D 83 C0 24
B5 AE 33 23 00 00 00 00 37 AB 06 23 00 00 00 00 00 00 00 00 00 00 00 00 00 00 00 00 29 88 6F 24
00 00 00 00 A9 C4 B9 25 DA BB 02 26 A0 0D 5E 25 F0 F6 BC 23 00 00 00 00 C2 03 C4 21 00 00 00 00
60 DC 0A 22 00 00 00 00 17 75 05 24 7D 4F 1C 25 4A 8B 37 25 BC 8C 45 24 00 00 00 00 53 00 23 23
00 00 00 00 00 00 00 00 00 00 00 00 CE 0E 50 22 00 00 00 00 29 41 16 23 CE B0 18 24 6D 35 52 23
00 00 00 00 34 C6 8B 22 00 00 00 00 00 00 00 00 E8 AA 32 22 00 00 00 00 98 07 D9 23 E3 06 3B 24
37 20 02 23 00 00 00 00 A4 97 A0 22 00 00 00 00 00 00 00 00 00 00 00 00 7A 3A 47 23 00 00 00 00
00 00 00 00 C9 B5 47 20 00 00 00 00 00 00 00 00 00 00 00 00 00 00 00 00 00 00 00 00 00 00 00 00
00 00 00 00 00 00 00 00 7A F3 F1 21 00 00 00 00 E1 90 F2 24 0C 73 3F 25 2E FC AB 24 85 67 52 24
92 57 94 24 FF 61 42 25 F6 46 D3 25 37 39 35 26 14 4D 87 26 A1 38 A1 26 9C 8D 97 26 39 92 55 26
16 54 BF 25 F4 67 F9 24 53 DD 3D 24 94 7D F7 23 DF EB DC 23 21 D7 C7 22 00 00 00 00 C8 10 96 23
00 00 00 00 00 00 00 00 00 00 00 00 00 00 00 00 00 00 00 00 00 00 00 00 00 00 00 00 00 00 00 00
00 00 00 00 00 00 00 00 00 00 00 00 00 00 00 00 00 00 00 00 00 00 00 00 00 00 00 00 00 00 00 00
00 00 00 00 00 00 00 00 00 00 00 00 00 00 00 00 00 00 00 00 00 00 00 00 00 00 00 00 00 00 00 00
00 00 00 00 00 00 00 00 00 00 00 00 00 00 00 00 00 00 00 00 14 21 C2 21 00 00 00 00 0B A1 06 24
93 08 AF 25 30 9B 7A 26 F9 95 C0 26 7D BA F8 26 33 AE 2B 27 CB 50 81 27 1C 2E B8 27 5A 4B D7 27
47 9D CE 27 7A 4B AF 27 AE 6F 8B 27 1A DA 4A 27 78 81 F6 26 F1 C7 8C 26 C8 20 5D 26 5D 31 80 26
BA C3 82 26 A7 35 7E 25 00 00 00 00 F9 90 16 23 AC D9 9C 21 00 00 00 00 B0 7A B8 22 A6 06 07 25
09 69 B4 25 24 B2 05 26 26 E0 11 26 77 09 10 26 3D 41 1D 26 1D CA 41 26 CC 54 4F 26 85 31 05 26
D3 64 33 25 CE 4D B5 23 00 00 00 00 E9 0A DD 1E C5 27 37 1C 79 F1 B6 1D 6F 52 8D 21 00 00 00 00
00 00 00 00 00 00 00 00 00 00 00 00 00 00 00 00 00 00 00 00 B1 4B 9D 24 00 00 00 00 A6 16 2B 26
C9 AF 8E 26 BA BA 90 26 86 0F 65 26 FB 4E 2B 26 46 76 1D 26 80 B5 0A 26 1D B6 18 25 00 00 00 00
C7 18 A0 21 00 00 00 00 00 00 00 00 00 00 00 00 00 00 00 00 00 00 00 00 00 00 00 00 00 00 00 00
00 00 00 00 00 00 00 00 00 00 00 00 00 00 00 00 00 00 00 00 00 00 00 00 00 00 00 00 00 00 00 00
00 00 00 00 00 00 00 00 00 00 00 00 00 00 00 00 63 5A 80 20 00 00 00 00 00 00 00 00 4D E7 B2 20
89 47 F2 20 00 00 00 00 16 7B 35 20 00 00 00 00 F8 06 FC 1F 00 00 00 00 00 00 00 00 00 00 00 00
00 00 00 00 00 00 00 00 00 00 00 00 00 00 00 00 00 00 00 00 00 00 00 00 00 00 00 00 00 00 00 00
00 00 00 00 9C 89 80 20 00 00 00 00 7E AA 15 21 E6 25 16 25 E7 E0 FE 25 9B 20 83 26 DE 6E F6 26
36 F4 4A 27 0B D6 3A 27 9A 79 27 26 00 00 00 00 E2 75 BB 24 00 00 00 00 00 00 00 00 00 00 00 00
00 00 00 00 00 00 00 00 00 00 00 00 00 00 00 00 00 00 00 00 00 00 00 00 9E 5D EF 22 00 00 00 00
81 E7 A2 25 66 3E CD 26 3C 14 57 27 3B DB 51 27 3D 32 09 27 DC 08 B8 26 40 F1 90 26 D1 CA 63 26
7D 27 0F 26 78 9A 7D 25 ED C2 4C 24 00 00 00 00 B0 91 02 24 00 00 00 00 00 00 00 00 00 00 00 00
00 00 00 00 00 00 00 00 00 00 00 00 00 00 00 00 00 00 00 00 FB C8 F5 21 00 00 00 00 00 00 00 00
AD B7 90 21 00 00 00 00 00 00 00 00 C1 81 39 22 00 00 00 00 CD 1B 38 23 18 A3 0E 24 00 00 00 00
99 7F A3 24 00 00 00 00 00 00 00 00 00 00 00 00 00 00 00 00 00 00 00 00 00 00 00 00 00 00 00 00
00 13 00 23 00 00 00 00 67 4E 04 25 9F 11 AF 25 32 48 F8 25 3D 35 EC 25 F7 8D A6 25 37 A3 68 25
A9 A6 28 25 18 05 CA 24 C4 CD 4A 24 A6 74 E1 23 AB B6 68 23 7E 8C AB 22 01 54 2A 22 99 D4 4C 21
00 00 00 00 90 68 6F 22 00 00 00 00 00 00 00 00 00 00 00 00 00 00 00 00 00 00 00 00 00 00 00 00
00 00 00 00 00 00 00 00 00 00 00 00 00 00 00 00 00 00 00 00 00 00 00 00 00 00 00 00 00 00 00 00
00 00 00 00 00 00 00 00 01 52 39 22 00 00 00 00 A0 EB 75 22 00 00 00 00 26 7A 9A 21 00 00 00 00
00 00 00 00 F0 A8 5A 22 00 00 00 00 B2 63 9B 23 B9 50 82 22 00 00 00 00 93 D4 1A 23 00 00 00 00
00 00 00 00 00 00 00 00 00 00 00 00 00 00 00 00 00 00 00 00 00 00 00 00 00 00 00 00 BC 79 C3 1F
00 00 00 00 62 B2 70 20 FC AB 8B 22 EA D6 49 24 5C 53 AE 24 55 2F B1 23 00 00 00 00 79 60 8E 21
00 00 00 00 AE 1A 0D 21 00 00 00 00 DC BB 59 24 5F 75 C4 25 39 F2 99 26 B3 E8 AD 26 35 53 17 26
31 C4 F9 24 25 6E 12 24 1D B2 03 24 7E E9 83 24 DA E6 98 24 0D A5 C3 21 00 00 00 00 A9 CF 27 21
C5 2A AF 23 00 00 00 00 4F 68 6B 25 8B 57 34 26 AB 36 74 26 99 6D 9C 26 8F C2 CB 26 9E 9F E8 26
9E F8 CE 26 A6 53 93 26 86 8F 37 26 45 12 C3 25 0E 0D 12 25 D6 47 F5 23 7D 73 9A 22 69 68 97 21
1C 44 E4 1F 00 00 00 00 12 B3 07 21 00 00 00 00 00 00 00 00 00 00 00 00 00 00 00 00 00 00 00 00
00 00 00 00 00 00 00 00 00 00 00 00 00 00 00 00 00 00 00 00 00 00 00 00 00 00 00 00 00 00 00 00
00 00 00 00 00 00 00 00 00 00 00 00 00 00 00 00 00 00 00 00 00 00 00 00 00 00 00 00 00 00 00 00
00 00 00 00 00 00 00 00 00 00 00 00 00 00 00 00 04 2C AB 22 00 00 00 00 FB 57 9E 23 7E 32 55 25
C2 7D 6C 25 7C 78 5D 23 1D 36 40 22 4D 38 90 22 4A 79 CC 24 B4 75 16 26 31 70 5C 26 A9 19 4A 26
49 02 1A 26 FC 9C F1 25 3B 02 EA 25 EE E1 01 26 63 A9 F2 25 31 CF 93 25 21 6E 07 25 63 39 89 24
1D 0A 27 24 49 64 F3 23 30 55 FE 23 87 01 2A 24 30 F7 2C 24 FB 8D A3 23 12 CF 35 23 EE 52 22 23
02 4E A1 22 0E FC E3 1F CA 4F 9D 1F 31 36 7C 20 B8 12 19 23 9A FD 18 23 25 C3 E6 22 85 6E D2 22
9F 10 B4 22 00 00 00 00 07 5D 16 23 00 00 00 00 00 00 00 00 00 00 00 00 00 00 00 00 00 00 00 00
00 00 00 00 00 00 00 00 57 04 D3 27 00 00 00 00 16 DC 12 29 08 0F 8B 2A 1F 74 2C 2B 14 F0 98 2B
A6 9A E4 2B 13 5B 15 2C 55 0D 2C 2C 68 0C 32 2C CF FB 29 2C D8 EC 0E 2C 07 B0 A6 2B 4F 25 74 2A
00 00 00 00 6B 04 81 29 00 00 00 00 00 00 00 00 00 00 00 00 00 00 00 00 00 00 00 00 00 00 00 00
00 00 00 00 00 00 00 00 00 00 00 00 00 00 00 00 00 00 00 00 00 00 00 00 00 00 00 00 05 12 80 28
00 00 00 00 05 03 AD 29 0B B1 AA 2A 10 37 12 2B 54 5F 2D 2B 1C 9A 2A 2B 12 F9 12 2B A2 FB D8 2A
7B 2F 84 2A 1C 43 05 2A 3E C7 74 29 C6 7F F6 28 F3 B3 A4 28 C2 3E 99 28 57 AD AF 28 D4 19 C9 28
61 C0 B9 28 24 35 6A 28 4F C8 AF 27 0E 71 8A 26 50 3F AF 24 00 00 00 00 00 00 00 00 00 00 00 00
23 E1 84 23 9E 76 2E 26 F3 D8 1A 27 BC 54 3C 27 8E 61 9C 26 00 00 00 00 71 00 53 25 00 00 00 00
00 00 00 00 00 00 00 00 00 00 00 00 00 00 00 00 BE CA 2E 23 00 00 00 00 66 5C 5C 21 00 00 00 00
47 0C C6 22 00 00 00 00 86 7A CA 22 00 00 00 00 34 DD 87 26 F3 28 25 27 51 A4 1F 27 45 71 E4 26
6D AA A4 26 AB C7 53 26 A7 3C CD 25 26 B2 24 25 37 2F 24 24 00 00 00 00 24 CA FA 20 0B B1 29 1F
00 00 00 00 03 F9 1B 22 60 0D 83 24 AF F7 46 23 00 00 00 00 CC 5E 13 23 00 00 00 00 00 00 00 00
2F E8 75 22 00 00 00 00 D0 64 D2 21 00 00 00 00 2C 70 2F 21 00 00 00 00 05 27 8E 21 00 00 00 00
E9 18 3D 25 C6 F3 83 25 46 90 22 25 7C 55 98 24 BE 14 05 24 8F 04 3A 23 13 D6 2A 21 00 00 00 00
78 BB 4A 21 00 00 00 00 00 00 00 00 00 00 00 00 9F C1 C3 1F 00 00 00 00 90 41 C2 20 AE 93 8B 23
58 80 28 24 09 A2 09 24 73 C9 A3 23 BC 62 EA 22 00 00 00 00 70 DB F3 22 2D 95 DC 22 00 00 00 00
A7 77 62 24 6A FB 72 25 3F E6 F9 23 00 00 00 00 00 00 00 00 00 00 00 00 16 FE 7F 21 27 29 95 23
CB 26 A5 23 00 00 00 00 CE 37 19 22 00 00 00 00 00 00 00 00 00 00 00 00 00 00 00 00 00 00 00 00
00 00 00 00 00 00 00 00 00 00 00 00 00 00 00 00 00 00 00 00 00 00 00 00 00 00 00 00 00 00 00 00
00 00 00 00 00 00 00 00 00 00 00 00 00 00 00 00 00 00 00 00 00 00 00 00 00 00 00 00 00 00 00 00
00 00 00 00 00 00 00 00 00 00 00 00 00 00 00 00 00 00 00 00 00 00 00 00 7D 2B A8 22 00 00 00 00
4F CB 73 21 11 E2 23 24 5E 72 64 25 95 9B 57 26 85 FC D7 26 61 4F 0A 27 15 5A 18 27 A2 73 3E 27
05 9C 93 27 F8 B6 F7 27 A4 CF 33 28 67 77 4C 28 CB 2A 42 28 8C CA 26 28 C8 17 0C 28 EE 36 F5 27
B2 88 CD 27 D1 A9 88 27 BF E5 05 27 E8 0E 5F 26 D8 4E CA 25 04 29 71 25 B3 43 25 25 BF BC CC 24
2D B9 8C 24 AD C6 9E 24 5E DC 07 25 EB 77 15 25 51 89 9D 23 00 00 00 00 53 C7 0A 22 00 00 00 00
00 00 00 00 E4 CA 5A 1E 00 00 00 00 BF 18 11 20 6A BB E6 1F 73 8D 86 1F 77 04 08 1F C5 E6 58 1F
CB 86 79 20 8F DC 16 22 C0 4E 21 22 00 00 00 00 1F 66 E6 20 CD 0E 06 21 00 00 00 00 9E A4 54 21
7D C9 17 21 00 00 00 00 81 41 0E 22 00 00 00 00 A7 ED 06 21 00 00 00 00 C8 05 94 1F A4 78 BB 20
47 90 2F 20 00 00 00 00 52 8E 59 20 00 00 00 00 00 00 00 00 00 00 00 00 00 00 00 00 00 00 00 00
00 00 00 00 00 00 00 00 BC DD 8B 22 00 00 00 00 BB B3 E8 22 A7 F2 40 23 5D 82 64 23 30 00 14 24
78 0E 48 25 49 4E 24 26 7B 80 77 26 B2 11 54 26 8E B0 E8 25 CB 37 69 25 02 7C FC 24 34 6E F9 23
00 00 00 00 50 F1 A7 23 00 00 00 00 00 00 00 00 00 00 00 00 00 00 00 00 00 00 00 00 00 00 00 00
00 00 00 00 00 00 00 00 D3 0E E3 20 B3 DB A9 1F 48 75 10 21 00 00 00 00 00 00 00 00 00 00 00 00
7A 40 B0 22 00 00 00 00 35 FA 3B 23 3C 3B 91 23 19 E6 9F 23 53 CB 9F 23 F6 8D C1 22 00 00 00 00
F9 B8 B8 21 00 00 00 00 00 00 00 00 67 DC 84 21 00 00 00 00 00 00 00 00 00 00 00 00 00 00 00 00
44 EE 68 22 00 00 00 00 E7 57 BF 22 00 00 00 00 00 00 00 00 00 00 00 00 00 00 00 00 00 00 00 00
00 00 00 00 00 00 00 00 00 00 00 00 00 00 00 00 61 E0 03 20 00 00 00 00 D4 DC F9 24 40 3C F1 25
68 D6 28 26 71 C3 12 26 22 B2 EF 25 61 CA DB 25 5E A4 A8 25 E3 9A CE 24 DB 6A A0 22 00 00 00 00
08 59 0D 20 00 00 00 00 00 00 00 00 00 00 00 00 16 47 BA 20 00 00 00 00 CF 05 24 23 82 B6 BC 23
E0 4C CF 22 00 00 00 00 4D 43 20 22 00 00 00 00 00 00 00 00 00 00 00 00 00 00 00 00 00 00 00 00
00 00 00 00 00 00 00 00 00 00 00 00 00 00 00 00 00 00 00 00 00 00 00 00 00 00 00 00 84 63 DF 21
00 00 00 00 AB 63 7A 21 01 91 1D 20 00 00 00 00 9C 94 0D 1C 00 00 00 00 00 00 00 00 00 00 00 00
00 00 00 00 E5 B0 C4 1F 6E 5C 55 20 26 0D 84 22 00 00 00 00 00 00 00 00 00 00 00 00 00 00 00 00
00 00 00 00 00 00 00 00 00 00 00 00 A6 D1 BA 20 00 00 00 00 80 63 F7 22 05 99 29 26 C3 03 BB 26
A0 F1 92 26 FC 37 E8 25 B4 67 E7 24 EF 20 81 21 00 00 00 00 2A 9B 62 22 00 00 00 00 00 00 00 00
00 00 00 00 7E C4 B7 24 00 00 00 00 29 F5 FD 25 9F FB AA 26 89 A7 98 26 26 48 36 26 D5 1F CE 25
04 AF 72 25 B2 F6 BE 23 00 00 00 00 74 30 88 24 00 00 00 00 F5 27 9C 24 00 00 00 00 23 95 A5 23
A6 19 A0 24 1A 42 95 24 7D 99 C0 24 AE 1E 1B 25 E5 B6 E5 24 00 00 00 00 EB 2D 7B 22 00 00 00 00
00 00 00 00 00 00 00 00 00 00 00 00 00 00 00 00 00 00 00 00 00 00 00 00 00 00 00 00 00 00 00 00
00 00 00 00 00 00 00 00 00 00 00 00 00 00 00 00 00 00 00 00 00 00 00 00 00 00 00 00 00 00 00 00
00 00 00 00 B3 7C BF 21 00 00 00 00 00 00 00 00 A9 31 C1 23 00 00 00 00 00 00 00 00 00 00 00 00
00 00 00 00 C5 5D 8A 20 00 00 00 00 5A D0 9D 24 87 45 CC 25 69 CB 5C 26 89 F9 80 26 39 FF 80 26
0E B7 92 26 5D 93 C2 26 42 F5 03 27 80 A1 25 27 71 E5 3E 27 69 2E 63 27 40 FE 95 27 C9 C9 B5 27
1E 84 8B 27 CD 4B 07 27 A7 73 80 26 FE 34 00 26 00 00 00 00 4E 5C CF 23 00 00 00 00 00 00 00 00
00 00 00 00 00 00 00 00 00 00 00 00 00 00 00 00 00 00 00 00 00 00 00 00 00 00 00 00 00 00 00 00
00 00 00 00 00 00 00 00 00 00 00 00 00 00 00 00 00 00 00 00 00 00 00 00 00 00 00 00 00 00 00 00
00 00 00 00 00 00 00 00 00 00 00 00 00 00 00 00 00 00 00 00 00 00 00 00 00 00 00 00 00 00 00 00
A1 C0 4B 23 00 00 00 00 C7 B9 46 24 E3 F7 11 26 CB ED 8C 26 7C 80 4A 26 8E E0 57 25 00 00 00 00
6E 86 CD 24 00 00 00 00 00 00 00 00 00 00 00 00 00 00 00 00 00 00 00 00 F7 77 37 22 00 00 00 00
15 4A 11 25 CD 5A A1 26 39 44 19 27 9D 19 12 27 B0 A1 D1 26 37 A2 6F 26 57 24 1F 25 00 00 00 00
83 C6 6D 24 00 00 00 00 00 00 00 00 00 00 00 00 00 00 00 00 00 00 00 00 00 00 00 00 35 95 04 24
00 00 00 00 DF 26 35 26 BF BF 1A 27 9B 7A FD 26 51 E6 3F 26 00 00 00 00 9A 99 1B 23 00 00 00 00
00 00 00 00 00 00 00 00 00 00 00 00 00 00 00 00 00 00 00 00 22 F5 98 27 00 00 00 00 07 2D AB 28
4E 0A 5D 2A 7A 10 12 2B C7 D3 84 2B 7B D1 CB 2B 41 08 0C 2C AB 7A 2C 2C 61 BA 3C 2C 5E 36 39 2C
44 85 1D 2C BF 67 BE 2B E2 9D B2 2A 00 00 00 00 4C DE 6B 29 00 00 00 00 00 00 00 00 00 00 00 00
00 00 00 00 00 00 00 00 00 00 00 00 00 00 00 00 00 00 00 00 00 00 00 00 00 00 00 00 00 00 00 00
00 00 00 00 00 00 00 00 DE C4 0C 28 00 00 00 00 3F 37 EF 27 3D 12 13 2A 07 20 AF 2A CA 1F 05 2B
34 71 27 2B 73 85 35 2B 26 96 23 2B 8E 75 EF 2A C3 A7 8E 2A 9A 45 11 2A 36 21 91 29 88 79 2D 29
59 78 0D 29 D7 C7 14 29 D4 FD 25 29 95 71 21 29 2B 17 F4 28 5A 2C 81 28 34 E9 9D 27 3D C6 04 26
00 00 00 00 B7 3A 9C 23 00 00 00 00 9D 7A 76 23 00 00 00 00 87 2F B6 24 CF FF 65 25 00 00 00 00
DA C6 BC 24 00 00 00 00 00 00 00 00 00 00 00 00 00 00 00 00 C4 30 1E 24 00 00 00 00 E7 88 98 26
23 FB 4E 27 C1 A4 28 27 48 F3 63 26 89 8B 08 25 00 00 00 00 BE AF 81 24 00 00 00 00 00 00 00 00
00 00 00 00 00 00 00 00 00 00 00 00 00 00 00 00 00 00 00 00 00 00 00 00 00 00 00 00 C7 15 59 21
00 00 00 00 49 48 EC 21 BC 33 13 24 7C 3C E6 24 9D BF 65 25 53 7A 0F 26 DD F7 C7 26 A9 A3 15 27
21 62 C3 26 7B 3B 1A 26 82 9F 8F 25 62 8A 49 25 AB E7 1C 25 C7 DC 9A 24 F3 FB A6 23 00 00 00 00
9E 98 C8 22 00 00 00 00 00 00 00 00 00 00 00 00 00 00 00 00 00 00 00 00 00 00 00 00 00 00 00 00
00 00 00 00 00 00 00 00 00 00 00 00 7B 45 06 24 00 00 00 00 AF CA A0 24 E1 32 70 26 FD B5 B6 26
68 6F C5 26 FF 40 C7 26 15 17 C0 26 7A 3D 8C 26 EC B8 82 25 00 00 00 00 43 4B 0B 23 C1 D0 6B 22
00 00 00 00 D5 9A 4C 23 0A DC C8 23 49 FE DB 23 53 FC 92 24 26 63 DF 25 FB 3E D9 26 D8 CD 0E 27
91 B0 BF 26 95 A7 4A 26 E2 A9 EA 25 51 A4 96 25 80 9F F2 24 00 00 00 00 CB 23 55 24 00 00 00 00
00 00 00 00 00 00 00 00 00 00 00 00 00 00 00 00 00 00 00 00 00 00 00 00 00 00 00 00 00 00 00 00
00 00 00 00 00 00 00 00 00 00 00 00 00 00 00 00 00 00 00 00 00 00 00 00 00 00 00 00 00 00 00 00
00 00 00 00 00 00 00 00 00 00 00 00 00 00 00 00 00 00 00 00 00 00 00 00 00 00 00 00 00 00 00 00
00 00 00 00 00 00 00 00 00 00 00 00 63 F0 FB 22 00 00 00 00 98 A7 37 24 89 B8 9D 25 19 AC 18 26
C6 23 77 26 BD 5A D8 26 47 46 33 27 47 D9 68 27 F9 5D 69 27 0F 49 46 27 46 8B 22 27 8B A6 04 27
79 3A D1 26 92 A2 B1 26 8B D1 B7 26 D4 A5 DD 26 16 9B 04 27 D4 6A 16 27 9B DE 2B 27 4E A6 40 27
A7 F8 29 27 B3 8A B1 26 E2 C0 05 26 77 12 4D 25 28 BF 9B 23 00 00 00 00 F3 72 E4 22 13 EA AB 23
00 00 00 00 E1 82 CD 24 D6 CE 1E 25 EA AD 64 24 BC 59 03 24 D7 DE 58 24 14 CD 1F 25 63 40 85 25
A2 48 B8 23 00 00 00 00 28 02 39 23 00 00 00 00 00 00 00 00 00 00 00 00 F1 5D 89 21 00 00 00 00
78 73 D2 22 D3 3A D9 24 3D 05 CA 24 52 F3 34 24 72 C8 A3 23 D2 C2 23 23 DA BB 30 22 00 00 00 00
00 00 00 00 00 00 00 00 1F ED C6 21 00 00 00 00 B7 56 35 21 00 00 00 00 41 00 B4 21 00 00 00 00
BC 97 44 22 00 00 00 00 B0 EF A6 22 00 00 00 00 00 00 00 00 00 00 00 00 00 00 00 00 00 00 00 00
00 00 00 00 00 00 00 00 00 00 00 00 00 00 00 00 00 8B A7 21 00 00 00 00 B2 99 1F 23 47 3A C9 24
86 B4 59 25 73 82 3F 25 2D 9D CA 24 28 64 56 24 FB 13 BE 23 00 00 00 00 0D B8 8F 22 00 00 00 00
00 00 00 00 00 00 00 00 00 00 00 00 00 00 00 00 00 00 00 00 00 00 00 00 00 00 00 00 00 00 00 00
00 00 00 00 00 00 00 00 00 00 00 00 4E 2B 40 22 00 00 00 00 00 00 00 00 CD DA 10 23 00 00 00 00
00 00 00 00 D9 86 1B 22 00 00 00 00 0B D7 1E 24 2D C4 86 25 8A EA 5F 25 92 9E 5B 24 00 00 00 00
16 C1 E6 21 10 97 99 20 00 00 00 00 31 C2 45 1F 42 3E A3 1F 27 A6 89 20 8D 2E 96 23 10 32 93 25
C2 80 02 26 AC 4C F7 25 F7 6B 8C 25 00 00 00 00 F2 96 BF 23 00 00 00 00 00 00 00 00 00 00 00 00
00 00 00 00 00 00 00 00 95 2E 6F 24 00 00 00 00 72 10 0B 25 B6 2C D1 25 64 BC 12 26 E1 D7 9B 25
0B 89 87 23 00 00 00 00 D1 65 F4 20 00 00 00 00 00 00 00 00 00 00 00 00 00 00 00 00 3D 10 A3 22
00 00 00 00 FC A2 FE 23 2B C5 9D 24 8D 77 9B 21 00 00 00 00 C6 4C FC 20 00 00 00 00 00 00 00 00
00 00 00 00 00 00 00 00 7D DD E6 1E 00 00 00 00 A0 DF 99 1E CB CC DA 23 06 62 4C 22 00 00 00 00
D4 14 62 22 20 F5 AE 21 00 00 00 00 66 4C C3 21 22 97 A1 23 37 D0 26 23 D0 12 2E 22 00 00 00 00
1C B9 55 20 00 00 00 00 00 00 00 00 00 00 00 00 00 00 00 00 00 00 00 00 00 00 00 00 00 00 00 00
00 00 00 00 00 00 00 00 00 00 00 00 00 00 00 00 DF 79 FD 24 00 00 00 00 97 DF 02 24 E5 CF 22 24
B6 B0 09 24 73 0D 97 23 00 00 00 00 99 9A A5 23 00 00 00 00 00 00 00 00 00 00 00 00 00 00 00 00
00 00 00 00 00 00 00 00 1C F9 A3 21 00 00 00 00 8E 1B 21 23 E1 E8 46 26 E5 88 CF 26 1E 07 9F 26
EB D1 1B 26 91 B5 A6 25 35 33 7A 25 61 09 54 25 80 07 FC 24 BC 94 1B 24 7E 9B D7 22 ED 0D 16 21
00 00 00 00 3F FF FA 1F 00 00 00 00 00 00 00 00 00 00 00 00 00 00 00 00 C7 A2 D7 1F BD 71 A2 1E
B5 5E A4 1F C7 F0 0A 1F 00 00 00 00 00 00 00 00 4F BC 85 1E 91 07 A0 20 00 00 00 00 7F 5E EE 22
00 00 00 00 B0 DE 18 22 00 00 00 00 00 00 00 00 00 00 00 00 00 00 00 00 00 00 00 00 00 00 00 00
00 00 00 00 00 00 00 00 00 00 00 00 A2 24 5E 23 00 00 00 00 97 8B B3 24 2B CF 65 25 1D 81 FE 25
AC 8A 64 26 7A 11 5C 26 77 CB A9 25 3B 7F A3 24 5C 97 EC 23 55 C5 A9 23 60 9E CC 23 51 45 14 24
AC 3A 99 24 6E 3C 70 25 7F C1 59 26 F7 31 23 27 BD 4B 93 27 BE AC 91 27 E0 73 24 27 F8 A4 7D 26
3A 3C 6F 25 00 00 00 00 5B 83 82 24 00 00 00 00 00 00 00 00 00 00 00 00 00 00 00 00 92 91 1E 23
00 00 00 00 FC 33 9A 24 81 88 89 25 D5 9D 82 25 91 0E 15 25 0B 76 10 24 00 00 00 00 72 56 6C 23
00 00 00 00 00 00 00 00 00 00 00 00 00 00 00 00 00 00 00 00 00 00 00 00 00 00 00 00 00 00 00 00
00 00 00 00 00 00 00 00 00 00 00 00 00 00 00 00 00 00 00 00 00 00 00 00 00 00 00 00 92 B3 80 25
00 00 00 00 42 96 0F 25 DB FE 6B 26 E4 A1 91 26 53 85 8A 26 D0 6F 6A 26 A0 52 C8 25 00 00 00 00
DA 99 C5 21 8C 9D D6 21 00 00 00 00 EB C9 1B 26 B1 0F BE 26 DB 04 97 26 3F C1 C2 25 FE 7B 05 24
F4 4F 68 22 F0 16 8D 21 94 62 A0 20 00 00 00 00 48 07 D8 20 5B 62 84 22 00 00 00 00 B9 48 42 25
FA A4 30 26 D6 EA 81 26 8C 8E 9E 26 AB 67 96 26 B1 ED 2C 26 A9 B5 57 25 0A 2D 9E 23 00 00 00 00
97 44 A4 20 00 00 00 00 00 00 00 00 2D 78 35 21 00 00 00 00 21 39 97 21 00 00 00 00 8D 9D A1 1F
00 00 00 00 00 00 00 00 00 00 00 00 00 00 00 00 00 00 00 00 00 00 00 00 00 00 00 00 00 00 00 00
C8 4E 8A 27 00 00 00 00 60 22 3D 28 8A CA 16 2A 4C 96 F4 2A A2 DD 89 2B D4 31 EB 2B 7D 5D 21 2C
AE 24 40 2C AE 79 4D 2C 29 A6 46 2C AE E4 28 2C F9 20 D6 2B F2 46 EA 2A 00 00 00 00 2C DD 5D 29
00 00 00 00 00 00 00 00 00 00 00 00 00 00 00 00 00 00 00 00 00 00 00 00 00 00 00 00 00 00 00 00
00 00 00 00 00 00 00 00 00 00 00 00 00 00 00 00 00 00 00 00 34 F5 97 28 00 00 00 00 8F 83 DD 28
DC 7A 51 2A 1B B0 D8 2A 83 7C 0E 2B 0D 3C 16 2B 23 E5 0B 2B 8C 2C E8 2A 06 D2 A5 2A 92 39 43 2A
E3 A5 BD 29 CA 07 29 29 17 EE A5 28 BB 4E 41 28 95 68 EE 27 3C D0 94 27 B8 71 56 27 D3 5A 31 27
68 47 F0 26 91 40 16 26 4D 86 5F 24 07 6F AB 22 35 73 56 22 FE AD 8C 23 CD CF 4A 25 56 83 61 26
56 63 D1 26 8E 74 D1 26 FD 4E 6F 26 EB DB 4C 25 DD 10 1E 21 EF 45 D4 1E 4B F5 A6 1E AE CD 46 22
24 90 BB 24 13 C9 29 26 1F 2F 2E 27 FC 15 BC 27 CE FA AF 27 C5 62 01 27 00 00 00 00 41 7F 65 23
00 00 00 00 00 00 00 00 BB 75 95 24 00 00 00 00 20 74 8C 24 6A 11 90 26 3C 2D 68 26 2A B7 09 25
00 00 00 00 00 00 00 00 00 00 00 00 16 98 65 22 31 64 83 23 74 55 BE 22 00 00 00 00 48 34 49 22
00 00 00 00 26 07 61 20 00 00 00 00 00 00 00 00 A4 C4 85 22 00 00 00 00 00 00 00 00 00 00 00 00
00 00 00 00 00 00 00 00 00 00 00 00 00 00 00 00 00 00 00 00 00 00 00 00 F5 73 14 25 00 00 00 00
9E C0 01 26 44 DA 29 27 BB FE 3F 27 5A E8 0D 27 B0 9A A1 26 6C 2F F6 25 77 6C 18 25 7B 83 6C 24
7C 1F 15 24 15 40 0C 24 74 98 6A 23 00 00 00 00 2F B7 3D 23 F1 16 87 23 00 00 00 00 00 00 00 00
15 A4 DC 23 00 00 00 00 89 47 AA 22 00 00 00 00 F7 7D 26 24 58 F9 23 27 AD 38 A6 27 81 F2 8F 27
79 77 41 27 1E 54 07 27 6B 60 B6 26 66 AB 1B 26 0E BC AB 24 00 00 00 00 55 95 7A 21 00 00 00 00
00 00 00 00 00 00 00 00 00 00 00 00 00 00 00 00 00 00 00 00 00 00 00 00 00 00 00 00 00 00 00 00
00 00 00 00 00 00 00 00 00 00 00 00 00 00 00 00 00 00 00 00 00 00 00 00 00 00 00 00 00 00 00 00
00 00 00 00 00 00 00 00 00 00 00 00 00 00 00 00 00 00 00 00 00 00 00 00 00 00 00 00 00 00 00 00
00 00 00 00 00 00 00 00 00 00 00 00 00 00 00 00 00 00 00 00 00 00 00 00 00 00 00 00 00 00 00 00
C8 EC 63 21 00 00 00 00 2D 25 E9 26 93 9D 2E 27 8B 24 F3 26 C1 5A 32 26 DF F3 89 25 BF 3B 53 25
D4 C5 B0 25 4B BA 29 26 C3 07 65 26 E0 84 76 26 59 D2 8E 26 48 00 CC 26 E6 54 1F 27 BA 52 59 27
AE A8 82 27 A5 86 A0 27 8D 0C DE 27 DA 1E 20 28 2A 88 3F 28 01 DD 17 28 09 CC AF 27 CD 81 49 27
44 32 03 27 B7 1B A7 26 2D 3F 30 26 B3 C4 A1 25 FC 85 FA 24 38 1A C9 23 00 00 00 00 0F DC 51 20
00 00 00 00 00 00 00 00 00 00 00 00 00 00 00 00 00 00 00 00 00 00 00 00 00 00 00 00 00 00 00 00
00 00 00 00 00 00 00 00 00 00 00 00 00 00 00 00 00 00 00 00 00 00 00 00 00 00 00 00 00 00 00 00
00 00 00 00 81 29 E6 1F 00 00 00 00 8D 8D 84 21 FE 44 42 22 9A 93 31 23 21 13 34 24 54 0B C7 24
B8 35 11 25 60 82 18 25 BC AF DD 24 42 C4 A5 24 BD 6E A0 24 DA DA A9 24 55 96 91 24 E9 23 30 24
01 6F 16 22 00 00 00 00 AA DD 7C 21 00 00 00 00 00 00 00 00 00 00 00 00 00 00 00 00 00 00 00 00
00 00 00 00 00 00 00 00 00 00 00 00 00 00 00 00 00 00 00 00 00 00 00 00 00 00 00 00 00 00 00 00
00 00 00 00 00 00 00 00 00 00 00 00 00 00 00 00 00 00 00 00 00 00 00 00 00 00 00 00 00 00 00 00
00 00 00 00 00 00 00 00 00 00 00 00 00 00 00 00 6B DC 71 21 00 00 00 00 D0 C2 F6 23 67 52 48 26
C4 A7 DC 25 D2 D1 DA 22 00 00 00 00 00 00 00 00 00 00 00 00 32 DB 12 22 D1 01 98 23 D5 14 1C 24
C9 9E 0A 24 B9 7B CD 23 66 2C E8 23 05 1F 6C 24 08 12 EF 24 8A A7 38 25 D5 8B A8 25 70 AB 58 26
1E 32 0B 27 3D E6 24 27 0A 14 BD 26 69 D6 33 26 F0 26 AB 25 D9 65 3A 25 13 35 03 25 EA 48 CB 24
16 17 43 24 5D 35 68 22 00 00 00 00 D5 56 02 22 00 00 00 00 00 00 00 00 00 00 00 00 00 00 00 00
00 00 00 00 00 00 00 00 00 00 00 00 00 00 00 00 00 00 00 00 00 00 00 00 00 00 00 00 00 00 00 00
00 00 00 00 00 00 00 00 00 00 00 00 00 00 00 00 00 00 00 00 00 00 00 00 00 00 00 00 00 00 00 00
00 00 00 00 00 00 00 00 00 00 00 00 00 00 00 00 00 00 00 00 00 00 00 00 00 00 00 00 00 00 00 00
00 00 00 00 00 00 00 00 00 00 00 00 E6 BD 5D 23 00 00 00 00 C7 A9 57 26 24 EE C1 26 38 11 B2 26
E0 E6 4C 26 25 19 BA 25 6D 57 43 25 29 CB 05 25 F8 18 D8 24 52 89 B3 24 A9 B7 94 24 3D 47 86 24
17 C5 8F 24 F4 7E A4 24 DF 54 95 24 58 13 2E 24 C7 0D 21 23 00 00 00 00 80 A4 23 23 00 00 00 00
00 00 00 00 00 00 00 00 00 00 00 00 00 00 00 00 00 00 00 00 00 00 00 00 B6 6F A5 21 00 00 00 00
3C D7 8A 21 56 2E D8 21 4D D4 D8 21 24 60 B5 21 32 A5 84 21 DF AE 2F 21 AE 45 FF 20 80 36 DB 20
00 83 5B 1E 00 00 00 00 F3 55 77 20 00 00 00 00 00 00 00 00 00 00 00 00 00 00 00 00 00 00 00 00
E2 EF BB 21 00 00 00 00 FD 95 CA 21 36 88 6E 21 B9 C5 D0 20 00 00 00 00 86 5C 06 22 00 00 00 00
00 00 00 00 00 00 00 00 00 00 00 00 00 00 00 00 00 00 00 00 00 00 00 00 00 00 00 00 00 00 00 00
C4 49 F2 21 00 00 00 00 83 80 5E 23 20 69 1E 23 AD E0 8F 22 0D 46 B4 22 AD 99 DE 23 49 A3 43 25
D4 57 1F 26 BB AF 30 26 D9 E0 E1 25 C1 48 A1 25 E9 68 A2 25 23 C6 AE 25 93 83 8F 25 79 C2 50 25
9C D1 3D 25 72 01 43 25 4E 23 C7 24 00 00 00 00 C5 95 17 21 8C CD D9 1F 00 00 00 00 00 00 00 00
21 B3 DE 1E 39 A3 E5 1B 00 00 00 00 C9 E4 23 20 60 CC 61 24 6C 96 84 25 72 13 64 26 0A DF EF 26
EC 16 06 27 3A DE C6 26 38 5B 76 26 D1 75 0C 26 D0 31 85 25 C8 4C 94 24 00 00 00 00 D7 F4 06 23
00 00 00 00 00 00 00 00 00 00 00 00 00 00 00 00 DD 15 81 21 00 00 00 00 00 00 00 00 BB CB 02 23
00 00 00 00 00 00 00 00 00 00 00 00 00 00 00 00 00 00 00 00 00 00 00 00 00 00 00 00 00 00 00 00
00 00 00 00 00 00 00 00 00 00 00 00 00 00 00 00 00 00 00 00 00 00 00 00 00 00 00 00 00 00 00 00
00 00 00 00 00 00 00 00 00 00 00 00 00 00 00 00 A5 B5 86 24 00 00 00 00 94 76 10 26 9E 00 A1 26
09 7D DD 25 E0 C5 E1 24 26 C2 83 24 69 C2 D3 24 96 A3 37 25 5D 83 1A 25 13 74 AA 24 00 59 A9 24
FB 03 61 25 58 78 88 26 E2 A5 5B 27 13 3F B1 27 D5 6E A7 27 EC 54 5A 27 8B 32 DB 26 B8 4E 1F 26
D0 3A 01 25 97 69 01 24 FC 74 D8 23 85 19 90 24 60 6A 4F 25 39 E7 5B 25 CD 83 E8 24 13 08 64 24
70 38 D8 23 00 00 00 00 02 E9 1A 23 00 00 00 00 00 00 00 00 00 00 00 00 00 00 00 00 00 00 00 00
00 00 00 00 00 00 00 00 00 00 00 00 00 00 00 00 00 00 00 00 00 00 00 00 00 00 00 00 00 00 00 00
00 00 00 00 00 00 00 00 00 00 00 00 4B 48 E3 27 00 00 00 00 1E 77 08 29 54 35 B0 2A 14 92 5A 2B
4B D1 B8 2B 3E AB 05 2C 92 43 2E 2C CA 39 4D 2C D8 0E 5B 2C FD 43 55 2C 59 58 37 2C 6D A4 ED 2B
8C 27 10 2B 00 00 00 00 79 F0 2F 29 00 00 00 00 00 00 00 00 00 00 00 00 00 00 00 00 00 00 00 00
00 00 00 00 00 00 00 00 00 00 00 00 00 00 00 00 00 00 00 00 00 00 00 00 00 00 00 00 00 00 00 00
33 C4 C4 28 00 00 00 00 80 6C 31 29 7D 85 88 2A 85 0D F6 2A 44 13 0E 2B 4E 4E 0F 2B D1 12 10 2B
B3 CD 06 2B A8 88 C6 2A AF BF 59 2A B4 6A CD 29 4F CD 4C 29 2D D7 F3 28 44 F1 B9 28 A0 99 B9 28
6E CC D9 28 DB 5D E7 28 33 F8 AA 28 35 82 0D 28 EE 61 0B 26 00 00 00 00 94 F8 EB 24 00 00 00 00
00 00 00 00 B3 EF A2 23 00 00 00 00 75 C0 F9 24 5B 8F 41 26 02 76 9B 26 DE EC 05 25 00 00 00 00
A0 FC D8 23 00 00 00 00 00 00 00 00 7B CD 99 22 00 00 00 00 35 D0 8B 22 92 B6 DF 23 DD 08 F2 24
48 21 B7 25 2D 84 1F 26 B2 8F 07 26 41 FD B0 24 00 00 00 00 44 FF EF 21 00 00 00 00 00 00 00 00
00 00 00 00 26 41 9C 1E 00 00 00 00 7D 0B 1D 24 2E 5B 72 24 01 C6 8C 23 39 43 94 23 9F 11 9B 24
E1 48 67 26 19 B6 09 27 5E F8 D9 26 3E 2D 2C 26 5D B1 20 24 00 00 00 00 97 E8 89 23 00 00 00 00
00 00 00 00 00 00 00 00 2F E2 00 23 00 00 00 00 6D 6C D4 23 00 00 00 00 20 BF 0B 24 00 00 00 00
00 00 00 00 00 00 00 00 F9 44 F9 22 00 00 00 00 9C 93 5F 22 97 C7 C3 22 CC 7C 33 21 00 00 00 00
F2 75 3D 21 00 00 00 00 00 00 00 00 00 00 00 00 00 00 00 00 00 00 00 00 D0 EE 21 21 00 00 00 00
E4 45 57 22 95 B2 BF 23 DD 87 A2 24 E1 74 84 25 DF D5 74 26 50 BD 27 27 D5 EA 83 27 F9 F5 97 27
85 3D 92 27 90 11 52 27 48 20 A4 26 00 00 00 00 37 B8 A7 23 00 00 00 00 00 00 00 00 00 00 00 00
00 00 00 00 00 00 00 00 00 00 00 00 00 00 00 00 00 00 00 00 00 00 00 00 00 00 00 00 00 00 00 00
00 00 00 00 00 00 00 00 00 00 00 00 00 00 00 00 00 00 00 00 00 00 00 00 00 00 00 00 00 00 00 00
00 00 00 00 00 00 00 00 00 00 00 00 00 00 00 00 00 00 00 00 00 00 00 00 00 00 00 00 00 00 00 00
00 00 00 00 00 00 00 00 00 00 00 00 00 00 00 00 00 00 00 00 00 00 00 00 00 00 00 00 00 00 00 00
00 00 00 00 93 B0 FA 21 00 00 00 00 54 70 72 24 5C 30 C9 26 B4 D2 58 27 16 71 0A 27 A5 25 55 26
52 20 06 26 54 CD 4B 26 B3 15 FE 26 39 6F 73 27 E6 E9 98 27 77 B8 90 27 21 43 5C 27 E6 B0 0F 27
9E 74 B4 26 4C 5D 69 26 A0 20 1B 26 B5 49 EC 25 89 88 01 26 CA E3 53 26 5A 21 C0 26 85 93 F7 26
9E 0A C2 26 FB FC 64 26 11 DD C4 25 67 7E 0E 23 00 00 00 00 64 D6 45 22 00 00 00 00 00 00 00 00
00 00 00 00 00 00 00 00 00 00 00 00 98 A8 8C 23 00 00 00 00 CF 33 BA 24 43 28 35 25 89 45 DD 24
EE A9 E5 23 ED 49 01 23 D2 A2 9E 22 D8 21 57 22 00 00 00 00 09 80 35 20 00 00 00 00 00 00 00 00
00 00 00 00 00 00 00 00 00 00 00 00 00 00 00 00 00 00 00 00 00 00 00 00 00 00 00 00 31 99 1E 24
00 00 00 00 16 30 B9 25 0F 9A 81 26 89 46 54 26 B5 49 13 26 22 02 DF 25 6A 54 92 25 C9 EC EA 24
00 00 00 00 46 F1 0F 22 00 00 00 00 00 00 00 00 C9 DF 81 23 00 00 00 00 84 BF C8 21 48 F9 6C 22
34 DF FA 23 86 39 4E 24 00 00 00 00 DC BE A6 22 00 00 00 00 00 00 00 00 00 00 00 00 00 00 00 00
00 00 00 00 00 00 00 00 67 43 33 23 00 00 00 00 AB B2 0E 25 D9 DE 27 26 E8 D9 80 26 9F 75 1B 26
D6 AB 1D 25 AF 03 FF 21 00 00 00 00 58 15 75 21 00 00 00 00 00 00 00 00 00 00 00 00 00 00 00 00
00 00 00 00 00 00 00 00 00 00 00 00 00 00 00 00 00 00 00 00 00 00 00 00 00 00 00 00 AD A7 47 20
00 00 00 00 4A EB 83 21 FD 38 8E 23 48 EC FF 23 C5 7A 6B 24 F1 EE E0 24 C4 86 4E 24 00 00 00 00
90 36 54 23 00 00 00 00 00 00 00 00 00 00 00 00 00 00 00 00 00 00 00 00 45 1A C9 21 00 00 00 00
AB 1C 62 24 66 8F B2 23 00 00 00 00 50 F8 CE 22 00 00 00 00 00 00 00 00 00 00 00 00 00 00 00 00
00 00 00 00 00 00 00 00 00 00 00 00 00 00 00 00 00 00 00 00 00 00 00 00 00 00 00 00 C1 D1 69 1F
00 00 00 00 D5 91 54 22 30 49 B7 23 0C 5D 2A 24 4C 49 F7 23 BF F8 A7 23 F8 B4 B9 23 15 51 D9 23
00 00 00 00 D5 75 0B 22 00 00 00 00 00 00 00 00 00 00 00 00 B6 7A E5 20 00 00 00 00 B2 6B 69 1E
9D B4 2F 1F EE 8E C5 20 D3 6B 15 22 00 00 00 00 60 DD 82 21 00 00 00 00 00 00 00 00 00 00 00 00
00 00 00 00 FC D5 C1 23 00 00 00 00 55 7D 9E 23 98 77 B4 23 00 00 00 00 86 06 4A 22 00 00 00 00
00 00 00 00 2B 43 A1 1F 00 00 00 00 C0 95 4A 20 9B D7 AC 21 30 22 0B 20 B3 4C E4 1D F3 E5 F1 1D
19 C7 D1 1F 00 00 00 00 7A 3F E2 22 00 00 00 00 BF C4 B8 22 00 00 00 00 AB F5 04 22 00 00 00 00
CB 23 5D 20 00 00 00 00 A4 B2 88 1F 00 00 00 00 88 F5 CE 1E B2 36 15 20 15 5A 51 21 00 00 00 00
C1 F8 8D 21 00 00 00 00 00 00 00 00 00 00 00 00 CC AD 8A 1F 5F 21 12 1E 46 D5 DB 20 00 00 00 00
00 00 00 00 00 00 00 00 00 00 00 00 00 00 00 00 00 00 00 00 00 00 00 00 00 00 00 00 00 00 00 00
00 00 00 00 00 00 00 00 00 00 00 00 CF 97 AE 22 00 00 00 00 FB 8B B8 22 92 83 3E 23 98 E9 EB 22
A3 E0 73 22 69 49 91 22 59 2D 19 23 8C EA 2D 23 00 00 00 00 00 00 00 00 00 00 00 00 63 21 A2 24
98 CE 03 26 95 19 7E 26 94 D5 78 26 66 D9 30 26 FC 53 19 26 6C 00 54 26 C1 E7 C9 26 21 20 2C 27
C5 92 37 27 34 E9 A3 26 77 01 79 24 00 00 00 00 00 00 00 00 00 00 00 00 EE BF 34 21 C2 08 CF 21
00 00 00 00 C6 35 15 21 00 00 00 00 00 00 00 00 00 00 00 00 4B 9C 50 21 00 00 00 00 C5 79 B1 23
0A 22 46 24 B9 33 CB 24 B7 3C 83 25 68 9B 2A 26 A8 36 A8 26 8D 34 D2 26 AD 44 9D 26 0F B4 20 26
A1 EF 7D 25 86 43 97 24 90 67 18 23 00 00 00 00 2B F8 05 21 00 00 00 00 00 00 00 00 00 00 00 00
00 00 00 00 00 00 00 00 00 00 00 00 00 00 00 00 00 00 00 00 00 00 00 00 00 00 00 00 00 00 00 00
00 00 00 00 00 00 00 00 00 00 00 00 00 00 00 00 00 00 00 00 00 00 00 00 00 00 00 00 00 00 00 00
00 00 00 00 00 00 00 00 00 00 00 00 00 00 00 00 00 00 00 00 00 00 00 00 00 00 00 00 00 00 00 00
00 00 00 00 00 00 00 00 00 00 00 00 53 CF F4 20 00 00 00 00 42 0B C5 23 EE 9F 56 25 F4 DB 0B 26
82 75 37 26 EB 33 FC 25 07 69 0B 25 A3 DD 80 23 8C 62 8B 22 3E C6 A3 22 73 27 BB 23 76 6A B4 24
A5 D4 57 25 51 46 B9 25 00 A1 05 26 AE BC 36 26 2A A3 52 26 8F CF 18 26 3E FC 92 25 66 A6 13 25
B7 A9 B6 24 92 D9 6B 24 0B 76 24 24 15 2E 1D 24 32 BA 4C 24 99 22 7A 24 81 0D 30 24 11 A0 74 22
00 00 00 00 5A 0B C5 1E 00 00 00 00 00 00 00 00 00 00 00 00 00 00 00 00 00 00 00 00 00 00 00 00
00 00 00 00 00 00 00 00 00 00 00 00 00 00 00 00 00 00 00 00 00 00 00 00 00 00 00 00 29 CB E1 26
00 00 00 00 93 F6 01 2A 09 0A ED 2A D2 18 76 2B 05 64 C2 2B 43 4A 02 2C 43 0A 1D 2C C8 A8 2D 2C
62 5D 31 2C 3E AC 24 2C AA 61 F5 2B 21 A2 46 2B 00 00 00 00 5D 14 38 28 00 00 00 00 00 00 00 00
00 00 00 00 00 00 00 00 00 00 00 00 00 00 00 00 00 00 00 00 00 00 00 00 00 00 00 00 00 00 00 00
00 00 00 00 00 00 00 00 00 00 00 00 D2 E3 41 28 00 00 00 00 35 36 16 28 1C 00 08 2A 8B 71 AB 2A
03 94 FB 2A FF AA 07 2B 40 18 F2 2A BE B3 B1 2A 48 D3 50 2A 4B 37 DB 29 65 2F 6D 29 83 F6 02 29
BB A8 96 28 AE 3A 70 28 E2 9E 9E 28 B8 C1 0A 29 00 E9 3D 29 05 DA 23 29 37 47 D2 28 B7 D7 6C 28
AD 46 E1 27 00 8E 23 27 7A ED 60 26 05 0D 02 26 7D 25 23 26 FB 7D 9C 26 1C 17 F6 26 47 52 E8 26
34 C8 3E 26 00 00 00 00 F5 D7 99 25 00 00 00 00 00 00 00 00 00 00 00 00 00 00 00 00 29 4C 5C 24
00 00 00 00 1F 0A 9A 24 46 DB 7F 25 1B 74 19 25 29 AB E8 23 00 00 00 00 00 00 00 00 00 00 00 00
53 83 88 23 DB 25 BC 26 90 80 2C 27 8A 9F F3 26 84 50 6A 26 EE FF CE 25 37 ED 5C 25 81 8E FD 24
3B 53 3D 24 42 01 55 23 E7 21 A7 22 86 68 53 22 58 B6 31 22 00 00 00 00 22 0C 65 23 00 00 00 00
00 00 00 00 00 00 00 00 00 00 00 00 00 00 00 00 00 00 00 00 00 00 00 00 26 65 02 24 00 00 00 00
F0 C6 73 25 9E 85 CC 25 60 93 7D 25 24 DB E9 24 B3 E5 40 24 F8 F2 3F 23 00 00 00 00 38 9D 6B 21
C3 B0 84 21 00 00 00 00 DE C4 E1 23 12 B3 0E 24 00 00 00 00 D5 31 EC 23 00 00 00 00 00 00 00 00
00 00 00 00 BA FC A4 24 00 00 00 00 29 47 C0 25 9D AC 9E 26 E4 37 A4 26 73 B7 97 26 8E 9C B0 26
8F 07 DC 26 23 67 D8 26 B5 DF A9 26 F6 20 83 26 89 59 4B 26 0C 8B D6 25 94 AC 3C 24 00 00 00 00
E7 73 7A 21 00 00 00 00 00 00 00 00 00 00 00 00 00 00 00 00 00 00 00 00 00 00 00 00 00 00 00 00
00 00 00 00 00 00 00 00 00 00 00 00 00 00 00 00 00 00 00 00 00 00 00 00 00 00 00 00 00 00 00 00
00 00 00 00 00 00 00 00 00 00 00 00 00 00 00 00 00 00 00 00 00 00 00 00 00 00 00 00 00 00 00 00
00 00 00 00 00 00 00 00 00 00 00 00 00 00 00 00 00 00 00 00 00 00 00 00 00 00 00 00 00 00 00 00
00 00 00 00 00 00 00 00 00 00 00 00 00 00 00 00 F4 F9 2B 22 00 00 00 00 B9 B1 16 23 D1 87 8E 25
3F 64 2B 26 3F 1C 85 26 5D 64 B9 26 5E 6B F3 26 4C 87 17 27 CB D2 3D 27 E0 A3 7D 27 0F 5C AD 27
BA 9F D2 27 B6 58 B5 27 43 61 4D 27 4E DB C9 26 23 26 69 26 DF 95 19 26 A6 DB C5 25 BC F7 7C 25
13 B5 07 25 B2 80 72 23 00 00 00 00 00 00 00 00 00 00 00 00 D1 50 D8 24 42 F1 ED 25 4D 51 BF 25
1E B4 25 24 00 00 00 00 6B F4 AA 1E 00 00 00 00 00 00 00 00 00 00 00 00 00 00 00 00 00 00 00 00
F0 17 3D 1F 00 00 00 00 B7 E9 84 22 FF 18 0B 24 3F 34 7C 24 AA 13 91 24 93 CE BE 24 73 AE 1E 25
39 16 5D 25 A0 4C 1C 25 7F 28 91 24 51 75 52 24 6E 9C A8 24 8C 8D 75 25 07 E8 1F 26 17 CC 87 26
BE 0D 6A 26 ED B1 DB 25 F1 64 11 25 A4 78 A6 23 00 00 00 00 20 45 99 22 00 00 00 00 16 F3 B7 22
00 00 00 00 0E FD 22 23 00 00 00 00 BC 98 CA 23 00 00 00 00 00 00 00 00 00 00 00 00 00 00 00 00
00 00 00 00 00 00 00 00 00 00 00 00 00 00 00 00 00 00 00 00 00 00 00 00 00 00 00 00 00 00 00 00
00 00 00 00 00 00 00 00 00 00 00 00 00 00 00 00 00 00 00 00 84 A4 C0 22 00 00 00 00 E1 41 8A 24
A3 CB 03 26 41 9D 35 26 65 20 A6 25 4F 0B 0B 25 E0 A8 D9 24 DB 93 08 25 FD 91 D4 24 1F 71 28 24
78 21 4A 23 92 9F 91 22 A2 DD 3E 22 65 CE 0E 22 8A 85 8B 20 00 00 00 00 55 F1 C2 20 00 00 00 00
00 00 00 00 00 00 00 00 00 00 00 00 BD 28 05 24 00 00 00 00 9D 28 14 24 8B 5E 2F 22 00 00 00 00
00 00 00 00 00 00 00 00 76 EC 84 23 90 E0 13 25 77 23 C9 23 00 00 00 00 B4 76 09 20 00 00 00 00
6F 19 EE 1D 00 00 00 00 13 C6 B7 1D 00 00 00 00 F2 9F A2 1F 00 00 00 00 00 00 00 00 00 00 00 00
00 00 00 00 00 00 00 00 00 00 00 00 00 00 00 00 24 2B 91 21 00 00 00 00 3D DA 12 23 C3 D0 9F 22
00 00 00 00 69 FD 38 22 00 00 00 00 00 00 00 00 00 00 00 00 00 00 00 00 00 43 4E 24 00 00 00 00
38 3C FC 23 32 AD D2 23 99 F3 04 23 E2 1F F0 22 76 E3 CD 23 76 55 C7 24 86 AC 02 25 36 4B 72 24
14 3D 3E 23 00 00 00 00 3E 4E A0 21 00 00 00 00 00 00 00 00 00 00 00 00 00 00 00 00 00 00 00 00
68 64 3E 22 00 00 00 00 98 71 53 23 BC 78 5C 22 00 00 00 00 00 00 00 00 00 00 00 00 00 00 00 00
9B C4 8A 23 00 00 00 00 00 00 00 00 C9 45 EE 24 00 00 00 00 6B E0 0D 25 C5 C5 2B 25 4A FB AF 24
F3 3A 95 24 EB C6 AE 24 00 00 00 00 D2 2A 3B 24 00 00 00 00 00 00 00 00 00 00 00 00 00 00 00 00
00 00 00 00 00 00 00 00 00 00 00 00 44 EB 1D 22 00 00 00 00 60 AD 8B 21 00 00 00 00 AD A1 35 22
E3 47 99 23 00 00 00 00 4B 23 AA 22 00 00 00 00 00 00 00 00 00 00 00 00 28 A3 B4 22 09 C1 A6 24
16 91 1A 25 02 CF AF 24 00 00 00 00 4D 23 12 22 00 00 00 00 00 00 00 00 00 00 00 00 00 00 00 00
33 41 26 23 00 00 00 00 AE 09 29 23 00 00 00 00 13 90 E9 22 00 00 00 00 00 00 00 00 00 00 00 00
00 00 00 00 00 00 00 00 00 00 00 00 00 00 00 00 00 00 00 00 00 00 00 00 00 00 00 00 00 00 00 00
00 00 00 00 00 00 00 00 2C D0 53 24 00 00 00 00 32 FB 9C 25 FA F6 65 26 B9 A7 98 26 1E FB A0 26
DD 6C 8F 26 C4 93 47 26 3F 0F C7 25 53 AC C1 24 00 00 00 00 69 67 A2 21 00 00 00 00 00 00 00 00
00 00 00 00 00 00 00 00 00 00 00 00 00 00 00 00 00 00 00 00 00 00 00 00 00 00 00 00 F1 17 5A 24
00 00 00 00 D5 0E 0F 25 F2 EB B1 26 1B 55 D4 26 20 06 D6 26 DA CD ED 26 FC 9C E8 26 FD 30 BE 26
26 D6 BE 26 2B 1A 08 27 64 B7 42 27 5F 2A 38 27 2D 59 DA 26 36 C6 4A 26 3C E8 BF 25 80 A5 3A 25
70 CA 8E 23 00 00 00 00 FE 73 19 24 00 00 00 00 00 00 00 00 00 00 00 00 00 00 00 00 00 00 00 00
00 00 00 00 00 00 00 00 00 00 00 00 00 00 00 00 00 00 00 00 00 00 00 00 00 00 00 00 00 00 00 00
00 00 00 00 00 00 00 00 00 00 00 00 00 00 00 00 00 00 00 00 00 00 00 00 00 00 00 00 00 00 00 00
00 00 00 00 00 00 00 00 00 00 00 00 00 00 00 00 00 00 00 00 79 37 0E 23 00 00 00 00 A9 97 68 24
BD 6F 09 25 72 F3 69 25 A7 CC FF 25 2D 0B B3 26 44 2E 50 27 24 AD 7A 27 DB 95 11 27 14 EC 48 26
D6 15 62 25 6D 12 EC 23 00 00 00 00 0B 5D AB 22 00 00 00 00 00 00 00 00 00 00 00 00 CE D7 98 23
00 00 00 00 08 C3 C9 23 1D 19 DA 24 1E 90 F4 24 02 8F C6 24 A3 E1 73 24 55 0D D1 23 82 EB D9 22
7B 8F 7E 22 5C 47 D1 22 A3 22 AA 23 1D 87 C2 23 64 2E 5A 23 C0 4F 0C 23 60 A3 16 23 A7 13 BF 23
59 89 9B 24 0F 09 D0 22 00 00 00 00 EA 52 58 24 00 00 00 00 00 00 00 00 00 00 00 00 00 00 00 00
00 00 00 00 D7 DB 70 26 00 00 00 00 D9 78 00 28 04 28 12 2A 14 85 EC 2A F5 01 69 2B D4 92 B6 2B
5E 71 FB 2B DC 47 1B 2C 23 F7 2A 2C BC BB 29 2C BF 6B 19 2C 83 C1 E5 2B 04 5E 48 2B E5 28 12 27
00 00 00 00 D7 7F F5 26 00 00 00 00 00 00 00 00 00 00 00 00 00 00 00 00 00 00 00 00 00 00 00 00
00 00 00 00 00 00 00 00 00 00 00 00 00 00 00 00 00 00 00 00 00 00 00 00 85 90 89 26 00 00 00 00
A2 41 38 26 41 DD 47 2A 7C F2 FE 2A 26 6C 29 2B 17 6C 26 2B 49 94 15 2B F4 99 01 2B A4 C6 C3 2A
09 B1 65 2A 1B 4C D2 29 2A 39 33 29 DE 1D C8 28 D4 2F B9 28 C7 A5 FF 28 71 6B 39 29 0D B6 55 29
C4 ED 3E 29 5B 6C 0B 29 3D 8D 9C 28 89 76 D0 27 F5 EF 33 26 00 00 00 00 13 CC 2B 20 46 13 1B 20
00 00 00 00 A3 E9 BF 24 B8 96 CC 24 00 00 00 00 75 D0 E4 24 00 00 00 00 00 00 00 00 00 00 00 00
00 00 00 00 00 00 00 00 9F AF C9 23 00 00 00 00 77 7B A2 24 77 9E C6 25 64 80 8D 26 E2 D5 D7 26
04 39 83 26 AA 51 8C 25 83 A2 69 24 B8 BE 9A 23 DD B7 63 23 0E E0 A9 23 2B 84 34 24 8C 73 95 24
CD 7C 81 22 00 00 00 00 70 EF D6 22 00 00 00 00 00 00 00 00 83 20 67 23 00 00 00 00 30 49 D5 23
2D FB 2D 25 D2 C7 4C 24 00 00 00 00 06 F8 A6 24 00 00 00 00 00 00 00 00 00 00 00 00 00 00 00 00
00 00 00 00 00 00 00 00 00 00 00 00 00 00 00 00 00 00 00 00 00 00 00 00 13 94 09 22 00 00 00 00
31 26 BA 22 48 1E 2E 25 95 B9 29 26 21 CF DA 26 44 02 0F 27 51 A4 C4 26 24 18 51 26 C9 CC F6 25
F2 82 A2 25 D3 9B 24 25 E9 FE 21 24 E6 85 A0 22 95 B8 F1 21 EE DD 6C 22 A3 88 AB 23 5D C3 3F 24
E6 32 FD 23 86 30 C4 23 89 C6 1B 24 72 71 B6 24 FC 2D 01 25 4F 70 02 25 1D B1 29 25 AE D6 99 25
CE 52 D9 25 0D 01 70 25 6F 9B 8B 24 0D 0C 07 24 9E 4B C8 23 00 00 00 00 D4 2E 26 21 00 00 00 00
00 00 00 00 00 00 00 00 00 00 00 00 00 00 00 00 00 00 00 00 00 00 00 00 00 00 00 00 00 00 00 00
00 00 00 00 00 00 00 00 00 00 00 00 00 00 00 00 00 00 00 00 00 00 00 00 00 00 00 00 00 00 00 00
00 00 00 00 00 00 00 00 00 00 00 00 00 00 00 00 00 00 00 00 00 00 00 00 00 00 00 00 00 00 00 00
00 00 00 00 00 00 00 00 00 00 00 00 00 00 00 00 00 00 00 00 00 00 00 00 F4 B0 BA 25 00 00 00 00
2D 85 7A 23 5B CA 7E 22 2D BA D3 22 01 40 05 25 03 5A F6 26 40 35 97 27 94 A1 F4 27 DA EA 2E 28
E8 AF 49 28 65 41 2A 28 4E AF C5 27 B2 27 0B 27 85 63 0A 26 8B CA 40 25 04 6C 0A 25 C7 D7 20 25
A2 D2 2F 25 DD E1 58 25 4B 6F C8 25 3B 25 70 26 29 18 D1 26 C5 81 B6 26 9B 2A 34 26 BC 3A 9E 25
5C A8 24 25 4E 75 E7 24 0B 4A EF 24 0A 1D 5F 25 0A 42 1F 26 0A 4C BF 26 83 D7 00 27 2A DE E6 26
46 1B BF 26 1B C3 99 26 9F 1D 3C 26 C9 46 A8 25 87 46 13 25 D6 9F 5B 24 10 C3 74 22 BB EF 92 1F
3A 74 20 1F 12 40 54 20 6D 24 4D 22 2F 6F 5B 21 00 00 00 00 61 5C 6F 20 00 00 00 00 00 00 00 00
00 00 00 00 00 00 00 00 00 00 00 00 00 00 00 00 00 00 00 00 00 00 00 00 00 00 00 00 00 00 00 00
00 00 00 00 00 00 00 00 00 00 00 00 00 00 00 00 00 00 00 00 00 00 00 00 00 00 00 00 2B 3E B9 21
00 00 00 00 32 44 43 23 0F 37 E4 25 96 29 06 27 1D D8 32 27 00 12 CA 26 37 DB 98 25 00 00 00 00
4F C6 07 24 00 00 00 00 00 00 00 00 00 00 00 00 00 00 00 00 00 00 00 00 00 00 00 00 00 00 00 00
DB 3E 34 23 00 00 00 00 C7 C4 F1 24 64 6F B5 25 6A 8E 2C 26 5F F9 2C 26 E7 22 C6 25 37 3D 4A 25
FF CD 84 24 00 00 00 00 59 EA 0E 24 00 00 00 00 00 00 00 00 00 00 00 00 00 00 00 00 5C 87 A2 23
00 00 00 00 93 CF D7 23 BB 4A 4B 24 36 99 F5 23 F0 32 D1 23 D0 0C E1 23 44 27 47 23 6D D0 A9 22
65 A6 98 22 1D 8B 94 22 00 00 00 00 BB 15 D2 21 00 00 00 00 00 00 00 00 43 A4 0E 1F 81 C0 49 1E
A3 3E 33 20 00 00 00 00 00 00 00 00 00 00 00 00 D3 A8 5B 23 00 00 00 00 00 00 00 00 ED CA 1B 20
17 3F F7 1F 00 00 00 00 C6 1A F3 21 C3 1C 94 21 00 00 00 00 AE 4A C1 21 00 00 00 00 00 00 00 00
00 00 00 00 00 00 00 00 00 00 00 00 00 00 00 00 FF EB 2D 21 00 00 00 00 C4 44 CA 22 C8 1F 68 23
00 00 00 00 3A 78 D3 20 00 00 00 00 00 00 00 00 00 00 00 00 00 00 00 00 3E 85 58 24 00 00 00 00
C1 1D 19 24 24 94 FB 24 AF 10 0A 25 1F 0C 2A 25 50 65 62 25 E9 03 6E 25 31 57 4E 25 1D 00 09 25
00 00 00 00 25 E3 41 24 00 00 00 00 00 00 00 00 00 00 00 00 00 00 00 00 00 00 00 00 00 00 00 00
00 00 00 00 00 00 00 00 00 00 00 00 00 00 00 00 00 00 00 00 49 1B E2 20 00 00 00 00 C6 5E 90 20
B6 1C 59 21 DD 3B 91 1F 02 84 D7 1E E5 DB 34 20 48 C1 83 23 A6 AF FB 25 7C B8 CD 26 29 E0 B9 26
69 D4 22 26 E8 DB 17 25 00 00 00 00 78 79 00 24 00 00 00 00 00 00 00 00 00 00 00 00 00 00 00 00
00 00 00 00 00 00 00 00 70 C9 D7 23 00 00 00 00 57 66 F0 24 5B 4B 80 25 2E A4 E8 24 00 00 00 00
3D 17 81 22 00 00 00 00 6C F6 4E 22 00 00 00 00 F4 1F 55 22 6F 98 F8 22 B2 2E AD 23 66 03 AA 24
76 9A 10 25 E0 31 FC 24 21 CD 82 22 00 00 00 00 20 80 8F 22 00 00 00 00 00 00 00 00 E7 FC 7C 22
00 00 00 00 2D 0B 13 20 00 00 00 00 5D 9E EC 20 00 00 00 00 00 00 00 00 00 00 00 00 00 00 00 00
00 00 00 00 00 00 00 00 0B B4 AD 21 00 00 00 00 00 00 00 00 4F 31 18 20 00 00 00 00 00 00 00 00
00 00 00 00 00 00 00 00 00 00 00 00 00 00 00 00 E5 8E D6 23 00 00 00 00 33 FB 3C 24 91 25 83 25
1C 96 1B 26 19 08 56 26 DD 81 A4 25 00 00 00 00 69 AF D9 24 00 00 00 00 00 00 00 00 00 00 00 00
00 00 00 00 A7 89 58 24 00 00 00 00 C4 85 8D 25 38 66 5B 26 AA 21 AD 26 45 77 CC 26 4E A6 CA 26
22 ED C2 26 2C 8C CC 26 83 1B F8 26 BC 2A 24 27 C1 8A 48 27 29 C3 2D 27 38 6E 9E 26 A6 F6 9E 25
DE E6 D6 24 AC BD AB 24 77 6D E9 24 A5 C1 85 24 00 00 00 00 25 5D 3D 22 00 00 00 00 00 00 00 00
00 00 00 00 00 00 00 00 00 00 00 00 00 00 00 00 00 00 00 00 00 00 00 00 00 00 00 00 00 00 00 00
00 00 00 00 00 00 00 00 00 00 00 00 00 00 00 00 00 00 00 00 00 00 00 00 00 00 00 00 00 00 00 00
00 00 00 00 00 00 00 00 00 00 00 00 00 00 00 00 00 00 00 00 00 00 00 00 00 00 00 00 00 00 00 00
8B B3 62 22 00 00 00 00 FD A3 35 24 AC 52 F6 24 50 31 31 25 FD 5E 0E 25 F3 D1 56 23 00 00 00 00
00 00 00 00 00 00 00 00 A5 2D 4A 23 78 78 41 25 95 26 6F 25 79 F8 0D 25 42 E7 B9 24 98 77 A9 24
2E 6D A9 24 64 B8 F1 24 1E F1 99 25 E9 AE 94 26 9C 4B 2B 27 13 5F 40 27 1A 41 2B 27 6F 6E 1E 27
10 2E 13 27 17 3A F3 26 14 71 9D 26 83 AD 05 26 C9 9A 17 25 3B 8B DC 23 00 00 00 00 79 0E 40 23
00 00 00 00 00 00 00 00 00 00 00 00 00 00 00 00 00 00 00 00 00 00 00 00 00 00 00 00 00 00 00 00
00 00 00 00 00 00 00 00 00 00 00 00 00 00 00 00 00 00 00 00 42 42 A3 27 00 00 00 00 51 64 C6 29
4A A0 CA 2A 65 E7 50 2B 8B 67 A5 2B AE B6 E4 2B 92 05 11 2C 88 5A 2A 2C 73 0D 38 2C 62 C4 34 2C
B8 E6 14 2C 6F 90 9B 2B 28 7C 02 2A 00 00 00 00 F2 58 62 29 00 00 00 00 00 00 00 00 00 00 00 00
00 00 00 00 00 00 00 00 00 00 00 00 00 00 00 00 00 00 00 00 00 00 00 00 00 00 00 00 00 00 00 00
00 00 00 00 00 00 00 00 29 87 2F 28 00 00 00 00 EA F7 9B 29 EF C8 91 2A E5 EB 03 2B F5 54 25 2B
E5 98 24 2B 36 D2 0B 2B 3D D7 CD 2A 28 71 81 2A 73 1E 0F 2A 78 FC A0 29 FB 3E 5F 29 25 46 43 29
00 D3 2F 29 45 3C 06 29 66 BD BA 28 9C C4 88 28 30 6B 3E 28 6F 23 AE 27 BE 26 A4 26 C5 44 91 25
5C DD 30 25 44 84 BC 25 43 AC AD 26 C4 BE 4B 27 B1 EF 8B 27 A4 D4 88 27 C6 27 2C 27 DC 28 0A 26
00 00 00 00 B4 79 AC 23 00 00 00 00 00 00 00 00 00 00 00 00 4D 3A 4D 23 00 00 00 00 00 00 00 00
7D 56 47 23 00 00 00 00 00 00 00 00 00 00 00 00 00 00 00 00 DF E8 A8 25 00 00 00 00 25 A0 B8 25
E2 C2 C3 26 8F E7 B4 26 36 5B 71 26 76 8C 11 26 25 F0 66 25 00 00 00 00 E6 E4 4D 24 00 00 00 00
00 00 00 00 00 00 00 00 00 00 00 00 00 00 00 00 B4 E9 40 24 00 00 00 00 C7 E2 B9 25 8F 1C 60 26
A6 1A 10 27 4F 5E 25 28 87 84 3E 29 64 7F 98 29 F8 60 7C 29 03 2A 1E 29 F8 BB 8E 28 63 15 9C 27
5D 93 92 26 B0 D4 79 25 00 00 00 00 1F 9D 38 25 00 00 00 00 00 00 00 00 00 00 00 00 00 00 00 00
00 00 00 00 00 00 00 00 00 00 00 00 00 00 00 00 00 00 00 00 00 00 00 00 00 00 00 00 00 00 00 00
00 00 00 00 00 00 00 00 00 00 00 00 00 00 00 00 00 00 00 00 00 00 00 00 00 00 00 00 00 00 00 00
00 00 00 00 00 00 00 00 00 00 00 00 00 00 00 00 00 00 00 00 00 00 00 00 00 00 00 00 00 00 00 00
00 00 00 00 00 00 00 00 00 00 00 00 00 00 00 00 00 00 00 00 11 25 5C 23 00 00 00 00 50 B6 C9 24
CA F2 A6 25 A9 22 09 26 38 9E 13 26 14 5A 1A 26 C9 58 59 26 4B 39 C9 26 D0 D1 40 27 82 67 A7 27
05 29 F5 27 BF C1 06 28 20 CC CC 27 2D 3A 66 27 BB B3 EE 26 CA 0B 9F 26 64 1F 8B 26 DD 2B 71 26
98 7F 3A 26 57 30 2D 26 85 62 5C 26 00 02 93 26 EA 1B 89 26 DB 8C 20 26 ED BA 8E 25 66 56 19 25
4A 00 E4 24 BD 88 D3 24 58 6F CB 24 C3 3D C2 24 BA 2D 6F 24 00 00 00 00 4B 9B 8D 23 00 00 00 00
00 00 00 00 00 00 00 00 00 00 00 00 00 00 00 00 00 00 00 00 00 00 00 00 70 B9 72 21 00 00 00 00
4F 5D 21 22 AB BB 30 21 75 E2 97 21 C6 68 1B 23 29 66 90 25 CC 3B 81 26 0E 49 EE 25 A6 65 C1 23
00 00 00 00 B4 3F 08 22 00 00 00 00 00 00 00 00 A5 62 97 22 00 00 00 00 D9 86 A6 23 7F C6 A6 25
81 01 FC 25 3A 4F 06 26 0D 0C 05 26 46 FA E4 25 7B D7 99 25 B6 7F C5 24 00 00 00 00 D5 C9 E8 22
00 00 00 00 71 BE 66 21 00 00 00 00 00 00 00 00 ED F6 A6 1E 00 00 00 00 00 00 00 00 00 00 00 00
00 00 00 00 00 00 00 00 00 00 00 00 00 00 00 00 00 00 00 00 00 00 00 00 00 00 00 00 00 00 00 00
00 00 00 00 00 00 00 00 00 00 00 00 00 00 00 00 00 00 00 00 00 00 00 00 00 00 00 00 17 46 5B 22
00 00 00 00 6B D7 A1 24 73 66 94 25 CA C3 83 25 F5 4E 97 24 74 89 BC 23 FE 25 86 23 4B 69 A0 23
D3 56 EE 22 B4 D4 2A 20 A0 65 4C 20 AF 33 DA 21 92 D9 2E 25 2D 0A A5 25 38 23 8C 25 0F 89 56 25
1C D1 04 25 44 9A 18 24 6C 1E 73 22 00 00 00 00 C4 84 64 1E 00 00 00 00 00 00 00 00 00 00 00 00
00 00 00 00 00 00 00 00 00 00 00 00 2D 68 48 23 00 00 00 00 55 7D 83 22 3D 2B 92 24 1B 7C 80 24
2A 4A BF 23 00 00 00 00 E2 6B 19 24 00 00 00 00 00 00 00 00 00 00 00 00 00 00 00 00 00 00 00 00
00 00 00 00 00 00 00 00 00 00 00 00 50 19 8D 23 00 00 00 00 E4 7C 90 24 99 40 CD 24 FC 57 59 24
26 5A B2 22 00 00 00 00 65 69 1B 21 00 00 00 00 03 DF E8 21 00 00 00 00 A0 15 BE 24 AE 2D 69 26
BC 2E 2C 27 6A 1D 3C 27 7A 14 85 26 00 00 00 00 FB 7C 8C 23 00 00 00 00 00 00 00 00 00 00 00 00
00 00 00 00 00 00 00 00 00 00 00 00 00 00 00 00 00 00 00 00 5F 4A 31 20 00 00 00 00 C0 64 A4 20
E0 2E 07 21 00 00 00 00 11 8A 97 22 00 00 00 00 00 00 00 00 00 00 00 00 07 C0 A7 22 00 00 00 00
F5 5B 55 24 69 72 7C 25 D6 16 17 26 71 1D 71 26 7F 89 40 26 AC 3C 8F 25 85 7E 19 23 00 00 00 00
82 A4 C6 22 3B A4 D9 21 00 00 00 00 C1 B0 03 21 71 FB 03 22 00 00 00 00 16 6C 80 21 00 00 00 00
00 00 00 00 00 00 00 00 00 00 00 00 00 00 00 00 00 00 00 00 00 00 00 00 00 00 00 00 00 00 00 00
71 3D 85 20 00 00 00 00 00 00 00 00 CD A6 D1 1F 00 00 00 00 00 00 00 00 00 00 00 00 00 00 00 00
00 00 00 00 00 00 00 00 00 00 00 00 00 00 00 00 80 66 C9 21 00 00 00 00 00 00 00 00 68 28 20 20
00 00 00 00 00 00 00 00 00 00 00 00 E6 B9 93 23 00 00 00 00 94 7C B7 23 8F 70 EC 25 46 2C 91 25
27 17 1E 25 CD 88 F6 24 4C FC A8 24 A3 72 9F 23 D4 F9 02 22 00 00 00 00 4E 4C 1F 23 00 00 00 00
00 00 00 00 00 00 00 00 00 00 00 00 00 00 00 00 94 30 8C 24 00 00 00 00 7D EE E6 24 21 C7 56 25
D0 0F 2B 25 17 DC 39 25 2A FD 74 25 A3 53 2C 25 93 EB 76 24 4E 41 7A 23 8C 65 CD 21 00 00 00 00
D8 8D 46 1F 00 00 00 00 00 00 00 00 00 00 00 00 13 C6 BB 22 00 00 00 00 A7 5A F2 25 A2 29 E3 26
16 BF 89 27 2F 2C E3 27 AE B8 CE 27 F5 2B 60 27 0D D0 DB 26 67 76 8B 26 19 7D 4C 26 A7 E8 B7 25
00 00 00 00 25 4C 78 21 00 00 00 00 00 00 00 00 00 00 00 00 00 00 00 00 00 00 00 00 00 00 00 00
00 00 00 00 00 00 00 00 00 00 00 00 00 00 00 00 00 00 00 00 00 00 00 00 00 00 00 00 00 00 00 00
00 00 00 00 00 00 00 00 00 00 00 00 00 00 00 00 00 00 00 00 00 00 00 00 00 00 00 00 00 00 00 00
00 00 00 00 00 00 00 00 00 00 00 00 88 01 22 24 00 00 00 00 F1 FE 9D 24 CD F1 C4 25 61 BE AC 26
9B 7A 76 27 B9 A0 CE 27 AA A8 B6 27 5E C4 47 27 13 99 9F 26 BA 7E C6 25 AE 24 D5 24 E5 74 2E 24
B0 19 16 24 55 E7 3A 24 3B BA 1C 24 0E 2C F8 23 A1 CA 44 24 A8 DF 1E 25 36 57 E0 25 92 12 25 26
5F 9F 11 26 CB E0 8C 25 93 2B B0 23 00 00 00 00 A3 38 E6 22 00 00 00 00 00 00 00 00 00 00 00 00
00 00 00 00 00 00 00 00 00 00 00 00 00 00 00 00 00 00 00 00 00 00 00 00 00 00 00 00 EA 3B AC 21
00 00 00 00 CE 1A 1B 24 93 06 40 25 00 00 00 00 44 A4 F3 25 00 00 00 00 00 00 00 00 00 00 00 00
00 00 00 00 00 00 00 00 87 7B CD 27 00 00 00 00 77 18 73 29 28 D9 AA 2A 0D B4 51 2B BC 02 BC 2B
BF 26 0B 2C 59 7F 31 2C 91 80 46 2C 33 B1 45 2C FD AE 31 2C 89 43 08 2C 00 55 8A 2B 58 C6 FC 29
00 00 00 00 E2 59 5C 29 00 00 00 00 00 00 00 00 00 00 00 00 00 00 00 00 00 00 00 00 00 00 00 00
00 00 00 00 00 00 00 00 00 00 00 00 00 00 00 00 00 00 00 00 00 00 00 00 00 00 00 00 FE EE 1B 28
00 00 00 00 61 09 97 28 50 F5 30 2A 7F FE C0 2A C1 61 FD 2A 5A 91 01 2B 3B B5 E7 2A 52 42 B9 2A
84 EC 7B 2A 93 0A 0A 2A 63 22 89 29 73 BB 29 29 9A ED 19 29 26 F9 2B 29 0B ED 2A 29 33 15 07 29
F2 8C B7 28 3E 0E 69 28 B3 1B 0F 28 B0 02 93 27 13 19 7D 26 00 00 00 00 00 00 00 00 00 00 00 00
49 E2 9B 26 4B 6E 98 27 C0 9D A8 27 45 44 4C 27 97 DA 37 26 00 00 00 00 C2 E9 7D 25 00 00 00 00
00 00 00 00 00 00 00 00 41 32 39 25 00 00 00 00 63 B4 24 26 8F 2D 4B 27 18 5B 50 27 38 E9 D2 26
32 AB E8 25 F5 57 EB 23 00 00 00 00 6C E2 E1 21 00 00 00 00 00 00 00 00 00 00 00 00 00 00 00 00
00 00 00 00 00 00 00 00 00 00 00 00 00 00 00 00 00 00 00 00 4F A0 33 22 00 00 00 00 6D BA 7E 21
66 83 03 24 E8 2A B2 24 EA 4B 2E 25 96 5C 94 25 03 7E F9 25 19 A3 30 26 77 97 12 26 54 C9 5C 25
BA 5D 53 23 00 00 00 00 00 00 00 00 00 00 00 00 4B 16 02 23 AB 43 54 22 40 BA 02 21 00 00 00 00
38 0C F5 21 00 00 00 00 00 00 00 00 00 00 00 00 00 00 00 00 FF 3E 4A 22 50 68 A8 21 3B 0C C9 22
00 00 00 00 00 00 00 00 00 00 00 00 9D 96 F7 23 00 00 00 00 50 D7 0D 25 6A 58 DD 25 C0 6D 42 26
14 64 89 26 71 41 A0 26 B6 54 A7 26 87 3F BF 26 90 DF 0A 27 4B D7 64 27 72 E6 9B 27 B1 E0 90 27
94 7C 3C 27 5F 6D 96 26 88 02 1C 25 00 00 00 00 57 00 89 21 00 00 00 00 00 00 00 00 00 00 00 00
00 00 00 00 00 00 00 00 00 00 00 00 00 00 00 00 00 00 00 00 00 00 00 00 00 00 00 00 00 00 00 00
00 00 00 00 00 00 00 00 00 00 00 00 00 00 00 00 00 00 00 00 00 00 00 00 00 00 00 00 00 00 00 00
00 00 00 00 00 00 00 00 00 00 00 00 00 00 00 00 00 00 00 00 00 00 00 00 00 00 00 00 00 00 00 00
00 00 00 00 00 00 00 00 00 00 00 00 00 00 00 00 00 00 00 00 00 00 00 00 00 00 00 00 00 00 00 00
00 00 00 00 00 00 00 00 00 00 00 00 0A AA A9 24 00 00 00 00 C3 24 EE 25 CB 7F 6A 26 9F EC B2 26
2C DE 3D 27 FC D6 D7 27 5D 6B 21 28 76 85 14 28 02 66 CD 27 E8 13 86 27 DF 37 34 27 75 40 E6 26
77 4C 93 26 8B 37 84 26 43 F7 AF 26 93 7A 04 27 41 9E 1B 27 92 EF 05 27 92 3C C4 26 5C 5D 8F 26
7E CF 55 26 F0 34 17 26 9D 88 D7 25 5C 3E B7 25 C4 2D C6 25 A3 19 1D 26 76 8A AC 26 A7 7C 3A 27
E1 AD 44 27 B6 A0 AF 26 7C D1 E2 25 ED FA 8B 24 00 00 00 00 B2 EC 3C 24 00 00 00 00 00 00 00 00
00 00 00 00 00 00 00 00 00 00 00 00 00 00 00 00 C4 07 C7 1F D5 2D 2B 1F 84 03 9E 1F CE 19 09 22
00 00 00 00 67 A9 B9 25 85 27 4D 26 44 61 16 25 00 00 00 00 00 00 00 00 00 00 00 00 95 FB 17 24
AB 11 6F 24 C3 BE 2E 23 00 00 00 00 E7 B7 15 23 00 00 00 00 00 00 00 00 00 00 00 00 00 00 00 00
00 00 00 00 00 00 00 00 00 00 00 00 7A DB 06 22 99 AB CC 1F 7E 4C C0 20 92 05 29 20 00 00 00 00
8F 1E DD 22 C7 BC C8 23 00 00 00 00 A0 E3 0E 21 00 00 00 00 E0 0C EC 1F 00 00 00 00 DC DF 38 20
