00 00 00 00 00 00 00 42 00 00 00 00 00 00 00 43 00 00 00 00 00 00 80 41 00 00 00 41 00 00 00 00
00 00 00 00 00 00 00 00 00 00 00 00 00 00 00 00 00 00 00 00 00 00 00 00 00 00 00 00 00 00 00 00
00 00 00 00 00 00 00 00 00 00 00 41 00 00 00 00 00 00 00 00 00 00 00 00 00 00 00 00 00 00 00 00
00 00 00 00 00 00 00 42 00 00 80 42 00 00 C0 42 00 00 10 43 00 00 10 43 00 00 C0 42 00 00 00 42
00 00 80 41 00 00 00 41 00 00 00 00 00 00 00 00 00 00 00 00 00 00 00 00 00 00 00 00 00 00 00 00
00 00 00 00 00 00 00 00 00 00 00 00 00 00 00 00 00 00 00 00 00 00 00 00 00 00 00 00 00 00 00 00
00 00 00 00 00 00 00 00 00 00 00 00 00 00 00 00 00 00 00 00 00 00 00 00 00 00 00 00 00 00 00 00
00 00 00 00 00 00 00 00 00 00 00 00 00 00 00 00 00 00 00 00 00 00 00 00 00 00 00 00 00 00 00 00
00 00 00 00 00 00 00 00 00 00 00 00 00 00 00 00 00 00 80 41 00 00 00 00 00 00 00 00 00 00 00 00
00 00 00 00 00 00 00 00 00 00 00 00 00 00 00 41 00 00 00 41 00 00 00 41 00 00 00 41 00 00 00 00
00 00 00 00 00 00 00 00 00 00 00 00 00 00 00 00 00 00 00 00 00 00 00 00 00 00 00 00 00 00 00 00
00 00 00 00 00 00 00 00 00 00 00 00 00 00 00 00 00 00 00 00 00 00 00 00 00 00 00 00 00 00 00 41
00 00 00 00 00 00 00 00 00 00 00 00 00 00 00 00 00 00 00 00 00 00 00 00 00 00 00 00 00 00 00 00
00 00 00 00 00 00 00 00 00 00 00 00 00 00 00 00 00 00 00 00 00 00 80 42 00 00 00 00 00 00 60 43
00 00 0C 45 00 00 F5 45 00 80 9D 46 00 80 1D 47 00 80 77 47 00 20 9E 47 00 08 A6 47 00 64 8F 47
00 80 47 47 00 00 BE 46 00 00 A0 45 00 00 00 00 00 00 00 44 00 00 00 00 00 00 00 00 00 00 00 00
00 00 00 00 00 00 00 00 00 00 00 00 00 00 00 00 00 00 00 00 00 00 00 00 00 00 00 00 00 00 00 00
00 00 00 00 00 00 00 00 00 00 00 00 00 00 70 43 00 00 00 00 00 80 A2 45 00 C0 73 46 00 D0 B6 46
00 D0 B6 46 00 10 86 46 00 E0 20 46 00 40 AD 45 00 80 1D 45 00 00 AF 44 00 00 7A 44 00 00 48 44
00 00 20 44 00 00 C0 43 00 00 90 43 00 00 58 43 00 00 10 43 00 00 10 43 00 00 10 43 00 00 10 43
00 00 C0 42 00 00 00 42 00 00 00 00 00 00 00 00 00 00 00 00 00 00 00 00 00 00 00 00 00 00 00 00
00 00 00 00 00 00 00 42 00 00 00 42 00 00 00 00 00 00 00 00 00 00 00 00 00 00 00 00 00 00 00 00
00 00 00 00 00 00 00 00 00 00 00 00 00 00 00 00 00 00 00 00 00 00 00 00 00 00 00 00 00 00 00 00
00 00 00 00 00 00 00 00 00 00 00 00 00 00 00 00 00 00 00 00 00 00 00 00 00 00 00 00 00 00 00 00
00 00 00 00 00 00 00 00 00 00 00 00 00 00 00 00 00 00 00 00 00 00 00 00 00 00 00 00 00 00 00 00
00 00 00 00 00 00 00 00 00 00 00 00 00 00 00 00 00 00 00 00 00 00 00 00 00 00 00 00 00 00 00 00
00 00 00 00 00 00 00 00 00 00 00 00 00 00 00 00 00 00 00 00 00 00 00 00 00 00 00 00 00 00 00 00
00 00 00 00 00 00 00 00 00 00 00 00 00 00 00 00 00 00 00 41 00 00 00 00 00 00 80 41 00 00 80 41
00 00 00 41 00 00 00 41 00 00 00 41 00 00 00 41 00 00 00 41 00 00 00 41 00 00 80 41 00 00 00 42
00 00 00 42 00 00 00 00 00 00 00 00 00 00 00 00 00 00 00 00 00 00 00 00 00 00 00 00 00 00 00 00
00 00 00 00 00 00 00 00 00 00 00 00 00 00 00 00 00 00 00 00 00 00 00 00 00 00 00 00 00 00 00 00
00 00 00 00 00 00 00 00 00 00 00 00 00 00 00 00 00 00 00 00 00 00 00 00 00 00 00 00 00 00 00 00
00 00 00 00 00 00 00 00 00 00 00 00 00 00 00 00 00 00 00 00 00 00 00 00 00 00 00 00 00 00 00 00
00 00 00 00 00 00 00 00 00 00 00 00 00 00 00 00 00 00 00 00 00 00 00 00 00 00 00 00 00 00 00 00
00 00 00 00 00 00 00 00 00 00 00 00 00 00 00 00 00 00 80 41 00 00 00 00 00 00 00 42 00 00 C0 42
00 00 10 43 00 00 10 43 00 00 C0 42 00 00 80 42 00 00 80 42 00 00 80 42 00 00 C0 42 00 00 10 43
00 00 10 43 00 00 C0 42 00 00 80 42 00 00 80 42 00 00 00 42 00 00 80 41 00 00 80 41 00 00 80 41
00 00 80 41 00 00 80 41 00 00 80 41 00 00 00 00 00 00 00 00 00 00 00 00 00 00 00 41 00 00 00 41
00 00 00 00 00 00 00 00 00 00 00 00 00 00 00 00 00 00 00 00 00 00 00 00 00 00 00 00 00 00 00 00
00 00 00 00 00 00 00 00 00 00 00 00 00 00 00 00 00 00 00 00 00 00 00 00 00 00 00 00 00 00 00 00
00 00 00 00 00 00 00 00 00 00 00 00 00 00 00 00 00 00 00 00 00 00 00 00 00 00 00 00 00 00 00 00
00 00 00 00 00 00 00 00 00 00 00 00 00 00 00 00 00 00 00 00 00 00 00 00 00 00 00 00 00 00 00 00
00 00 00 00 00 00 00 00 00 00 00 00 00 00 00 00 00 00 00 00 00 00 00 00 00 00 00 00 00 00 00 00
00 00 00 00 00 00 00 00 00 00 00 00 00 00 00 00 00 00 00 00 00 00 00 00 00 00 00 00 00 00 00 00
00 00 00 00 00 00 00 00 00 00 00 00 00 00 00 00 00 00 00 00 00 00 00 00 00 00 00 00 00 00 00 41
00 00 00 00 00 00 00 00 00 00 00 00 00 00 00 00 00 00 00 00 00 00 00 00 00 00 00 00 00 00 00 00
00 00 00 00 00 00 00 00 00 00 00 00 00 00 00 41 00 00 00 00 00 00 00 00 00 00 00 00 00 00 00 00
00 00 00 00 00 00 00 00 00 00 00 00 00 00 00 00 00 00 00 00 00 00 00 00 00 00 00 00 00 00 00 00
00 00 00 00 00 00 00 00 00 00 00 00 00 00 00 41 00 00 00 00 00 00 00 00 00 00 00 41 00 00 00 00
00 00 00 00 00 00 00 00 00 00 00 41 00 00 00 00 00 00 00 41 00 00 00 41 00 00 00 00 00 00 00 00
00 00 00 00 00 00 00 00 00 00 00 00 00 00 00 00 00 00 00 00 00 00 00 00 00 00 00 00 00 00 00 00
00 00 00 00 00 00 00 00 00 00 00 00 00 00 00 00 00 00 00 41 00 00 00 41 00 00 00 41 00 00 00 41
00 00 00 00 00 00 00 00 00 00 00 00 00 00 00 00 00 00 00 00 00 00 00 00 00 00 00 00 00 00 00 00
00 00 00 00 00 00 00 00 00 00 00 00 00 00 00 00 00 00 00 00 00 00 00 00 00 00 00 00 00 00 00 00
00 00 00 00 00 00 00 00 00 00 00 00 00 00 00 00 00 00 00 00 00 00 00 00 00 00 00 00 00 00 00 00
00 00 00 00 00 00 00 00 00 00 00 00 00 00 00 00 00 00 00 00 00 00 00 41 00 00 00 00 00 00 00 00
00 00 00 00 00 00 00 00 00 00 00 00 00 00 00 00 00 00 00 00 00 00 00 00 00 00 00 00 00 00 00 00
00 00 00 00 00 00 00 00 00 00 00 00 00 00 00 00 00 00 00 00 00 00 00 00 00 00 00 00 00 00 00 00
00 00 00 00 00 00 00 00 00 00 00 00 00 00 00 00 00 00 00 00 00 00 00 00 00 00 00 00 00 00 00 00
00 00 00 00 00 00 00 00 00 00 00 00 00 00 00 00 00 00 00 00 00 00 00 00 00 00 00 00 00 00 00 00
00 00 00 00 00 00 00 00 00 00 00 00 00 00 00 00 00 00 00 00 00 00 00 00 00 00 00 00 00 00 00 00
00 00 00 00 00 00 00 00 00 00 00 00 00 00 00 00 00 00 00 00 00 00 00 00 00 00 00 00 00 00 00 00
00 00 00 00 00 00 00 00 00 00 00 00 00 00 00 00 00 00 00 00 00 00 00 00 00 00 00 00 00 00 00 00
00 00 00 00 00 00 00 00 00 00 00 00 00 00 00 00 00 00 00 00 00 00 00 00 00 00 00 00 00 00 00 41
00 00 00 00 00 00 00 00 00 00 00 00 00 00 00 00 00 00 00 00 00 00 00 00 00 00 00 00 00 00 00 00
00 00 00 00 00 00 00 00 00 00 00 00 00 00 00 00 00 00 00 00 00 00 00 41 00 00 80 41 00 00 40 42
00 00 40 43 00 00 C0 43 00 00 C0 43 00 00 40 43 00 00 40 42 00 00 00 00 00 00 00 00 00 00 00 00
00 00 00 00 00 00 00 00 00 00 00 00 00 00 00 00 00 00 00 00 00 00 00 00 00 00 00 00 00 00 00 00
00 00 00 00 00 00 00 00 00 00 00 00 00 00 00 00 00 00 00 00 00 00 00 00 00 00 00 00 00 00 00 00
00 00 00 00 00 00 00 00 00 00 00 00 00 00 00 00 00 00 00 00 00 00 00 00 00 00 00 00 00 00 00 00
00 00 00 00 00 00 00 00 00 00 00 00 00 00 00 00 00 00 00 00 00 00 00 00 00 00 00 00 00 00 00 00
00 00 00 42 00 00 00 42 00 00 80 41 00 00 00 41 00 00 00 41 00 00 00 41 00 00 00 41 00 00 00 41
00 00 00 00 00 00 00 00 00 00 00 00 00 00 00 00 00 00 00 00 00 00 00 00 00 00 00 41 00 00 00 41
00 00 00 00 00 00 00 00 00 00 00 00 00 00 00 00 00 00 00 00 00 00 00 00 00 00 00 00 00 00 00 00
00 00 00 00 00 00 00 00 00 00 00 41 00 00 00 00 00 00 00 00 00 00 00 00 00 00 00 00 00 00 00 00
00 00 00 00 00 00 00 00 00 00 00 00 00 00 00 00 00 00 00 00 00 00 00 00 00 00 00 00 00 00 00 00
00 00 00 00 00 00 00 00 00 00 40 42 00 00 00 00 00 00 20 44 00 00 5C 45 00 00 25 46 00 F0 C3 46
00 08 3B 47 00 28 89 47 00 D0 9E 47 00 40 97 47 00 80 77 47 00 C0 28 47 00 E0 97 46 00 80 4A 45
00 00 00 00 00 00 10 44 00 00 00 00 00 00 00 00 00 00 00 00 00 00 00 00 00 00 00 00 00 00 00 00
00 00 00 00 00 00 00 00 00 00 00 00 00 00 00 00 00 00 00 00 00 00 00 00 00 00 00 00 00 00 00 00
00 00 70 43 00 00 00 00 00 80 A2 45 00 C0 73 46 00 D0 B6 46 00 D0 B6 46 00 10 86 46 00 E0 20 46
00 40 AD 45 00 80 1D 45 00 00 8C 44 00 00 48 44 00 00 48 44 00 00 48 44 00 00 20 44 00 00 C0 43
00 00 40 43 00 00 C0 42 00 00 C0 42 00 00 10 43 00 00 10 43 00 00 C0 42 00 00 00 42 00 00 00 00
00 00 00 00 00 00 00 00 00 00 00 00 00 00 00 41 00 00 00 00 00 00 80 41 00 00 80 41 00 00 00 41
00 00 00 00 00 00 00 41 00 00 00 00 00 00 00 00 00 00 00 41 00 00 00 00 00 00 00 41 00 00 00 41
00 00 00 00 00 00 00 00 00 00 00 00 00 00 00 00 00 00 00 41 00 00 00 00 00 00 00 41 00 00 00 41
00 00 00 00 00 00 00 00 00 00 00 00 00 00 00 00 00 00 00 00 00 00 00 00 00 00 00 00 00 00 00 00
00 00 00 00 00 00 00 00 00 00 00 00 00 00 00 00 00 00 00 00 00 00 00 00 00 00 00 42 00 00 00 42
00 00 80 41 00 00 00 41 00 00 00 41 00 00 00 41 00 00 00 00 00 00 C0 41 00 00 00 00 00 00 00 00
00 00 00 00 00 00 00 00 00 00 C0 42 00 00 40 42 00 00 00 00 00 00 00 00 00 00 00 00 00 00 00 00
00 00 00 00 00 00 00 00 00 00 00 00 00 00 00 00 00 00 00 00 00 00 00 00 00 00 00 00 00 00 00 00
00 00 00 00 00 00 40 42 00 00 C0 41 00 00 80 41 00 00 00 42 00 00 80 42 00 00 00 42 00 00 00 00
00 00 00 00 00 00 00 00 00 00 00 00 00 00 00 00 00 00 00 00 00 00 00 00 00 00 00 00 00 00 00 00
00 00 00 00 00 00 00 00 00 00 00 00 00 00 00 00 00 00 00 00 00 00 00 00 00 00 00 00 00 00 00 00
00 00 00 00 00 00 00 00 00 00 00 00 00 00 00 00 00 00 00 00 00 00 00 00 00 00 00 00 00 00 00 00
00 00 00 00 00 00 00 00 00 00 00 00 00 00 00 00 00 00 00 00 00 00 00 00 00 00 00 00 00 00 00 00
00 00 00 00 00 00 00 00 00 00 00 00 00 00 00 00 00 00 00 00 00 00 00 00 00 00 00 00 00 00 00 00
00 00 00 00 00 00 00 00 00 00 00 00 00 00 80 41 00 00 80 41 00 00 80 41 00 00 00 42 00 00 80 42
00 00 80 42 00 00 80 42 00 00 C0 42 00 00 10 43 00 00 10 43 00 00 C0 42 00 00 80 42 00 00 80 42
00 00 80 42 00 00 80 42 00 00 80 42 00 00 80 42 00 00 00 42 00 00 80 41 00 00 80 41 00 00 80 41
00 00 00 00 00 00 00 00 00 00 00 00 00 00 00 00 00 00 00 00 00 00 00 00 00 00 00 00 00 00 00 00
00 00 00 00 00 00 00 00 00 00 00 00 00 00 00 00 00 00 00 00 00 00 00 00 00 00 00 00 00 00 00 00
00 00 00 00 00 00 00 00 00 00 00 00 00 00 00 00 00 00 00 00 00 00 00 00 00 00 00 00 00 00 00 00
00 00 00 00 00 00 00 00 00 00 00 00 00 00 00 00 00 00 00 00 00 00 00 00 00 00 00 00 00 00 00 00
00 00 00 00 00 00 00 00 00 00 00 00 00 00 00 00 00 00 00 00 00 00 00 00 00 00 00 00 00 00 00 00
00 00 00 00 00 00 00 00 00 00 00 00 00 00 00 00 00 00 00 00 00 00 00 00 00 00 00 00 00 00 00 00
00 00 00 00 00 00 80 41 00 00 00 00 00 00 00 00 00 00 00 00 00 00 00 00 00 00 00 00 00 00 00 00
00 00 00 00 00 00 00 00 00 00 00 00 00 00 00 00 00 00 00 00 00 00 00 00 00 00 00 00 00 00 00 00
00 00 00 00 00 00 00 00 00 00 00 00 00 00 00 00 00 00 A0 43 00 00 A0 43 00 00 00 00 00 00 00 00
00 00 00 00 00 00 00 00 00 00 00 00 00 00 00 00 00 00 00 00 00 00 00 00 00 00 00 00 00 00 00 00
00 00 00 00 00 00 20 43 00 00 00 00 00 00 00 43 00 00 00 00 00 00 40 42 00 00 00 00 00 00 00 00
00 00 80 42 00 00 00 00 00 00 40 42 00 00 40 42 00 00 00 00 00 00 00 00 00 00 00 00 00 00 00 00
00 00 00 00 00 00 00 00 00 00 90 42 00 00 90 42 00 00 00 00 00 00 00 42 00 00 00 00 00 00 00 00
00 00 00 00 00 00 00 00 00 00 00 42 00 00 00 42 00 00 00 00 00 00 00 00 00 00 00 00 00 00 00 00
00 00 00 00 00 00 00 00 00 00 00 00 00 00 00 00 00 00 00 00 00 00 00 00 00 00 00 00 00 00 00 00
00 00 00 00 00 00 00 00 00 00 00 00 00 00 00 00 00 00 00 00 00 00 00 00 00 00 00 00 00 00 00 00
00 00 00 00 00 00 00 00 00 00 00 00 00 00 00 00 00 00 00 41 00 00 00 00 00 00 00 00 00 00 00 00
00 00 00 00 00 00 00 00 00 00 00 00 00 00 00 00 00 00 00 00 00 00 00 00 00 00 00 00 00 00 00 00
00 00 00 00 00 00 00 00 00 00 00 00 00 00 00 00 00 00 00 00 00 00 00 00 00 00 00 00 00 00 00 00
00 00 00 00 00 00 00 00 00 00 00 00 00 00 00 00 00 00 00 00 00 00 00 41 00 00 00 00 00 00 00 00
00 00 00 00 00 00 00 00 00 00 00 00 00 00 00 00 00 00 00 00 00 00 00 00 00 00 00 00 00 00 00 00
00 00 00 00 00 00 00 00 00 00 00 00 00 00 00 00 00 00 00 00 00 00 00 00 00 00 00 00 00 00 00 00
00 00 00 00 00 00 00 00 00 00 00 00 00 00 00 00 00 00 00 00 00 00 00 00 00 00 80 41 00 00 00 00
00 00 00 00 00 00 00 00 00 00 00 00 00 00 00 00 00 00 00 00 00 00 00 00 00 00 00 00 00 00 00 00
00 00 00 00 00 00 00 00 00 00 00 00 00 00 00 00 00 00 00 00 00 00 00 00 00 00 00 00 00 00 00 00
00 00 00 00 00 00 00 00 00 00 00 00 00 00 00 00 00 00 00 00 00 00 00 00 00 00 00 00 00 00 00 00
00 00 00 00 00 00 00 00 00 00 00 00 00 00 00 00 00 00 00 00 00 00 00 00 00 00 00 00 00 00 00 00
00 00 00 00 00 00 00 00 00 00 00 00 00 00 00 00 00 00 00 00 00 00 00 00 00 00 00 00 00 00 00 41
00 00 00 41 00 00 00 41 00 00 80 41 00 00 00 42 00 00 80 42 00 00 80 42 00 00 80 42 00 00 80 42
00 00 00 42 00 00 80 41 00 00 00 41 00 00 00 00 00 00 00 00 00 00 00 00 00 00 00 00 00 00 00 41
00 00 00 00 00 00 00 00 00 00 00 00 00 00 00 00 00 00 00 00 00 00 00 00 00 00 00 00 00 00 00 00
00 00 00 00 00 00 00 00 00 00 00 00 00 00 00 00 00 00 00 00 00 00 00 00 00 00 00 00 00 00 00 00
00 00 00 00 00 00 00 00 00 00 00 00 00 00 00 00 00 00 00 00 00 00 00 00 00 00 00 00 00 00 00 00
00 00 00 00 00 00 00 00 00 00 00 00 00 00 00 00 00 00 00 41 00 00 00 41 00 00 00 41 00 00 00 41
00 00 00 41 00 00 00 41 00 00 00 41 00 00 00 41 00 00 00 41 00 00 00 41 00 00 00 00 00 00 00 00
00 00 00 00 00 00 00 00 00 00 00 41 00 00 00 41 00 00 00 00 00 00 00 00 00 00 00 00 00 00 00 00
00 00 00 00 00 00 00 00 00 00 00 00 00 00 00 00 00 00 00 00 00 00 00 00 00 00 00 00 00 00 00 00
00 00 00 00 00 00 00 00 00 00 00 00 00 00 00 00 00 00 00 00 00 00 00 00 00 00 00 00 00 00 00 00
00 00 00 00 00 00 00 00 00 00 00 00 00 00 00 00 00 00 00 00 00 00 00 00 00 00 00 42 00 00 00 00
00 00 F0 43 00 00 F0 44 00 00 9C 45 00 00 6A 46 00 90 19 47 00 10 78 47 00 D0 89 47 00 40 6C 47
00 C0 28 47 00 60 DB 46 00 10 86 46 00 40 FA 45 00 00 9A 44 00 00 00 00 00 00 10 44 00 00 00 00
00 00 00 00 00 00 00 00 00 00 00 00 00 00 00 00 00 00 00 00 00 00 00 00 00 00 00 00 00 00 00 00
00 00 00 00 00 00 00 00 00 00 00 00 00 00 00 00 00 00 90 43 00 00 00 00 00 00 40 44 00 00 1C 46
00 80 88 46 00 E0 93 46 00 80 88 46 00 00 43 46 00 00 F0 45 00 00 8C 45 00 00 28 45 00 00 D2 44
00 00 70 44 00 00 20 44 00 00 00 44 00 00 C0 43 00 00 40 43 00 00 10 43 00 00 10 43 00 00 10 43
00 00 10 43 00 00 10 43 00 00 10 43 00 00 00 00 00 00 00 00 00 00 00 00 00 00 00 00 00 00 00 00
00 00 00 00 00 00 00 00 00 00 00 00 00 00 80 41 00 00 00 00 00 00 00 00 00 00 00 00 00 00 00 00
00 00 00 00 00 00 00 00 00 00 00 00 00 00 00 00 00 00 00 00 00 00 00 00 00 00 00 00 00 00 00 00
00 00 00 00 00 00 00 00 00 00 00 00 00 00 00 00 00 00 00 00 00 00 00 00 00 00 00 00 00 00 00 00
00 00 00 00 00 00 00 00 00 00 00 00 00 00 00 00 00 00 00 41 00 00 00 41 00 00 00 00 00 00 00 00
00 00 00 00 00 00 00 00 00 00 00 00 00 00 00 00 00 00 00 00 00 00 00 00 00 00 00 00 00 00 00 00
00 00 00 00 00 00 00 00 00 00 00 00 00 00 00 00 00 00 00 00 00 00 00 00 00 00 00 00 00 00 00 00
00 00 00 00 00 00 00 00 00 00 00 00 00 00 00 00 00 00 00 00 00 00 00 00 00 00 00 00 00 00 00 00
00 00 00 00 00 00 00 41 00 00 00 00 00 00 00 00 00 00 00 00 00 00 00 00 00 00 00 00 00 00 00 00
00 00 00 00 00 00 00 00 00 00 00 00 00 00 00 00 00 00 00 00 00 00 00 00 00 00 00 00 00 00 00 00
00 00 00 00 00 00 00 00 00 00 00 00 00 00 00 00 00 00 80 42 00 00 00 00 00 80 95 45 00 80 15 47
00 00 00 00 00 00 80 43 00 00 E0 42 00 00 00 00 00 00 7C 44 00 00 00 00 00 00 07 45 00 00 00 00
00 00 00 00 00 00 00 00 00 00 00 00 00 00 00 00 00 00 00 00 00 C0 D3 47 00 A0 A3 47 00 10 5E 47
00 5C 92 47 00 AC F9 47 00 68 83 47 00 00 00 00 00 00 F0 45 00 00 00 00 00 00 00 00 00 00 00 00
00 00 00 00 00 00 00 00 00 00 00 00 00 00 00 00 00 00 00 00 00 00 66 45 00 00 48 44 00 00 02 45
00 00 00 00 00 00 00 00 00 00 00 00 00 00 00 00 00 00 A8 44 00 00 00 00 00 00 90 43 00 00 10 43
00 00 10 43 00 00 C0 43 00 00 90 44 00 00 10 44 00 00 46 44 00 00 46 45 00 00 46 45 00 00 90 43
00 00 10 43 00 00 40 43 00 00 40 44 00 00 00 45 00 00 28 46 00 80 32 47 00 A8 3D 47 00 D0 EA 46
00 20 0A 46 00 00 02 44 00 00 00 00 00 00 80 42 00 00 00 00 00 00 00 00 00 00 00 00 00 00 00 00
00 00 00 00 00 00 80 44 00 00 00 00 00 00 8C 44 00 00 00 00 00 00 0C 45 00 00 00 00 00 00 00 00
00 00 00 00 00 00 00 00 00 00 00 00 00 00 90 43 00 00 00 00 00 00 00 00 00 00 00 00 00 00 00 00
00 00 00 00 00 00 90 43 00 00 F0 43 00 00 00 00 00 00 F0 43 00 00 00 00 00 00 00 00 00 20 0A 46
00 00 00 00 00 38 03 47 00 40 F2 46 00 00 99 45 00 00 00 00 00 00 34 44 00 00 00 00 00 00 00 00
00 00 00 00 00 00 00 00 00 00 00 00 00 00 00 00 00 00 00 00 00 00 00 00 00 00 A2 44 00 00 00 00
00 00 07 45 00 00 07 46 00 00 70 46 00 00 A8 46 00 00 44 46 00 00 75 45 00 40 83 45 00 20 7D 46
00 20 7D 47 00 40 EC 46 00 00 F5 45 00 00 C4 44 00 00 00 00 00 00 0A 46 00 00 00 00 00 00 00 00
00 00 00 00 00 00 00 00 00 00 00 00 00 00 00 00 00 00 00 00 00 00 00 00 00 00 10 44 00 00 00 00
00 00 72 44 00 C0 D3 45 00 00 1A 45 00 00 00 00 00 00 E0 43 00 00 00 00 00 00 00 00 00 00 00 00
00 00 C4 43 00 00 00 00 00 80 1D 46 00 00 61 46 00 00 00 00 00 80 89 45 00 00 DC 43 00 00 00 00
00 00 5C 44 00 80 F7 45 00 00 E1 45 00 00 34 44 00 00 00 00 00 00 28 44 00 00 93 45 00 00 00 00
00 00 60 44 00 00 00 43 00 00 00 00 00 00 CC 43 00 00 00 00 00 00 00 00 00 00 84 45 00 00 00 00
00 00 84 44 00 00 F2 45 00 90 00 47 00 00 00 00 00 C0 A5 45 00 00 00 00 00 00 00 00 00 00 80 42
00 00 00 41 00 00 B0 42 00 00 00 00 00 00 00 00 00 00 00 00 00 00 00 00 00 00 4C 44 00 00 00 00
00 00 90 43 00 00 70 43 00 00 A0 43 00 00 48 44 00 00 3E 45 00 C0 D5 46 00 58 30 48 00 A0 B9 47
00 80 F7 45 00 80 CA 45 00 00 F3 46 00 50 BB 48 00 C0 F9 47 00 00 00 00 00 00 34 46 00 00 00 00
00 00 00 00 00 00 00 00 00 00 00 00 00 00 00 00 00 00 00 00 00 00 00 00 00 00 00 00 00 00 00 00
00 00 00 00 00 00 00 45 00 00 00 00 00 00 00 00 00 00 00 00 00 00 00 00 00 00 00 00 00 00 00 00
00 80 9D 45 00 00 00 00 00 00 EA 45 00 00 29 46 00 80 A2 46 00 6C 9D 47 00 7A 23 48 00 40 D1 47
00 00 A2 46 00 00 00 00 00 00 96 45 00 00 00 00 00 00 00 00 00 00 00 00 00 00 9C 45 00 00 00 00
00 00 10 43 00 00 00 00 00 00 22 44 00 00 00 00 00 00 34 44 00 00 00 00 00 40 BF 45 00 10 EF 46
00 18 92 47 00 70 5F 47 00 40 7A 46 00 40 1F 46 00 80 AB 46 00 20 CA 47 00 E8 42 48 00 24 99 47
00 00 00 00 00 00 72 45 00 00 00 00 00 00 00 00 00 00 00 00 00 00 00 00 00 00 00 00 00 00 00 00
00 00 00 00 00 00 00 00 00 00 00 00 00 00 00 00 00 00 00 00 00 00 00 00 00 00 00 00 00 00 00 00
00 00 00 00 00 00 00 00 00 00 16 45 00 00 00 00 00 00 F0 42 00 00 40 43 00 00 98 44 00 00 E4 46
00 C0 55 47 00 00 00 00 00 60 1F 46 00 00 00 00 00 00 99 45 00 00 00 00 00 80 4A 46 00 50 A0 47
00 60 40 46 00 00 00 00 00 00 99 45 00 00 00 00 00 00 AA 44 00 00 00 00 00 00 30 44 00 00 5C 45
00 00 00 00 00 40 92 45 00 00 00 00 00 00 02 44 00 00 20 43 00 00 20 44 00 00 80 44 00 00 00 00
00 00 43 46 00 C0 F3 45 00 00 00 00 00 00 70 43 00 00 00 00 00 00 C0 42 00 00 00 00 00 00 58 44
00 00 00 00 00 00 D8 44 00 00 00 00 00 00 00 00 00 00 00 00 00 00 00 00 00 00 00 00 00 00 00 00
00 00 00 00 00 00 00 00 00 00 00 00 00 00 0C 44 00 00 00 00 00 00 00 00 00 00 60 42 00 00 20 42
00 00 00 00 00 C0 E9 45 00 50 AF 46 00 40 BF 45 00 00 00 00 00 00 10 44 00 00 10 44 00 00 00 00
00 00 00 00 00 00 84 44 00 00 00 00 00 00 00 00 00 00 00 00 00 00 00 00 00 00 00 00 00 00 00 00
00 00 00 00 00 00 0C 44 00 00 00 00 00 00 34 44 00 00 10 44 00 00 28 44 00 00 FC 44 00 40 AD 45
00 00 C6 45 00 00 B0 44 00 00 00 43 00 00 A0 42 00 00 F0 43 00 00 FF 45 00 40 F2 46 00 E0 49 47
00 80 8E 46 00 00 00 00 00 80 08 46 00 80 88 45 00 00 00 00 00 00 52 45 00 00 8C 44 00 00 00 00
00 00 9A 44 00 00 00 00 00 00 00 00 00 00 00 00 00 00 21 45 00 00 00 00 00 00 9A 44 00 C0 86 45
00 00 00 00 00 80 63 46 00 00 00 00 00 00 0F 47 00 00 00 00 00 80 56 47 00 80 88 47 00 00 00 00
00 00 00 00 00 00 00 00 00 00 00 00 00 00 C6 46 00 00 00 00 00 50 71 47 00 68 D0 47 00 70 E0 46
00 00 00 00 00 00 E0 45 00 00 00 00 00 00 00 00 00 00 00 00 00 00 00 00 00 00 00 00 00 00 00 00
00 00 00 00 00 00 00 00 00 00 00 00 00 00 00 00 00 00 00 00 00 00 00 00 00 00 00 00 00 00 00 00
00 00 00 00 00 00 00 00 00 00 00 00 00 40 B9 45 00 00 00 00 00 D0 82 47 00 E0 0C 48 00 00 F5 47
00 00 0C 47 00 00 00 00 00 00 00 00 00 00 00 00 00 00 00 00 00 00 28 44 00 00 FC 44 00 80 5C 45
00 00 BD 44 00 00 00 00 00 00 B4 44 00 00 00 00 00 00 16 45 00 00 00 00 00 90 62 47 00 90 62 47
00 00 00 00 00 80 63 46 00 80 88 45 00 00 00 00 00 80 3B 46 00 70 94 47 00 98 05 47 00 00 00 00
00 00 99 45 00 00 00 00 00 00 00 00 00 00 00 00 00 00 00 00 00 00 00 00 00 00 00 00 00 00 00 00
00 00 00 00 00 00 00 00 00 00 00 00 00 00 00 00 00 00 00 00 00 00 00 00 00 00 00 42 00 00 00 41
00 00 20 42 00 00 00 00 00 00 00 00 00 00 80 42 00 00 00 00 00 00 A0 43 00 00 34 45 00 00 10 44
00 00 00 00 00 00 20 42 00 00 A0 42 00 00 00 00 00 00 00 00 00 00 00 00 00 00 00 00 00 E0 44 46
00 A0 0C 46 00 00 00 00 00 00 16 44 00 00 00 00 00 00 00 00 00 00 00 00 00 00 8C 45 00 00 00 00
00 00 00 00 00 00 00 00 00 00 00 00 00 00 00 00 00 00 48 45 00 00 C8 44 00 00 A0 44 00 00 C0 44
00 00 00 00 00 00 07 45 00 00 00 00 00 00 00 00 00 00 00 00 00 00 00 00 00 00 00 00 00 00 00 00
00 00 00 00 00 00 00 00 00 00 00 00 00 00 34 44 00 00 00 00 00 00 40 42 00 00 C0 42 00 00 D8 43
00 00 58 45 00 00 EA 45 00 00 82 46 00 60 1A 47 00 40 A6 46 00 00 00 00 00 00 60 44 00 00 00 00
00 00 00 00 00 00 00 00 00 00 10 43 00 00 00 00 00 00 10 43 00 00 00 00 00 00 30 44 00 00 00 00
00 00 00 00 00 00 00 00 00 00 00 00 00 00 00 00 00 00 C0 41 00 00 F0 42 00 00 00 00 00 00 C8 44
00 00 00 00 00 00 00 00 00 00 00 00 00 00 0C 44 00 00 8C 43 00 00 00 00 00 00 E0 43 00 00 00 00
00 00 00 00 00 00 00 00 00 00 00 00 00 00 00 00 00 00 00 00 00 00 34 45 00 00 00 00 00 00 C4 45
00 00 75 45 00 00 8C 45 00 00 66 46 00 00 0A 47 00 00 0A 45 00 00 10 44 00 00 40 43 00 00 00 00
00 00 0F 46 00 00 00 00 00 00 9A 45 00 00 00 00 00 00 F0 43 00 00 25 45 00 00 DC 44 00 00 00 00
00 00 B6 45 00 00 B6 44 00 00 00 00 00 00 34 44 00 80 1D 46 00 C0 8D 46 00 00 FC 45 00 00 00 00
00 00 00 00 00 00 00 00 00 00 00 00 00 C0 53 46 00 C0 D3 46 00 00 67 47 00 00 25 47 00 00 00 00
00 00 7F 46 00 00 00 00 00 00 7F 45 00 00 00 00 00 00 00 00 00 00 1A 46 00 00 00 00 00 00 00 00
00 00 00 00 00 00 00 00 00 00 00 00 00 00 00 00 00 00 C0 43 00 00 00 00 00 00 00 00 00 00 00 00
00 00 00 00 00 00 00 00 00 00 80 42 00 00 00 00 00 00 5C 45 00 00 00 00 00 00 70 43 00 00 40 43
00 00 00 00 00 00 5C 45 00 00 25 45 00 00 52 45 00 00 FC 45 00 00 00 00 00 00 00 00 00 00 00 00
00 00 00 00 00 00 00 00 00 00 F0 43 00 00 C0 43 00 00 C0 42 00 00 80 42 00 00 50 43 00 00 8F 45
00 A0 C4 46 00 00 00 00 00 40 17 46 00 80 89 45 00 00 00 00 00 00 00 00 00 00 00 00 00 00 00 00
00 00 00 00 00 00 00 00 00 00 6A 44 00 00 00 00 00 00 00 00 00 00 00 00 00 00 00 00 00 00 00 00
00 00 00 43 00 00 00 00 00 00 00 00 00 00 00 00 00 00 00 00 00 00 00 00 00 00 00 00 00 00 D8 44
00 00 00 00 00 00 BA 47 00 40 13 48 00 00 85 47 00 90 2E 47 00 00 93 47 00 C0 4C 48 00 A0 AA 48
00 9C 6A 48 00 A0 F0 46 00 00 00 00 00 00 82 46 00 00 00 00 00 00 00 00 00 00 00 00 00 00 00 00
00 00 00 00 00 00 00 00 00 00 00 00 00 00 00 00 00 00 00 00 00 00 00 00 00 00 B4 45 00 00 00 00
00 00 A0 43 00 00 00 00 00 00 7F 45 00 00 00 00 00 00 00 00 00 00 00 00 00 80 08 46 00 00 00 00
00 00 67 45 00 A0 A3 46 00 40 D0 46 00 80 32 46 00 00 FC 44 00 00 34 44 00 00 34 44 00 00 D2 44
00 00 13 45 00 00 93 44 00 00 00 00 00 00 FC 43 00 00 00 00 00 00 60 44 00 00 00 00 00 00 8F 45
00 C0 32 46 00 80 A2 45 00 00 00 00 00 00 48 43 00 00 00 00 00 00 00 00 00 00 00 00 00 00 10 44
00 00 00 00 00 00 9A 45 00 80 40 46 00 00 AF 45 00 00 48 44 00 00 00 00 00 00 80 41 00 00 00 41
00 00 00 00 00 00 B0 44 00 00 0F 47 00 40 FA 46 00 00 00 00 00 00 52 45 00 00 52 45 00 00 00 00
00 00 00 00 00 00 00 00 00 00 00 00 00 00 00 00 00 00 00 00 00 00 00 00 00 00 00 00 00 00 B0 43
00 00 00 00 00 00 34 45 00 00 07 45 00 00 00 00 00 00 00 00 00 00 00 00 00 00 00 00 00 00 00 00
00 00 00 00 00 00 00 00 00 00 00 00 00 00 00 00 00 00 20 43 00 00 00 00 00 00 C8 43 00 00 7A 44
00 00 96 44 00 00 34 44 00 00 00 00 00 00 40 43 00 00 00 00 00 00 00 00 00 00 C0 41 00 00 00 00
00 00 00 41 00 00 80 41 00 00 80 41 00 00 00 00 00 00 80 41 00 00 00 00 00 00 00 00 00 00 80 41
00 00 00 00 00 00 00 42 00 00 80 42 00 00 80 42 00 00 00 42 00 00 00 00 00 00 80 41 00 00 00 00
00 00 00 00 00 00 00 00 00 00 00 00 00 00 00 00 00 00 00 00 00 00 00 00 00 00 00 00 00 00 00 00
00 00 00 00 00 00 00 00 00 00 00 00 00 00 00 00 00 00 00 00 00 00 00 00 00 00 00 00 00 00 00 00
00 00 00 00 00 00 00 00 00 00 00 00 00 00 00 41 00 00 00 41 00 00 00 00 00 00 00 00 00 00 00 00
00 00 00 00 00 00 00 00 00 00 00 41 00 00 00 00 00 00 00 41 00 00 00 41 00 00 00 41 00 00 00 41
00 00 00 00 00 00 00 00 00 00 00 00 00 00 00 00 00 00 00 00 00 00 00 00 00 00 00 42 00 00 C0 42
00 00 10 43 00 00 10 43 00 00 40 42 00 00 00 00 00 00 00 00 00 00 00 00 00 00 00 00 00 00 00 00
00 00 00 00 00 00 00 00 00 00 00 00 00 00 00 00 00 00 00 00 00 00 00 00 00 00 00 00 00 00 00 00
00 00 00 00 00 00 00 00 00 00 00 00 00 00 00 00 00 00 00 00 00 00 00 00 00 00 00 00 00 00 00 00
00 00 00 00 00 00 00 00 00 00 00 00 00 00 00 00 00 00 00 00 00 00 00 00 00 00 00 00 00 00 00 00
00 00 00 00 00 00 00 00 00 00 00 00 00 00 00 00 00 00 00 00 00 00 00 00 00 00 00 00 00 00 00 00
00 00 00 00 00 00 00 00 00 00 00 00 00 00 00 41 00 00 00 41 00 00 00 41 00 00 00 41 00 00 00 00
00 00 00 00 00 00 00 00 00 00 00 00 00 00 00 00 00 00 00 00 00 00 80 41 00 00 00 00 00 00 00 00
00 00 00 00 00 00 80 41 00 00 00 00 00 00 00 00 00 00 00 00 00 00 00 00 00 00 00 00 00 00 00 00
00 00 00 00 00 00 00 00 00 00 00 00 00 00 00 00 00 00 00 00 00 00 00 00 00 00 00 00 00 00 00 00
00 00 00 00 00 00 00 00 00 00 00 00 00 00 00 00 00 00 00 00 00 00 00 00 00 00 00 00 00 00 00 00
00 00 40 42 00 00 00 00 00 00 0C 44 00 00 2F 45 00 00 F5 45 00 80 9D 46 00 60 25 47 00 F0 81 47
00 D0 9E 47 00 D0 9E 47 00 28 89 47 00 08 3B 47 00 50 A0 46 00 80 4A 45 00 00 00 00 00 00 10 43
00 00 00 00 00 00 00 00 00 00 00 00 00 00 00 00 00 00 00 00 00 00 00 00 00 00 00 00 00 00 00 00
00 00 00 00 00 00 00 00 00 00 00 00 00 00 00 00 00 00 00 00 00 00 00 00 00 00 20 44 00 00 00 00
00 80 A2 45 00 C0 73 46 00 A0 AA 46 00 80 9D 46 00 00 67 46 00 80 14 46 00 40 AD 45 00 00 3D 45
00 00 FC 44 00 00 B4 44 00 00 70 44 00 00 F0 43 00 00 40 43 00 00 C0 42 00 00 C0 42 00 00 10 43
00 00 10 43 00 00 C0 42 00 00 80 42 00 00 00 42 00 00 00 00 00 00 00 00 00 00 00 00 00 00 00 00
00 00 00 00 00 00 00 00 00 00 10 43 00 00 40 42 00 00 80 41 00 00 80 41 00 00 80 41 00 00 80 41
00 00 00 41 00 00 00 00 00 00 00 00 00 00 00 00 00 00 00 00 00 00 00 00 00 00 00 00 00 00 00 00
00 00 00 41 00 00 00 00 00 00 00 00 00 00 00 00 00 00 00 00 00 00 90 42 00 00 00 00 00 00 00 00
00 00 00 00 00 00 00 00 00 00 00 00 00 00 00 00 00 00 00 00 00 00 00 00 00 00 00 00 00 00 00 00
00 00 00 00 00 00 80 41 00 00 00 00 00 00 70 43 00 00 70 43 00 00 00 00 00 00 00 00 00 00 00 00
00 00 C0 43 00 00 00 00 00 00 00 00 00 00 00 00 00 00 00 00 00 00 00 00 00 00 00 00 00 00 00 00
00 00 00 00 00 00 00 00 00 00 00 00 00 00 00 00 00 00 00 00 00 00 00 00 00 00 00 00 00 00 40 43
00 00 00 00 00 00 80 41 00 00 00 42 00 00 80 42 00 00 80 43 00 00 20 44 00 00 8C 44 00 00 F5 44
00 00 F5 44 00 00 0C 44 00 00 00 00 00 00 00 00 00 00 00 00 00 00 00 00 00 00 00 00 00 00 00 00
00 00 00 00 00 00 00 42 00 00 40 42 00 00 C0 42 00 00 40 42 00 00 00 00 00 00 00 00 00 00 00 00
00 00 00 00 00 00 00 00 00 00 00 00 00 00 00 00 00 00 00 00 00 00 00 00 00 00 00 00 00 00 00 00
00 00 00 00 00 00 00 00 00 00 00 00 00 00 00 00 00 00 00 00 00 00 00 00 00 00 00 00 00 00 00 00
00 00 00 00 00 00 00 00 00 00 00 00 00 00 00 00 00 00 00 00 00 00 00 00 00 00 00 00 00 00 00 00
00 00 00 00 00 00 00 00 00 00 00 00 00 00 00 00 00 00 00 00 00 00 00 00 00 00 00 00 00 00 00 00
00 00 00 00 00 00 00 41 00 00 00 41 00 00 00 41 00 00 80 41 00 00 00 42 00 00 80 42 00 00 80 42
00 00 80 42 00 00 80 42 00 00 C0 42 00 00 10 43 00 00 10 43 00 00 C0 42 00 00 80 42 00 00 80 42
00 00 00 42 00 00 80 41 00 00 00 41 00 00 00 41 00 00 80 41 00 00 00 42 00 00 80 42 00 00 00 42
00 00 00 00 00 00 00 00 00 00 00 00 00 00 00 00 00 00 00 00 00 00 00 41 00 00 00 41 00 00 00 00
00 00 00 00 00 00 00 00 00 00 00 00 00 00 00 00 00 00 00 00 00 00 00 00 00 00 00 00 00 00 00 00
00 00 00 00 00 00 00 00 00 00 00 00 00 00 00 00 00 00 00 00 00 00 00 00 00 00 00 00 00 00 00 00
00 00 00 00 00 00 00 00 00 00 00 00 00 00 00 00 00 00 00 00 00 00 00 00 00 00 00 00 00 00 00 00
00 00 00 00 00 00 00 00 00 00 00 00 00 00 00 00 00 00 00 41 00 00 00 00 00 00 00 00 00 00 00 00
00 00 00 00 00 00 00 00 00 00 00 00 00 00 00 00 00 00 00 00 00 00 00 00 00 00 00 00 00 00 00 00
00 00 00 00 00 00 00 00 00 00 00 41 00 00 00 00 00 00 00 00 00 00 00 00 00 00 00 00 00 00 00 00
00 00 00 00 00 00 00 00 00 00 00 00 00 00 00 41 00 00 00 00 00 00 80 41 00 00 00 00 00 00 00 00
00 00 00 00 00 00 6A 45 00 00 6A 45 00 00 00 00 00 00 C0 42 00 00 00 43 00 00 00 00 00 00 20 43
00 00 00 00 00 00 B4 43 00 00 00 00 00 00 00 00 00 00 00 00 00 00 00 00 00 00 00 00 00 00 00 00
00 00 00 42 00 00 00 00 00 00 00 42 00 00 00 00 00 00 80 41 00 00 00 00 00 00 00 41 00 00 00 00
00 00 00 00 00 00 00 00 00 00 00 00 00 00 00 00 00 00 00 00 00 00 00 00 00 00 40 42 00 00 C0 42
00 00 40 42 00 00 80 41 00 00 00 00 00 00 80 41 00 00 00 00 00 00 00 00 00 00 00 00 00 00 00 00
00 00 00 42 00 00 80 42 00 00 00 00 00 00 00 00 00 00 00 00 00 00 00 00 00 00 00 00 00 00 00 00
00 00 00 41 00 00 00 00 00 00 80 41 00 00 00 00 00 00 00 00 00 00 00 00 00 00 00 00 00 00 00 00
00 00 00 00 00 00 00 00 00 00 00 00 00 00 00 00 00 00 00 00 00 00 00 00 00 00 00 00 00 00 00 00
00 00 00 00 00 00 00 00 00 00 00 41 00 00 00 00 00 00 00 00 00 00 00 00 00 00 00 00 00 00 00 00
00 00 80 41 00 00 00 00 00 00 00 41 00 00 00 41 00 00 00 00 00 00 00 00 00 00 00 00 00 00 00 00
00 00 00 00 00 00 00 00 00 00 00 00 00 00 00 00 00 00 00 00 00 00 00 00 00 00 00 00 00 00 00 00
00 00 00 00 00 00 00 00 00 00 00 00 00 00 00 00 00 00 00 00 00 00 00 00 00 00 00 00 00 00 00 00
00 00 00 00 00 00 00 00 00 00 00 00 00 00 00 00 00 00 00 00 00 00 00 00 00 00 00 00 00 00 00 00
00 00 00 00 00 00 00 00 00 00 00 00 00 00 00 00 00 00 00 00 00 00 00 00 00 00 00 00 00 00 00 00
00 00 00 00 00 00 00 00 00 00 00 00 00 00 00 00 00 00 00 00 00 00 00 00 00 00 00 00 00 00 00 00
00 00 00 00 00 00 00 00 00 00 00 00 00 00 00 00 00 00 00 00 00 00 00 00 00 00 00 00 00 00 00 00
00 00 00 00 00 00 00 00 00 00 00 00 00 00 00 00 00 00 00 00 00 00 00 00 00 00 00 00 00 00 00 00
00 00 00 41 00 00 00 41 00 00 00 00 00 00 00 00 00 00 00 00 00 00 00 00 00 00 00 00 00 00 00 00
00 00 00 00 00 00 00 00 00 00 00 00 00 00 00 00 00 00 00 00 00 00 00 00 00 00 00 00 00 00 00 00
00 00 00 00 00 00 00 00 00 00 00 00 00 00 00 00 00 00 00 00 00 00 00 00 00 00 00 00 00 00 00 42
00 00 80 42 00 00 80 42 00 00 80 42 00 00 00 42 00 00 80 41 00 00 80 41 00 00 00 42 00 00 00 42
00 00 00 00 00 00 00 00 00 00 00 00 00 00 00 00 00 00 00 00 00 00 00 00 00 00 00 00 00 00 00 00
00 00 00 00 00 00 00 00 00 00 00 00 00 00 00 00 00 00 00 00 00 00 00 00 00 00 00 00 00 00 00 00
00 00 00 00 00 00 00 00 00 00 00 00 00 00 00 00 00 00 00 00 00 00 00 00 00 00 00 00 00 00 00 00
00 00 00 00 00 00 00 00 00 00 00 00 00 00 00 00 00 00 00 00 00 00 00 00 00 00 00 00 00 00 00 00
00 00 00 00 00 00 00 00 00 00 00 41 00 00 00 41 00 00 00 00 00 00 00 00 00 00 00 00 00 00 00 00
00 00 00 00 00 00 00 00 00 00 00 00 00 00 00 00 00 00 00 00 00 00 00 00 00 00 00 41 00 00 00 41
00 00 00 41 00 00 80 41 00 00 80 41 00 00 00 00 00 00 00 00 00 00 00 00 00 00 00 00 00 00 00 00
00 00 00 00 00 00 00 00 00 00 00 00 00 00 00 00 00 00 00 00 00 00 00 00 00 00 00 00 00 00 00 00
00 00 00 00 00 00 00 00 00 00 00 00 00 00 00 00 00 00 00 00 00 00 00 00 00 00 00 00 00 00 00 00
00 00 00 00 00 00 00 00 00 00 00 00 00 00 00 00 00 00 00 00 00 00 40 42 00 00 00 00 00 00 0C 44
00 00 2F 45 00 40 03 46 00 C0 A8 46 00 30 31 47 00 C0 8D 47 00 20 B5 47 00 20 B5 47 00 D8 87 47
00 60 25 47 00 00 7C 46 00 00 60 44 00 00 00 00 00 00 28 43 00 00 00 00 00 00 00 00 00 00 00 00
00 00 00 00 00 00 00 00 00 00 00 00 00 00 00 00 00 00 00 00 00 00 00 00 00 00 00 00 00 00 00 00
00 00 00 00 00 00 00 00 00 00 00 00 00 00 90 43 00 00 00 00 00 00 FC 45 00 00 93 46 00 80 AB 46
00 00 93 46 00 00 3D 46 00 00 D8 45 00 00 7C 45 00 00 44 45 00 00 13 45 00 00 D2 44 00 00 70 44
00 00 F0 43 00 00 90 43 00 00 10 43 00 00 C0 42 00 00 C0 42 00 00 40 43 00 00 90 43 00 00 40 43
00 00 40 42 00 00 00 00 00 00 00 00 00 00 00 00 00 00 00 00 00 00 00 41 00 00 00 00 00 00 80 41
00 00 80 41 00 00 00 41 00 00 00 00 00 00 00 00 00 00 00 00 00 00 00 00 00 00 00 00 00 00 00 00
00 00 00 00 00 00 00 00 00 00 00 00 00 00 00 00 00 00 00 00 00 00 00 00 00 00 00 00 00 00 00 00
00 00 00 00 00 00 00 00 00 00 00 41 00 00 00 00 00 00 00 00 00 00 00 00 00 00 00 00 00 00 00 00
00 00 00 00 00 00 00 00 00 00 00 00 00 00 00 00 00 00 00 00 00 00 00 00 00 00 00 00 00 00 00 00
00 00 00 00 00 00 00 00 00 00 00 00 00 00 00 00 00 00 00 00 00 00 00 00 00 00 00 00 00 00 00 00
00 00 00 00 00 00 00 00 00 00 00 00 00 00 00 00 00 00 00 00 00 00 00 00 00 00 00 00 00 00 00 00
00 00 00 00 00 00 00 00 00 00 00 00 00 00 00 00 00 00 00 00 00 00 00 00 00 00 00 00 00 00 00 00
00 00 00 00 00 00 00 00 00 00 00 00 00 00 00 00 00 00 00 00 00 00 00 00 00 00 00 00 00 00 00 00
00 00 00 00 00 00 00 00 00 00 00 42 00 00 80 42 00 00 00 42 00 00 00 00 00 00 00 00 00 00 00 00
00 00 00 41 00 00 00 00 00 00 00 00 00 00 00 00 00 00 00 00 00 00 00 00 00 00 00 00 00 00 00 00
00 00 00 00 00 00 00 00 00 00 00 00 00 00 00 00 00 00 80 41 00 00 00 00 00 00 00 00 00 00 00 00
00 00 00 00 00 00 00 00 00 00 00 00 00 00 00 00 00 00 00 00 00 00 00 00 00 00 00 00 00 00 00 00
00 00 00 00 00 00 72 44 00 00 00 00 00 00 C6 44 00 00 00 00 00 00 00 00 00 00 00 00 00 00 00 00
00 00 00 00 00 00 00 00 00 00 00 00 00 00 B4 44 00 00 00 00 00 00 10 43 00 00 90 42 00 00 00 00
00 00 A0 43 00 00 00 00 00 00 00 00 00 00 C0 42 00 00 00 00 00 00 00 42 00 00 80 42 00 00 00 42
00 00 00 00 00 00 00 00 00 00 00 00 00 00 F0 42 00 00 34 44 00 00 B4 44 00 00 90 44 00 00 40 43
00 00 00 00 00 00 00 41 00 00 00 00 00 00 00 00 00 00 00 00 00 00 C0 42 00 00 C0 43 00 00 00 44
00 00 80 43 00 00 00 00 00 00 80 41 00 00 00 00 00 00 00 00 00 00 00 00 00 00 00 00 00 00 00 00
00 00 00 42 00 00 00 42 00 00 00 00 00 00 00 00 00 00 00 00 00 00 00 00 00 00 00 00 00 00 00 00
00 00 00 00 00 00 00 41 00 00 00 00 00 00 00 00 00 00 00 00 00 00 00 00 00 00 00 00 00 00 00 00
00 00 00 00 00 00 00 00 00 00 00 00 00 00 00 00 00 00 00 00 00 00 00 00 00 00 00 00 00 00 00 41
00 00 00 00 00 00 80 41 00 00 00 00 00 00 00 00 00 00 00 00 00 00 00 00 00 00 00 00 00 00 00 00
00 00 00 00 00 00 00 00 00 00 00 00 00 00 00 00 00 00 00 00 00 00 00 00 00 00 00 00 00 00 00 00
00 00 00 00 00 00 00 00 00 00 00 00 00 00 00 41 00 00 00 00 00 00 00 00 00 00 00 00 00 00 00 00
00 00 00 00 00 00 00 00 00 00 00 00 00 00 00 00 00 00 00 00 00 00 00 00 00 00 00 00 00 00 00 00
00 00 00 00 00 00 00 00 00 00 00 00 00 00 00 00 00 00 00 00 00 00 00 00 00 00 00 00 00 00 00 00
00 00 00 00 00 00 00 00 00 00 00 00 00 00 00 00 00 00 00 00 00 00 00 00 00 00 00 00 00 00 80 41
00 00 00 00 00 00 00 00 00 00 00 00 00 00 00 00 00 00 00 00 00 00 00 00 00 00 00 00 00 00 00 00
00 00 00 00 00 00 00 00 00 00 00 00 00 00 00 00 00 00 00 00 00 00 00 00 00 00 00 00 00 00 00 00
00 00 00 00 00 00 00 41 00 00 00 41 00 00 00 00 00 00 00 41 00 00 00 00 00 00 00 00 00 00 00 00
00 00 00 00 00 00 00 00 00 00 00 00 00 00 00 00 00 00 00 00 00 00 00 00 00 00 00 00 00 00 00 00
00 00 00 00 00 00 00 00 00 00 90 43 00 00 22 45 00 00 00 00 00 00 00 00 00 00 00 00 00 00 00 00
00 00 00 00 00 00 10 43 00 00 00 00 00 00 C0 43 00 00 00 00 00 00 00 00 00 00 00 00 00 00 00 00
00 00 00 42 00 00 00 00 00 00 00 42 00 00 00 00 00 00 00 00 00 00 00 00 00 00 00 00 00 00 00 00
00 00 00 00 00 00 00 00 00 00 00 00 00 00 00 00 00 00 00 00 00 00 00 00 00 00 00 00 00 00 00 00
00 00 00 00 00 00 C0 42 00 00 C0 42 00 00 00 42 00 00 00 00 00 00 80 41 00 00 00 00 00 00 00 00
00 00 40 42 00 00 00 00 00 00 00 42 00 00 00 42 00 00 80 41 00 00 00 41 00 00 00 00 00 00 80 41
00 00 00 00 00 00 00 00 00 00 00 00 00 00 00 00 00 00 00 00 00 00 00 00 00 00 00 00 00 00 00 41
00 00 00 00 00 00 00 00 00 00 00 00 00 00 00 00 00 00 00 00 00 00 00 00 00 00 00 00 00 00 00 00
00 00 00 00 00 00 00 41 00 00 00 00 00 00 00 41 00 00 00 41 00 00 00 00 00 00 00 00 00 00 00 00
00 00 00 00 00 00 00 00 00 00 00 00 00 00 00 00 00 00 00 00 00 00 00 00 00 00 00 00 00 00 00 00
00 00 00 41 00 00 00 00 00 00 00 00 00 00 00 00 00 00 00 00 00 00 00 00 00 00 00 00 00 00 00 00
00 00 00 00 00 00 00 00 00 00 00 00 00 00 00 00 00 00 00 00 00 00 00 00 00 00 00 00 00 00 00 00
00 00 00 00 00 00 00 00 00 00 00 00 00 00 00 00 00 00 00 00 00 00 00 00 00 00 00 00 00 00 00 00
00 00 00 00 00 00 00 00 00 00 00 00 00 00 00 00 00 00 00 00 00 00 00 42 00 00 80 42 00 00 00 42
00 00 80 41 00 00 80 41 00 00 00 42 00 00 80 42 00 00 00 42 00 00 80 41 00 00 00 41 00 00 00 00
00 00 00 00 00 00 00 00 00 00 00 00 00 00 00 00 00 00 00 00 00 00 00 00 00 00 00 00 00 00 00 00
00 00 00 00 00 00 00 00 00 00 00 00 00 00 00 00 00 00 00 00 00 00 00 00 00 00 00 00 00 00 00 00
00 00 00 00 00 00 00 00 00 00 00 00 00 00 00 00 00 00 00 00 00 00 00 00 00 00 00 00 00 00 00 00
00 00 00 00 00 00 00 00 00 00 00 00 00 00 00 00 00 00 00 00 00 00 00 00 00 00 00 00 00 00 00 00
00 00 00 00 00 00 00 00 00 00 00 00 00 00 00 00 00 00 00 00 00 00 00 00 00 00 00 41 00 00 00 41
00 00 00 00 00 00 00 00 00 00 00 00 00 00 00 41 00 00 00 41 00 00 00 00 00 00 00 00 00 00 00 00
00 00 00 00 00 00 00 00 00 00 00 00 00 00 00 00 00 00 00 00 00 00 00 00 00 00 00 00 00 00 00 00
00 00 00 00 00 00 00 00 00 00 00 00 00 00 00 00 00 00 00 00 00 00 00 00 00 00 00 00 00 00 00 00
00 00 00 00 00 00 00 00 00 00 00 00 00 00 00 00 00 00 00 00 00 00 00 00 00 00 00 00 00 00 00 00
00 00 00 00 00 00 00 00 00 00 00 00 00 00 00 00 00 00 A2 44 00 00 A2 45 00 00 58 46 00 00 E4 46
00 80 47 47 00 64 8F 47 00 08 A6 47 00 20 9E 47 00 C0 69 47 00 00 FF 46 00 00 19 46 00 00 00 00
00 00 00 00 00 00 00 00 00 00 00 00 00 00 00 00 00 00 00 00 00 00 00 00 00 00 00 00 00 00 00 00
00 00 00 00 00 00 00 00 00 00 00 00 00 00 00 00 00 00 00 00 00 00 00 00 00 00 00 00 00 00 90 43
00 00 00 00 00 00 50 44 00 00 36 46 00 40 9F 46 00 40 9F 46 00 80 88 46 00 00 43 46 00 00 D2 45
00 00 75 45 00 80 2B 45 00 00 F5 44 00 00 8C 44 00 00 20 44 00 00 C0 43 00 00 40 43 00 00 C0 42
00 00 C0 42 00 00 40 43 00 00 90 43 00 00 40 43 00 00 40 42 00 00 00 00 00 00 00 00 00 00 00 00
00 00 00 00 00 00 00 00 00 00 00 00 00 00 00 42 00 00 80 42 00 00 00 42 00 00 00 00 00 00 00 00
00 00 00 00 00 00 00 00 00 00 00 00 00 00 00 00 00 00 00 00 00 00 00 00 00 00 00 00 00 00 00 00
00 00 00 00 00 00 00 41 00 00 00 41 00 00 00 00 00 00 00 00 00 00 00 00 00 00 00 00 00 00 00 00
00 00 00 00 00 00 00 00 00 00 00 00 00 00 00 00 00 00 00 00 00 00 00 00 00 00 00 00 00 00 00 00
00 00 00 00 00 00 00 00 00 00 00 00 00 00 00 00 00 00 00 00 00 00 00 00 00 00 00 00 00 00 00 00
00 00 00 00 00 00 00 00 00 00 00 00 00 00 00 00 00 00 00 00 00 00 00 00 00 00 00 00 00 00 00 00
00 00 00 00 00 00 00 00 00 00 00 00 00 00 00 00 00 00 00 00 00 00 00 00 00 00 00 00 00 00 00 00
00 00 00 00 00 00 00 00 00 00 00 00 00 00 80 41 00 00 00 00 00 00 10 44 00 00 90 43 00 00 00 00
00 00 00 00 00 00 00 00 00 00 00 00 00 00 F5 44 00 00 75 45 00 00 D2 45 00 00 B4 45 00 00 10 44
00 00 A8 43 00 00 44 44 00 C0 37 46 00 80 9D 46 00 00 E1 45 00 00 00 00 00 00 7F 45 00 00 00 00
00 00 00 00 00 00 00 00 00 00 00 00 00 00 00 00 00 00 00 00 00 00 00 00 00 00 00 00 00 00 00 00
00 00 D0 44 00 00 00 00 00 00 90 44 00 00 D8 44 00 00 90 43 00 00 00 00 00 00 10 44 00 00 00 00
00 00 90 43 00 00 00 00 00 00 C0 43 00 00 90 43 00 00 10 43 00 00 00 00 00 00 00 00 00 00 00 00
00 00 00 00 00 00 22 44 00 80 14 45 00 80 14 45 00 00 00 00 00 00 96 44 00 00 00 00 00 00 00 00
00 00 00 00 00 00 00 00 00 00 00 00 00 00 00 00 00 00 00 00 00 00 00 00 00 00 00 00 00 00 00 00
00 00 FA 44 00 00 00 00 00 40 12 46 00 60 DB 46 00 00 87 45 00 00 00 00 00 00 90 44 00 00 00 00
00 00 58 44 00 00 00 00 00 00 FC 44 00 00 3D 45 00 00 00 00 00 00 90 44 00 00 00 00 00 00 C0 43
00 00 00 00 00 00 10 44 00 00 46 45 00 00 46 45 00 00 00 00 00 00 F0 44 00 00 00 00 00 00 00 00
00 00 40 44 00 00 00 00 00 00 87 44 00 00 00 00 00 00 48 44 00 00 20 43 00 00 00 00 00 00 00 00
00 00 00 00 00 00 00 00 00 00 00 00 00 00 D0 45 00 00 00 00 00 00 A8 44 00 00 00 00 00 00 00 00
00 00 00 00 00 00 00 00 00 00 00 00 00 00 00 00 00 00 00 00 00 00 00 00 00 00 00 00 00 00 80 42
00 00 00 00 00 00 40 42 00 00 40 43 00 00 C0 43 00 00 80 43 00 00 80 42 00 00 80 41 00 00 00 00
00 00 00 41 00 00 00 41 00 00 00 00 00 00 90 42 00 00 90 42 00 00 C0 41 00 00 00 41 00 00 00 00
00 00 00 00 00 00 00 00 00 00 00 00 00 00 80 41 00 00 80 41 00 00 00 41 00 00 00 00 00 00 00 00
00 00 00 00 00 00 00 00 00 00 00 00 00 00 00 00 00 00 00 00 00 00 00 00 00 00 00 00 00 00 00 00
00 00 00 00 00 00 00 00 00 00 00 00 00 00 00 00 00 00 00 00 00 00 00 00 00 00 00 00 00 00 00 00
00 00 00 00 00 00 00 00 00 00 00 00 00 00 00 00 00 00 00 00 00 00 00 00 00 00 00 00 00 00 00 00
00 00 00 00 00 00 00 00 00 00 00 00 00 00 00 00 00 00 00 00 00 00 00 00 00 00 00 00 00 00 00 00
00 00 00 00 00 00 00 00 00 00 00 00 00 00 00 00 00 00 00 00 00 00 00 00 00 00 00 00 00 00 00 00
00 00 00 00 00 00 00 00 00 00 00 00 00 00 00 00 00 00 00 00 00 00 00 00 00 00 00 00 00 00 00 00
00 00 00 00 00 00 00 00 00 00 00 00 00 00 00 00 00 00 00 00 00 00 00 00 00 00 00 00 00 00 00 00
00 00 00 41 00 00 80 41 00 00 80 41 00 00 00 00 00 00 00 00 00 00 00 00 00 00 00 00 00 00 00 00
00 00 00 00 00 00 00 00 00 00 00 00 00 00 00 00 00 00 00 00 00 00 00 41 00 00 00 00 00 00 00 42
00 00 00 00 00 00 00 00 00 00 00 00 00 00 00 00 00 00 00 00 00 00 00 00 00 00 00 00 00 00 00 00
00 00 00 00 00 00 00 00 00 00 00 00 00 00 00 00 00 00 00 00 00 00 00 00 00 00 C0 42 00 00 40 43
00 00 00 00 00 00 00 00 00 00 00 00 00 00 00 00 00 00 00 00 00 00 00 00 00 00 00 00 00 00 80 41
00 00 00 00 00 00 00 00 00 00 00 00 00 00 00 00 00 00 00 00 00 00 00 00 00 00 00 00 00 00 00 42
00 00 00 00 00 00 C0 41 00 00 00 00 00 00 00 00 00 00 00 00 00 00 00 00 00 00 80 41 00 00 00 41
00 00 00 00 00 00 00 00 00 00 00 00 00 00 00 00 00 00 00 00 00 00 00 00 00 00 00 00 00 00 00 00
00 00 00 00 00 00 00 00 00 00 00 00 00 00 00 00 00 00 00 00 00 00 67 45 00 00 00 00 00 00 40 42
00 00 B0 42 00 00 00 00 00 00 F2 46 00 00 B0 45 00 00 00 00 00 00 00 00 00 00 00 00 00 00 10 44
00 00 00 00 00 00 10 44 00 00 00 00 00 00 00 00 00 00 00 00 00 00 00 00 00 00 00 00 00 00 00 00
00 00 FC 44 00 00 00 00 00 00 7F 45 00 00 7F 46 00 00 AA 45 00 00 AA 45 00 70 8F 46 00 44 88 47
00 60 40 46 00 00 00 00 00 00 00 00 00 00 C0 42 00 00 30 44 00 00 00 00 00 00 00 00 00 00 00 00
00 00 00 00 00 00 00 00 00 00 00 00 00 00 00 00 00 00 00 00 00 00 00 00 00 00 90 44 00 00 00 00
00 00 FF 44 00 00 7F 45 00 00 00 00 00 00 00 00 00 00 00 00 00 00 87 45 00 80 1D 46 00 00 BD 46
00 00 3D 47 00 00 00 00 00 80 02 47 00 00 00 00 00 00 00 00 00 00 F0 45 00 00 00 00 00 00 28 46
00 00 00 00 00 00 D8 45 00 00 00 00 00 00 00 00 00 00 8C 44 00 00 00 00 00 00 DC 44 00 00 00 00
00 00 70 44 00 00 00 00 00 00 00 00 00 00 00 00 00 00 00 00 00 00 00 00 00 00 F0 43 00 00 70 43
00 00 E1 44 00 00 00 00 00 00 00 00 00 00 00 00 00 00 A0 43 00 00 00 00 00 10 B8 46 00 E0 DC 47
00 00 BA 47 00 00 58 47 00 00 FC 46 00 00 FC 45 00 00 44 45 00 00 85 45 00 80 47 46 00 00 00 00
00 A0 83 47 00 00 00 00 00 00 00 00 00 00 00 00 00 00 00 00 00 00 C3 44 00 00 00 00 00 00 00 00
00 00 00 00 00 00 00 00 00 00 00 00 00 00 2B 45 00 40 F2 46 00 80 21 48 00 00 FF 47 00 00 96 46
00 A0 0C 46 00 50 91 46 00 80 E8 47 00 C0 22 48 00 00 3D 47 00 00 00 00 00 00 2B 45 00 00 00 00
00 00 00 00 00 00 00 00 00 00 00 00 00 00 00 00 00 00 00 00 00 00 00 00 00 80 F7 45 00 00 00 00
00 00 A2 44 00 00 A2 44 00 40 80 45 00 C0 D5 46 00 00 BE 46 00 00 00 00 00 00 90 44 00 00 00 00
00 00 F0 43 00 00 00 00 00 00 F0 45 00 40 03 48 00 B0 65 48 00 B0 E5 47 00 00 00 00 00 A0 8C 46
00 00 00 00 00 00 00 00 00 00 00 00 00 00 00 00 00 00 00 00 00 00 00 00 00 00 00 00 00 00 00 00
00 00 00 00 00 00 CC 44 00 00 00 00 00 80 9D 46 00 00 D2 47 00 00 8C 47 00 00 00 00 00 00 AA 46
00 00 00 00 00 00 EE 44 00 00 00 00 00 00 52 46 00 00 FF 46 00 00 00 00 00 00 00 00 00 00 00 00
00 00 00 00 00 00 00 00 00 00 60 45 00 00 7C 45 00 00 7C 44 00 00 00 00 00 00 40 44 00 00 90 44
00 00 00 00 00 00 52 44 00 00 AF 44 00 00 16 44 00 00 00 00 00 00 90 43 00 00 00 00 00 00 00 00
00 00 00 00 00 00 00 00 00 00 00 42 00 00 00 00 00 00 80 41 00 00 00 00 00 00 00 42 00 00 00 42
00 00 80 41 00 00 80 41 00 00 00 00 00 00 40 42 00 00 C0 41 00 00 00 00 00 00 A8 43 00 00 52 45
00 40 26 46 00 90 08 47 00 30 3F 47 00 00 21 45 00 00 60 43 00 00 60 43 00 00 7C 45 00 00 3D 46
00 00 00 00 00 00 70 44 00 00 00 00 00 00 00 00 00 00 00 00 00 00 00 00 00 00 66 45 00 00 00 00
00 00 28 44 00 00 FC 44 00 00 90 43 00 00 00 00 00 00 E0 44 00 00 00 00 00 00 90 44 00 00 00 00
00 00 10 45 00 00 00 00 00 00 60 43 00 00 00 00 00 00 00 00 00 00 00 00 00 00 00 00 00 00 00 00
00 00 5D 46 00 90 B3 46 00 00 DD 45 00 00 00 00 00 00 80 44 00 00 80 43 00 00 00 00 00 80 0E 45
00 C0 D5 46 00 00 00 00 00 00 58 46 00 00 00 00 00 00 00 00 00 00 00 00 00 00 00 00 00 00 2B 45
00 00 00 00 00 00 00 00 00 00 00 00 00 00 00 00 00 00 00 00 00 00 00 00 00 00 00 00 00 00 00 00
00 00 00 00 00 00 00 00 00 00 04 45 00 00 00 00 00 00 0F 46 00 00 00 00 00 00 07 46 00 70 0F 47
00 40 BF 46 00 00 00 00 00 00 0C 44 00 00 00 00 00 00 28 43 00 00 00 00 00 00 A0 43 00 00 0C 45
00 00 00 00 00 80 40 45 00 00 00 00 00 00 C6 44 00 00 00 00 00 80 35 45 00 00 F2 44 00 00 00 00
00 00 00 45 00 00 00 00 00 00 00 00 00 00 00 00 00 00 00 00 00 00 E0 43 00 00 00 00 00 00 10 44
00 00 00 00 00 00 00 00 00 00 00 00 00 00 00 00 00 00 A0 42 00 00 5C 44 00 80 89 45 00 00 00 00
00 00 00 00 00 00 00 00 00 00 70 43 00 00 00 00 00 00 00 00 00 00 90 43 00 00 00 00 00 00 00 00
00 00 00 00 00 00 80 43 00 00 00 42 00 00 80 41 00 00 80 42 00 00 00 00 00 00 FC 45 00 C0 8D 46
00 00 22 45 00 00 10 44 00 00 10 44 00 00 22 45 00 00 22 44 00 00 00 00 00 00 96 44 00 00 00 00
00 00 00 00 00 00 00 00 00 00 F0 43 00 00 00 00 00 00 F0 43 00 00 48 44 00 00 16 44 00 00 70 43
00 00 40 42 00 00 80 41 00 00 80 41 00 00 00 42 00 00 00 00 00 00 00 00 00 00 00 00 00 00 00 00
00 00 00 00 00 00 00 00 00 00 00 00 00 00 00 00 00 00 C0 43 00 00 80 43 00 00 00 00 00 00 00 00
00 00 00 00 00 00 00 00 00 00 00 00 00 00 00 42 00 00 00 00 00 00 80 43 00 00 C0 43 00 00 00 00
00 00 00 00 00 00 00 00 00 00 00 00 00 00 00 00 00 00 00 00 00 00 00 00 00 00 00 00 00 00 00 42
00 00 00 00 00 00 00 00 00 00 00 00 00 00 00 00 00 00 00 00 00 00 00 00 00 00 00 00 00 00 00 00
00 00 00 00 00 00 00 00 00 00 00 00 00 00 00 00 00 00 00 00 00 00 00 00 00 00 00 00 00 00 00 00
00 00 00 00 00 00 00 00 00 00 00 00 00 00 00 00 00 00 00 00 00 00 00 00 00 00 00 00 00 00 00 00
00 00 00 00 00 00 80 41 00 00 00 00 00 00 80 41 00 00 00 00 00 00 00 00 00 00 00 00 00 00 00 00
00 00 00 00 00 00 00 00 00 00 00 00 00 00 00 00 00 00 00 00 00 00 80 41 00 00 00 00 00 00 00 00
00 00 00 00 00 00 00 00 00 00 00 00 00 00 00 00 00 00 00 00 00 00 80 42 00 00 00 00 00 00 80 41
00 00 00 00 00 00 00 00 00 00 00 00 00 00 00 00 00 00 00 00 00 00 00 00 00 00 00 00 00 00 00 00
00 00 00 00 00 00 00 00 00 00 00 00 00 00 00 00 00 00 40 43 00 00 00 43 00 00 80 42 00 00 C0 42
00 00 C0 42 00 00 00 00 00 00 00 43 00 00 00 00 00 00 00 00 00 00 00 00 00 00 00 00 00 00 00 00
00 00 00 00 00 00 00 00 00 00 00 00 00 00 00 00 00 00 00 41 00 00 00 00 00 00 00 00 00 00 00 00
00 00 00 00 00 00 00 00 00 00 00 00 00 00 00 00 00 00 00 00 00 00 00 00 00 00 00 00 00 00 40 42
00 00 C0 42 00 00 00 00 00 00 00 00 00 00 00 00 00 00 00 00 00 00 00 00 00 00 00 00 00 00 00 00
00 00 00 00 00 00 00 00 00 00 00 00 00 00 00 00 00 00 00 41 00 00 00 41 00 00 00 00 00 00 00 00
00 00 00 00 00 00 00 00 00 00 00 41 00 00 00 00 00 00 00 00 00 00 00 00 00 00 00 00 00 00 00 00
00 00 00 00 00 00 00 00 00 00 00 00 00 00 00 00 00 00 00 00 00 00 00 00 00 00 00 00 00 00 00 00
00 00 00 00 00 00 00 00 00 00 00 00 00 00 00 00 00 00 00 00 00 00 00 00 00 00 00 41 00 00 00 00
00 00 00 00 00 00 00 00 00 00 00 00 00 00 00 00 00 00 00 00 00 00 00 00 00 00 00 00 00 00 00 00
00 00 00 00 00 00 00 00 00 00 00 00 00 00 00 00 00 00 00 00 00 00 00 00 00 00 00 00 00 00 00 00
00 00 00 00 00 00 00 00 00 00 00 00 00 00 00 00 00 00 00 00 00 00 00 41 00 00 80 41 00 00 00 42
00 00 80 42 00 00 80 42 00 00 80 42 00 00 80 42 00 00 80 42 00 00 00 42 00 00 80 41 00 00 00 41
00 00 00 41 00 00 00 41 00 00 00 00 00 00 00 00 00 00 00 00 00 00 00 00 00 00 00 00 00 00 00 00
00 00 00 00 00 00 00 00 00 00 00 00 00 00 00 00 00 00 00 00 00 00 00 00 00 00 00 00 00 00 00 00
00 00 00 00 00 00 00 00 00 00 00 00 00 00 00 00 00 00 00 00 00 00 00 00 00 00 00 00 00 00 00 00
00 00 00 00 00 00 00 00 00 00 00 00 00 00 00 00 00 00 00 00 00 00 00 00 00 00 00 00 00 00 00 00
00 00 00 00 00 00 00 00 00 00 00 00 00 00 00 00 00 00 90 42 00 00 00 00 00 00 00 00 00 00 00 00
00 00 00 41 00 00 80 41 00 00 00 42 00 00 00 42 00 00 80 41 00 00 00 41 00 00 00 00 00 00 00 41
00 00 00 41 00 00 00 00 00 00 00 42 00 00 80 42 00 00 00 42 00 00 00 00 00 00 00 00 00 00 00 00
00 00 00 00 00 00 00 00 00 00 00 41 00 00 80 41 00 00 80 41 00 00 00 00 00 00 00 41 00 00 00 00
00 00 00 00 00 00 00 00 00 00 00 00 00 00 00 00 00 00 00 00 00 00 00 00 00 00 00 00 00 00 00 00
00 00 00 00 00 00 00 00 00 00 00 00 00 00 00 00 00 00 00 00 00 00 00 00 00 00 00 00 00 00 28 44
00 00 28 45 00 80 1D 46 00 80 CA 46 00 30 31 47 00 D8 87 47 00 94 AD 47 00 50 A5 47 00 60 74 47
00 20 0A 47 00 00 5D 46 00 00 1C 45 00 00 00 00 00 00 C0 43 00 00 00 00 00 00 00 00 00 00 00 00
00 00 00 00 00 00 00 00 00 00 00 00 00 00 00 00 00 00 00 00 00 00 00 00 00 00 00 00 00 00 00 00
00 00 00 00 00 00 00 00 00 00 00 00 00 00 70 43 00 00 00 00 00 00 AF 45 00 40 83 46 00 C0 B7 46
00 A0 AA 46 00 40 7A 46 00 00 0F 46 00 00 84 45 00 00 10 45 00 00 B4 44 00 00 96 44 00 00 7A 44
00 00 48 44 00 00 F0 43 00 00 40 43 00 00 10 43 00 00 10 43 00 00 58 43 00 00 58 43 00 00 10 43
00 00 40 42 00 00 00 00 00 00 00 00 00 00 00 00 00 00 00 00 00 00 00 00 00 00 00 00 00 00 00 00
00 00 40 42 00 00 00 00 00 00 00 00 00 00 00 00 00 00 00 00 00 00 00 00 00 00 00 00 00 00 00 41
00 00 00 00 00 00 00 00 00 00 00 00 00 00 00 00 00 00 00 00 00 00 00 00 00 00 00 00 00 00 00 00
00 00 00 00 00 00 00 00 00 00 00 00 00 00 00 00 00 00 00 00 00 00 00 00 00 00 00 00 00 00 00 00
00 00 00 41 00 00 00 41 00 00 00 00 00 00 00 00 00 00 00 00 00 00 00 00 00 00 00 00 00 00 00 00
00 00 00 00 00 00 00 00 00 00 00 00 00 00 00 00 00 00 00 00 00 00 00 00 00 00 00 00 00 00 00 41
00 00 00 00 00 00 00 00 00 00 00 00 00 00 00 00 00 00 00 00 00 00 00 00 00 00 00 00 00 00 00 00
00 00 00 00 00 00 00 00 00 00 00 00 00 00 00 00 00 00 00 00 00 00 00 00 00 00 00 00 00 00 00 00
00 00 00 00 00 00 00 00 00 00 00 00 00 00 00 00 00 00 00 00 00 00 00 00 00 00 00 41 00 00 00 41
00 00 00 41 00 00 00 41 00 00 00 41 00 00 00 41 00 00 00 41 00 00 80 41 00 00 80 41 00 00 00 00
00 00 00 00 00 00 00 00 00 00 80 41 00 00 00 00 00 00 00 00 00 00 00 00 00 00 00 00 00 00 00 00
00 00 00 00 00 00 00 00 00 00 00 00 00 00 00 00 00 00 00 00 00 00 00 00 00 00 00 00 00 00 00 00
00 00 00 00 00 00 00 00 00 00 00 00 00 00 00 00 00 00 00 00 00 00 00 00 00 00 00 00 00 00 00 00
00 00 00 00 00 00 00 00 00 00 00 00 00 00 00 00 00 00 00 00 00 00 00 00 00 00 00 00 00 00 00 00
00 00 00 00 00 00 00 00 00 00 00 00 00 00 00 00 00 00 00 00 00 00 00 00 00 00 00 00 00 00 40 42
00 00 10 43 00 00 10 43 00 00 10 43 00 00 10 43 00 00 10 43 00 00 C0 42 00 00 C0 42 00 00 10 43
00 00 10 43 00 00 C0 42 00 00 00 42 00 00 80 41 00 00 80 41 00 00 00 42 00 00 80 42 00 00 00 42
00 00 80 41 00 00 00 41 00 00 00 41 00 00 00 41 00 00 00 41 00 00 00 41 00 00 00 41 00 00 00 41
00 00 00 00 00 00 00 00 00 00 00 00 00 00 00 00 00 00 00 00 00 00 00 00 00 00 00 00 00 00 00 00
00 00 00 00 00 00 00 00 00 00 00 00 00 00 00 00 00 00 00 41 00 00 00 00 00 00 00 00 00 00 00 00
00 00 00 00 00 00 00 00 00 00 00 00 00 00 00 00 00 00 00 00 00 00 00 00 00 00 00 00 00 00 00 00
00 00 00 00 00 00 00 00 00 00 00 00 00 00 00 00 00 00 00 00 00 00 00 00 00 00 00 00 00 00 00 00
00 00 00 00 00 00 00 00 00 00 00 00 00 00 00 00 00 00 00 00 00 00 00 00 00 00 00 00 00 00 00 00
00 00 00 00 00 00 00 00 00 00 00 00 00 00 00 00 00 00 00 00 00 00 00 41 00 00 00 00 00 00 00 00
00 00 00 00 00 00 00 00 00 00 00 00 00 00 00 00 00 00 00 00 00 00 00 00 00 00 00 00 00 00 00 00
00 00 00 00 00 00 00 00 00 00 00 00 00 00 00 00 00 00 00 00 00 00 00 00 00 00 00 00 00 00 80 41
00 00 80 41 00 00 00 00 00 00 00 00 00 00 00 00 00 00 00 00 00 00 00 00 00 00 00 00 00 00 00 00
00 00 00 00 00 00 00 00 00 00 00 00 00 00 00 00 00 00 00 00 00 00 00 00 00 00 00 00 00 00 00 00
00 00 00 00 00 00 00 00 00 00 00 00 00 00 00 00 00 00 00 00 00 00 00 00 00 00 00 00 00 00 00 00
00 00 00 00 00 00 00 00 00 00 00 00 00 00 00 00 00 00 00 00 00 00 00 00 00 00 00 00 00 00 00 00
00 00 00 00 00 00 00 00 00 00 00 00 00 00 00 00 00 00 00 00 00 00 00 00 00 00 00 00 00 00 00 00
00 00 00 00 00 00 00 00 00 00 00 00 00 00 00 00 00 00 00 00 00 00 00 00 00 00 00 00 00 00 00 41
00 00 00 41 00 00 00 00 00 00 00 00 00 00 00 00 00 00 00 00 00 00 00 00 00 00 00 00 00 00 00 00
00 00 00 00 00 00 00 00 00 00 00 00 00 00 00 00 00 00 00 00 00 00 00 00 00 00 00 00 00 00 00 00
00 00 00 00 00 00 00 00 00 00 00 00 00 00 00 00 00 00 00 00 00 00 00 00 00 00 00 00 00 00 00 00
00 00 00 00 00 00 00 00 00 00 00 00 00 00 00 00 00 00 00 00 00 00 00 00 00 00 00 00 00 00 00 00
00 00 00 00 00 00 00 41 00 00 00 00 00 00 00 00 00 00 00 00 00 00 00 00 00 00 00 41 00 00 00 00
00 00 00 00 00 00 00 00 00 00 00 00 00 00 00 00 00 00 00 00 00 00 00 00 00 00 00 00 00 00 00 00
00 00 00 00 00 00 00 00 00 00 00 41 00 00 00 00 00 00 00 00 00 00 00 00 00 00 00 00 00 00 00 00
00 00 00 00 00 00 00 00 00 00 00 00 00 00 00 00 00 00 00 00 00 00 00 00 00 00 00 00 00 00 00 00
00 00 00 00 00 00 00 00 00 00 00 00 00 00 00 00 00 00 00 00 00 00 00 00 00 00 00 00 00 00 00 00
00 00 00 00 00 00 00 00 00 00 00 00 00 00 00 41 00 00 00 41 00 00 00 41 00 00 00 41 00 00 00 00
00 00 00 00 00 00 00 00 00 00 00 00 00 00 00 41 00 00 00 00 00 00 00 00 00 00 00 00 00 00 00 00
00 00 00 00 00 00 00 00 00 00 00 00 00 00 00 00 00 00 00 00 00 00 00 00 00 00 00 00 00 00 00 00
00 00 00 00 00 00 00 00 00 00 00 00 00 00 00 00 00 00 00 00 00 00 00 00 00 00 00 00 00 00 00 00
00 00 00 00 00 00 00 00 00 00 00 41 00 00 00 41 00 00 00 41 00 00 80 41 00 00 00 42 00 00 80 42
00 00 80 42 00 00 80 42 00 00 00 42 00 00 80 41 00 00 00 41 00 00 00 00 00 00 00 00 00 00 00 00
00 00 00 00 00 00 00 00 00 00 00 00 00 00 00 00 00 00 00 00 00 00 00 00 00 00 00 00 00 00 00 00
00 00 00 00 00 00 00 00 00 00 00 00 00 00 00 00 00 00 00 00 00 00 00 00 00 00 00 00 00 00 00 00
00 00 00 00 00 00 00 00 00 00 00 00 00 00 00 00 00 00 00 00 00 00 00 00 00 00 00 00 00 00 00 00
00 00 00 00 00 00 00 00 00 00 00 00 00 00 00 00 00 00 00 00 00 00 00 00 00 00 00 00 00 00 00 00
00 00 00 41 00 00 00 41 00 00 00 00 00 00 00 00 00 00 00 00 00 00 00 41 00 00 00 41 00 00 00 41
00 00 80 41 00 00 80 41 00 00 00 00 00 00 00 00 00 00 00 00 00 00 00 00 00 00 00 00 00 00 00 41
00 00 00 41 00 00 00 41 00 00 00 41 00 00 00 00 00 00 00 00 00 00 00 00 00 00 00 00 00 00 00 00
00 00 00 00 00 00 00 00 00 00 00 00 00 00 00 00 00 00 00 00 00 00 00 00 00 00 00 00 00 00 00 00
00 00 00 00 00 00 00 00 00 00 00 00 00 00 00 00 00 00 00 00 00 00 00 00 00 00 00 00 00 00 00 00
00 00 00 00 00 00 00 00 00 00 00 42 00 00 00 00 00 00 20 44 00 00 5C 45 00 00 25 46 00 F0 C3 46
00 F0 43 47 00 C0 9C 47 00 C0 BD 47 00 20 B5 47 00 D8 87 47 00 60 25 47 00 00 7C 46 00 00 E0 44
00 00 00 00 00 00 C0 43 00 00 00 00 00 00 00 00 00 00 00 00 00 00 00 00 00 00 00 00 00 00 00 00
00 00 00 00 00 00 00 00 00 00 00 00 00 00 00 00 00 00 00 00 00 00 00 00 00 00 00 00 00 00 C8 43
00 00 00 00 00 00 1A 44 00 C0 06 46 00 60 90 46 00 C0 B7 46 00 80 9D 46 00 00 52 46 00 00 F0 45
00 00 70 45 00 00 10 45 00 00 D8 44 00 00 B4 44 00 00 70 44 00 00 20 44 00 00 C0 43 00 00 40 43
00 00 C0 42 00 00 C0 42 00 00 10 43 00 00 10 43 00 00 C0 42 00 00 80 42 00 00 00 00 00 00 00 00
00 00 00 00 00 00 00 00 00 00 00 00 00 00 00 00 00 00 00 00 00 00 00 42 00 00 00 42 00 00 00 00
00 00 00 00 00 00 00 00 00 00 00 00 00 00 00 00 00 00 00 00 00 00 00 00 00 00 00 00 00 00 00 00
00 00 00 00 00 00 00 00 00 00 00 00 00 00 00 41 00 00 00 00 00 00 00 42 00 00 80 42 00 00 80 42
00 00 80 42 00 00 00 42 00 00 00 00 00 00 00 00 00 00 00 00 00 00 C0 42 00 00 40 42 00 00 00 00
00 00 00 00 00 00 00 00 00 00 00 00 00 00 00 00 00 00 00 00 00 00 00 00 00 00 00 00 00 00 00 00
00 00 00 00 00 00 00 00 00 00 00 00 00 00 00 00 00 00 00 00 00 00 00 00 00 00 00 00 00 00 00 00
00 00 00 00 00 00 00 00 00 00 00 00 00 00 00 00 00 00 00 00 00 00 00 00 00 00 00 00 00 00 00 00
00 00 00 00 00 00 00 00 00 00 00 00 00 00 00 00 00 00 00 00 00 00 00 00 00 00 00 00 00 00 00 00
00 00 00 00 00 00 00 00 00 00 00 00 00 00 00 00 00 00 00 00 00 00 00 00 00 00 00 00 00 00 00 00
00 00 00 00 00 00 00 00 00 00 00 00 00 00 00 00 00 00 00 00 00 00 00 00 00 00 00 00 00 00 00 00
00 00 00 00 00 00 00 00 00 00 00 00 00 00 00 00 00 00 00 00 00 00 00 00 00 00 00 00 00 00 00 00
00 00 00 00 00 00 00 00 00 00 00 00 00 00 00 00 00 00 00 00 00 00 00 00 00 00 00 00 00 00 00 00
00 00 00 00 00 00 00 00 00 00 00 00 00 00 00 00 00 00 00 00 00 00 00 00 00 00 00 00 00 00 00 00
00 00 00 00 00 00 00 00 00 00 00 00 00 00 00 00 00 00 00 00 00 00 00 00 00 00 00 00 00 00 00 00
00 00 00 00 00 00 00 00 00 00 80 41 00 00 80 41 00 00 80 41 00 00 80 41 00 00 00 42 00 00 80 42
00 00 80 42 00 00 C0 42 00 00 10 43 00 00 10 43 00 00 C0 42 00 00 80 42 00 00 00 42 00 00 80 41
00 00 C0 41 00 00 90 42 00 00 90 42 00 00 C0 41 00 00 00 41 00 00 00 41 00 00 00 41 00 00 00 00
00 00 00 00 00 00 00 00 00 00 00 42 00 00 00 42 00 00 00 00 00 00 00 41 00 00 00 00 00 00 00 00
00 00 00 00 00 00 00 00 00 00 00 41 00 00 00 41 00 00 00 00 00 00 00 00 00 00 00 00 00 00 00 00
00 00 00 00 00 00 00 00 00 00 00 00 00 00 00 00 00 00 00 00 00 00 00 00 00 00 00 00 00 00 00 00
00 00 00 00 00 00 00 00 00 00 00 00 00 00 00 00 00 00 00 00 00 00 00 00 00 00 00 00 00 00 00 00
00 00 00 00 00 00 00 00 00 00 00 00 00 00 00 00 00 00 00 00 00 00 00 00 00 00 00 00 00 00 00 00
00 00 00 00 00 00 00 00 00 00 00 00 00 00 00 00 00 00 00 00 00 00 00 00 00 00 00 00 00 00 00 00
00 00 00 00 00 00 00 00 00 00 00 00 00 00 00 00 00 00 00 00 00 00 00 00 00 00 00 00 00 00 00 00
00 00 00 00 00 00 00 00 00 00 00 00 00 00 00 00 00 00 00 00 00 00 00 00 00 00 00 41 00 00 00 00
00 00 00 00 00 00 00 00 00 00 00 00 00 00 00 00 00 00 00 00 00 00 00 00 00 00 00 00 00 00 00 00
00 00 00 00 00 00 00 00 00 00 00 00 00 00 00 00 00 00 00 00 00 00 00 00 00 00 00 00 00 00 00 00
00 00 00 00 00 00 00 00 00 00 00 00 00 00 00 00 00 00 00 00 00 00 00 00 00 00 00 41 00 00 00 00
00 00 00 00 00 00 00 00 00 00 00 00 00 00 00 00 00 00 00 00 00 00 00 00 00 00 00 00 00 00 00 00
00 00 00 00 00 00 00 00 00 00 00 00 00 00 00 00 00 00 00 00 00 00 00 00 00 00 00 00 00 00 00 00
00 00 00 00 00 00 00 00 00 00 00 00 00 00 00 00 00 00 00 00 00 00 00 00 00 00 00 00 00 00 00 00
00 00 00 00 00 00 00 00 00 00 00 00 00 00 00 00 00 00 00 00 00 00 00 41 00 00 00 00 00 00 00 00
00 00 00 00 00 00 00 00 00 00 00 00 00 00 00 00 00 00 00 00 00 00 00 00 00 00 00 41 00 00 00 00
00 00 00 00 00 00 00 00 00 00 00 00 00 00 00 00 00 00 00 00 00 00 00 00 00 00 00 00 00 00 00 00
00 00 00 00 00 00 00 00 00 00 00 00 00 00 00 00 00 00 00 00 00 00 00 00 00 00 00 00 00 00 00 00
00 00 00 00 00 00 00 00 00 00 00 00 00 00 00 00 00 00 00 00 00 00 00 00 00 00 00 00 00 00 00 00
00 00 00 00 00 00 00 00 00 00 00 00 00 00 00 00 00 00 00 00 00 00 00 41 00 00 00 00 00 00 00 00
00 00 00 00 00 00 00 00 00 00 00 00 00 00 00 00 00 00 00 00 00 00 00 00 00 00 00 00 00 00 00 00
00 00 00 00 00 00 00 00 00 00 00 00 00 00 00 00 00 00 00 00 00 00 00 00 00 00 00 00 00 00 00 00
00 00 00 00 00 00 00 00 00 00 00 00 00 00 00 00 00 00 00 00 00 00 00 00 00 00 00 00 00 00 00 00
00 00 00 00 00 00 00 00 00 00 00 00 00 00 00 00 00 00 00 00 00 00 00 00 00 00 00 00 00 00 00 00
00 00 00 00 00 00 00 00 00 00 90 43 00 00 00 00 00 00 A2 46 00 00 22 47 00 00 F3 46 00 00 58 46
00 00 40 46 00 00 E0 46 00 00 05 48 00 00 85 48 00 00 D1 47 00 00 00 00 00 20 88 46 00 00 00 00
00 00 00 00 00 00 00 00 00 00 00 00 00 00 00 00 00 00 00 00 00 00 00 00 00 00 00 00 00 00 00 00
00 00 00 00 00 00 E1 45 00 00 00 00 00 80 14 45 00 00 00 00 00 00 E7 44 00 00 00 00 00 00 9A 44
00 00 00 00 00 00 16 45 00 00 61 46 00 00 B4 45 00 00 00 00 00 00 00 00 00 00 00 00 00 00 90 43
