00 00 00 00 00 00 00 00 00 00 00 00 00 00 00 00 00 00 00 00 00 00 00 00 00 00 00 00 00 03 FE 4B
1D 54 F6 4E CE 3D C4 4E 72 90 C5 4E 8A 50 CB 4E 00 00 00 00 00 00 00 00 00 00 00 00 DC 52 13 4E
B6 0A 95 4E 00 00 00 00 40 67 86 4D 00 00 00 00 00 00 00 00 00 00 00 00 00 00 00 00 00 00 00 00
00 00 00 00 00 00 00 00 88 16 08 4C 00 00 00 00 5A 96 7D 4E 00 00 00 00 00 00 00 00 D0 8F C3 4D
00 00 00 00 E6 AD 53 4D 00 00 00 00 18 3D EE 4E 76 A6 1C 4C 00 00 00 00 9A DE 38 4C 00 00 00 00
00 00 00 00 5A F9 33 4E 00 00 00 00 C0 3B 84 4D 00 00 00 00 00 00 00 00 00 00 00 00 72 F3 A3 4C
00 00 00 00 00 59 EA 4D 0C 8C 18 4E 13 49 32 4D 00 00 00 00 80 91 DE 4B 00 00 00 00 00 00 00 00
00 00 00 00 00 00 00 00 00 45 03 49 00 00 00 00 00 60 59 49 00 A8 02 4A 00 EC BC 4A 30 42 28 4B
B0 FE 4B 4B 40 27 DD 4A 00 00 00 00 00 D8 FC 4A 00 00 00 00 00 00 00 00 00 00 00 00 00 D7 6B 4B
00 00 00 00 C0 24 13 4C E1 A5 07 4D A0 B3 CE 4C 00 00 00 00 00 32 91 4B 00 00 00 00 00 00 00 00
00 00 00 00 D0 73 72 4B 00 00 00 00 40 90 8E 4B E0 BC E9 4C E0 2E C3 4C 00 00 00 00 E0 08 AD 4A
00 00 00 00 00 00 00 00 00 00 00 00 80 EB 28 49 00 00 00 00 00 50 CA 48 80 58 B7 4B 50 36 C7 4B
80 9D F9 49 00 00 00 00 00 2D 3E 49 00 00 00 00 00 00 00 00 00 00 00 00 00 20 E2 46 00 00 00 00
00 00 C3 46 00 88 24 49 00 DC 60 49 00 36 D8 48 00 20 00 48 00 00 E1 46 00 00 00 00 00 40 1B 47
00 00 00 00 00 00 00 00 00 00 00 00 00 F0 39 48 00 00 00 00 00 68 97 48 00 C3 22 4A 00 97 62 4A
00 2F 83 49 00 00 00 00 00 AE 43 49 00 00 00 00 00 00 00 00 00 00 00 00 00 33 CC 48 00 00 00 00
E0 68 19 4A A0 E4 A0 4A C0 B5 16 4A 00 00 00 00 80 6B 3E 49 00 00 00 00 00 00 00 00 00 00 00 00
00 60 90 48 00 00 00 00 00 C0 25 49 00 74 E0 49 00 C2 92 49 00 00 00 00 00 1C 30 48 00 00 00 00
00 00 00 00 00 00 00 00 00 80 C1 45 00 00 00 00 00 40 83 45 00 62 59 48 80 C6 38 49 00 D2 13 49
00 00 00 00 00 00 52 45 00 00 00 00 00 00 96 45 00 00 20 44 00 00 DC 44 00 00 00 00 00 C0 9C 46
00 00 00 00 00 00 67 46 00 00 00 00 00 00 FC 44 00 00 00 00 00 00 00 00 00 00 00 00 00 00 00 00
00 00 00 00 00 00 00 00 00 00 00 00 00 00 52 46 00 00 00 00 00 80 63 46 00 A0 2A 47 00 C0 B7 46
00 00 00 00 00 50 BE 46 00 00 00 00 00 00 00 00 00 00 00 00 00 00 00 00 00 88 B1 47 00 90 CD 47
00 08 A6 47 00 60 10 47 00 00 00 00 00 80 A2 46 00 00 00 00 00 00 00 00 00 00 04 46 00 00 00 00
00 00 9A 45 00 C0 D3 45 00 A0 23 46 00 A0 A3 46 00 00 00 00 00 00 00 00 00 00 00 00 00 00 00 00
00 00 70 44 00 00 00 00 00 00 00 00 00 00 00 00 00 00 00 00 00 00 00 00 00 00 D2 45 00 00 00 00
00 00 FC 44 00 00 00 00 00 00 00 00 00 00 00 00 00 00 A8 44 00 00 00 00 00 00 A8 45 00 00 00 00
00 00 D2 45 00 00 00 00 00 00 00 00 00 00 00 00 00 00 00 00 00 00 00 00 00 00 10 45 00 00 00 00
00 00 90 45 00 00 00 00 00 00 43 45 00 00 00 00 00 00 00 00 00 00 00 00 00 00 00 00 00 00 00 00
00 00 60 45 00 00 00 00 00 00 D0 44 00 00 00 00 00 00 F0 43 00 00 00 00 00 00 10 43 00 00 28 43
00 00 00 00 00 00 00 00 00 00 00 00 00 00 00 00 00 00 00 00 00 00 00 00 00 00 00 00 00 00 00 00
00 00 70 44 00 00 A8 44 00 00 00 00 00 00 E7 44 00 00 00 00 00 00 16 45 00 00 C8 44 00 00 00 00
00 00 E0 42 00 00 00 00 00 00 FC 43 00 00 3D 45 00 00 00 00 00 00 58 45 00 00 00 00 00 00 28 45
00 00 A8 44 00 00 00 00 00 00 C0 43 00 00 00 00 00 00 B4 44 00 00 61 45 00 00 00 00 00 00 82 45
00 00 00 00 00 00 40 45 00 00 C0 44 00 00 00 00 00 00 70 44 00 00 00 00 00 00 46 45 00 00 04 45
00 00 00 00 00 00 A8 44 00 00 00 00 00 80 5C 45 00 00 7C 44 00 00 00 00 00 00 D8 43 00 00 00 00
00 80 56 45 00 00 00 00 00 00 00 00 00 00 00 00 00 00 00 00 00 00 34 45 00 00 B4 44 00 00 00 00
00 00 D8 43 00 00 00 00 00 00 34 45 00 00 00 00 00 00 90 44 00 00 00 00 00 00 00 00 00 00 B4 44
00 00 07 45 00 00 00 00 00 00 C0 43 00 00 00 00 00 00 60 44 00 00 60 44 00 00 00 00 00 00 C0 43
00 00 00 00 00 00 90 44 00 00 C0 44 00 00 00 00 00 00 00 44 00 00 00 00 00 00 20 44 00 00 F0 44
00 00 00 00 00 00 F0 44 00 00 00 00 00 00 70 44 00 00 96 44 00 00 00 00 00 00 87 44 00 00 00 00
00 00 34 44 00 00 96 44 00 00 00 00 00 00 C8 44 00 00 00 00 00 00 C4 44 00 00 93 44 00 00 00 00
00 00 22 44 00 00 00 00 00 00 7C 44 00 00 7C 44 00 00 00 00 00 00 10 44 00 00 00 00 00 00 93 44
00 00 C4 44 00 00 00 00 00 00 58 44 00 00 00 00 00 00 93 44 00 00 93 44 00 00 00 00 00 00 C0 43
00 00 00 00 00 00 40 44 00 00 C0 44 00 00 00 00 00 00 58 44 00 00 00 00 00 00 7C 44 00 00 7C 44
00 00 00 00 00 00 A8 43 00 00 00 00 00 00 44 44 00 00 93 44 00 00 00 00 00 00 10 44 00 00 00 00
00 00 93 44 00 00 93 44 00 00 00 00 00 00 C0 43 00 00 00 00 00 00 40 44 00 00 C0 44 00 00 00 00
00 00 40 44 00 00 00 00 00 00 93 44 00 00 93 44 00 00 00 00 00 00 10 44 00 00 00 00 00 00 93 44
00 00 93 44 00 00 00 00 00 00 10 44 00 00 00 00 00 00 93 44 00 00 93 44 00 00 00 00 00 00 10 44
00 00 00 00 00 00 93 44 00 00 93 44 00 00 00 00 00 00 10 44 00 00 00 00 00 00 93 44 00 00 93 44
00 00 00 00 00 00 10 44 00 00 00 00 00 00 93 44 00 00 93 44 00 00 00 00 00 00 10 44 00 00 00 00
00 00 93 44 00 00 93 44 00 00 00 00 00 00 10 44 00 00 00 00 00 00 93 44 00 00 93 44 00 00 00 00
00 00 10 44 00 00 00 00 00 00 93 44 00 00 93 44 00 00 00 00 00 00 10 44 00 00 00 00 00 00 93 44
00 00 93 44 00 00 00 00 00 00 10 44 00 00 00 00 00 00 93 44 00 00 93 44 00 00 00 00 00 00 10 44
00 00 00 00 00 00 A8 44 00 00 A8 44 00 00 00 00 00 00 58 44 00 00 00 00 00 00 A8 44 00 00 7C 44
00 00 00 00 00 00 10 44 00 00 00 00 00 00 93 44 00 00 93 44 00 00 00 00 00 00 A8 43 00 00 00 00
00 00 44 44 00 00 44 44 00 00 00 00 00 00 A8 43 00 00 00 00 00 00 93 44 00 00 93 44 00 00 00 00
00 00 58 44 00 00 00 00 00 00 C4 44 00 00 93 44 00 00 00 00 00 00 10 44 00 00 00 00 00 00 93 44
00 00 93 44 00 00 00 00 00 00 10 44 00 00 00 00 00 00 93 44 00 00 93 44 00 00 00 00 00 00 10 44
00 00 00 00 00 00 93 44 00 00 44 44 00 00 00 00 00 00 E0 43 00 00 00 00 00 00 A8 44 00 00 7C 44
00 00 00 00 00 00 10 44 00 00 00 00 00 00 93 44 00 00 93 44 00 00 00 00 00 00 40 44 00 00 00 00
00 00 C0 44 00 00 40 44 00 00 00 00 00 00 00 44 00 00 00 00 00 00 C0 44 00 00 40 44 00 00 00 00
00 00 C0 43 00 00 00 00 00 00 93 44 00 00 93 44 00 00 00 00 00 00 10 44 00 00 00 00 00 00 93 44
00 00 44 44 00 00 00 00 00 00 E0 43 00 00 00 00 00 00 C0 44 00 00 40 44 00 00 00 00 00 00 00 44
00 00 00 00 00 00 C0 44 00 00 40 44 00 00 00 00 00 00 34 44 00 00 00 00 00 00 F0 44 00 00 40 44
00 00 00 00 00 00 00 44 00 00 00 00 00 00 C0 44 00 00 40 44 00 00 00 00 00 00 C0 43 00 00 00 00
00 00 A8 44 00 00 60 44 00 00 00 00 00 00 00 44 00 00 00 00 00 00 C0 44 00 00 40 44 00 00 00 00
00 00 00 44 00 00 00 00 00 00 C0 44 00 00 40 44 00 00 00 00 00 00 10 44 00 00 00 00 00 00 C4 44
00 00 93 44 00 00 00 00 00 00 40 44 00 00 00 00 00 00 A8 44 00 00 28 44 00 00 00 00 00 00 E0 43
00 00 00 00 00 00 C0 44 00 00 40 44 00 00 00 00 00 00 C0 43 00 00 00 00 00 00 C0 44 00 00 00 45
00 00 00 00 00 00 F0 44 00 00 00 00 00 00 F0 44 00 00 70 44 00 00 00 00 00 00 E7 44 00 00 00 00
00 00 0C 45 00 00 A0 43 00 00 00 00 00 00 C0 43 00 00 00 00 00 00 22 45 00 00 58 44 00 00 00 00
00 00 34 44 00 00 00 00 00 00 2F 45 00 00 00 00 00 00 00 00 00 00 00 00 00 00 00 00 00 00 1A 45
00 00 00 00 00 00 00 00 00 00 00 00 00 00 00 00 00 00 0C 45 00 00 00 00 00 00 F0 43 00 00 00 00
00 00 00 00 00 00 D8 44 00 00 10 44 00 00 00 00 00 00 60 43 00 00 00 00 00 00 C0 44 00 00 40 44
00 00 00 00 00 00 20 44 00 00 00 00 00 00 C8 44 00 00 A0 43 00 00 00 00 00 00 A0 43 00 00 00 00
00 00 AF 44 00 00 0C 44 00 00 00 00 00 00 58 44 00 00 00 00 00 00 A8 44 00 00 60 43 00 00 00 00
00 00 60 43 00 00 00 00 00 00 C0 44 00 00 40 44 00 00 00 00 00 00 34 44 00 00 00 00 00 00 F0 44
00 00 40 44 00 00 00 00 00 00 00 44 00 00 00 00 00 00 A0 44 00 00 A0 43 00 00 00 00 00 00 B4 43
00 00 00 00 00 00 C8 44 00 00 00 00 00 00 00 00 00 00 00 00 00 00 00 00 00 80 1D 45 00 00 00 00
00 00 00 00 00 00 00 00 00 00 00 00 00 00 00 00 00 00 90 44 00 00 00 00 00 00 34 44 00 00 00 00
00 00 20 44 00 00 C0 44 00 00 00 00 00 A0 57 47 00 B8 21 47 00 00 00 00 00 00 00 00 00 00 00 00
00 40 97 46 00 00 00 00 00 00 BB 45 00 00 00 00 00 00 CC 45 00 00 00 00 00 00 00 00 00 60 1F 46
00 00 00 00 00 00 00 00 00 00 00 00 00 00 00 00 00 00 00 00 00 00 00 00 00 00 00 00 00 00 00 00
00 00 00 00 00 00 00 00 00 00 6A 45 00 00 00 00 00 00 7C 44 00 00 FC 43 00 00 E0 42 00 00 40 43
00 00 70 45 00 00 FF 46 00 00 FF 45 00 00 00 00 00 00 00 00 00 00 00 00 00 00 E0 43 00 00 00 00
00 00 70 44 00 00 96 44 00 00 00 00 00 80 A2 45 00 00 00 00 00 00 8C 44 00 00 E0 42 00 00 00 00
00 00 60 43 00 00 00 00 00 00 D8 44 00 00 D8 43 00 00 00 00 00 00 D8 43 00 00 00 00 00 00 C0 44
00 00 80 43 00 00 00 00 00 00 D8 43 00 00 00 00 00 00 16 45 00 00 00 00 00 00 00 00 00 00 00 00
00 00 00 00 00 00 E1 44 00 00 B4 43 00 00 00 00 00 00 0C 44 00 00 00 00 00 80 1D 45 00 00 00 00
00 00 00 00 00 00 00 00 00 00 00 00 00 00 E1 44 00 00 00 00 00 00 00 00 00 00 00 00 00 00 00 00
00 00 2F 45 00 00 00 00 00 00 20 44 00 00 00 00 00 00 00 00 00 00 16 45 00 00 00 00 00 00 00 00
00 00 00 00 00 00 00 00 00 00 20 45 00 00 00 00 00 00 34 44 00 00 00 00 00 00 00 00 00 00 2F 45
00 00 00 00 00 00 00 00 00 00 00 00 00 00 00 00 00 00 46 45 00 00 00 00 00 00 00 00 00 00 00 00
00 00 00 00 00 00 46 45 00 00 00 00 00 00 46 44 00 00 00 00 00 00 00 00 00 00 20 45 00 00 00 00
00 00 34 44 00 00 00 00 00 00 00 00 00 00 46 45 00 00 00 00 00 00 46 44 00 00 00 00 00 00 00 00
00 00 20 45 00 00 00 00 00 00 48 44 00 00 00 00 00 00 00 00 00 00 5C 45 00 00 00 00 00 00 B0 44
00 00 00 00 00 00 00 00 00 00 58 45 00 00 00 00 00 00 22 45 00 00 00 00 00 00 00 00 00 00 87 45
00 00 00 00 00 00 D8 44 00 00 00 00 00 00 00 00 00 00 6A 45 00 00 00 00 00 00 36 45 00 00 00 00
00 00 00 00 00 00 93 45 00 00 00 00 00 00 28 45 00 00 00 00 00 00 00 00 00 00 34 45 00 00 00 00
00 00 16 45 00 00 00 00 00 00 00 00 00 00 34 45 00 00 00 00 00 00 D8 44 00 00 00 00 00 00 00 00
00 00 D8 44 00 00 00 00 00 00 FC 43 00 00 00 00 00 00 00 00 00 00 BD 44 00 00 00 00 00 00 00 00
00 00 00 00 00 00 00 00 00 00 8C 44 00 00 E0 43 00 00 00 00 00 00 B4 44 00 00 00 00 00 00 FC 43
00 00 00 00 00 00 00 00 00 00 00 00 00 00 00 00 00 00 C8 44 00 00 20 44 00 00 00 00 00 00 7C 44
00 00 00 00 00 00 A8 44 00 00 00 00 00 00 00 00 00 00 00 00 00 00 00 00 00 00 BD 44 00 00 00 00
00 00 10 44 00 00 00 00 00 00 00 00 00 00 BD 44 00 00 00 00 00 00 10 44 00 00 00 00 00 00 00 00
00 00 BD 44 00 00 00 00 00 00 FC 43 00 00 00 00 00 00 00 00 00 00 B4 44 00 00 00 00 00 00 10 44
00 00 00 00 00 00 00 00 00 00 0C 45 00 00 00 00 00 00 0C 44 00 00 00 00 00 00 00 00 00 00 A0 44
00 00 00 00 00 00 00 00 00 00 00 00 00 00 00 00 00 00 90 44 00 00 00 00 00 00 C0 43 00 00 00 00
00 00 00 00 00 00 A0 44 00 00 00 00 00 00 00 00 00 00 00 00 00 00 00 00 00 00 BD 44 00 00 00 00
00 00 FC 43 00 00 00 00 00 00 00 00 00 00 D8 44 00 00 00 00 00 00 00 00 00 00 00 00 00 00 00 00
00 00 B4 44 00 00 00 00 00 00 10 44 00 00 00 00 00 00 00 00 00 00 D8 44 00 00 00 00 00 00 FC 43
00 00 00 00 00 00 00 00 00 00 D8 44 00 00 00 00 00 00 00 00 00 00 00 00 00 00 00 00 00 00 0C 45
00 00 00 00 00 00 20 44 00 00 00 00 00 00 00 00 00 00 C0 44 00 00 00 00 00 00 00 00 00 00 00 00
00 00 00 00 00 00 D8 44 00 00 00 00 00 00 FC 43 00 00 00 00 00 00 00 00 00 00 B4 44 00 00 00 00
00 00 FC 43 00 00 00 00 00 00 00 00 00 00 A2 44 00 00 00 00 00 00 10 44 00 00 00 00 00 00 00 00
00 00 FC 44 00 00 00 00 00 00 00 00 00 00 00 00 00 00 00 00 00 00 A2 44 00 00 00 00 00 00 FC 43
00 00 00 00 00 00 00 00 00 00 F0 44 00 00 00 00 00 00 20 44 00 00 00 00 00 00 00 00 00 00 BD 44
00 00 00 00 00 00 58 44 00 00 00 00 00 00 00 00 00 00 A2 44 00 00 00 00 00 00 FC 43 00 00 00 00
00 00 00 00 00 00 A2 44 00 00 00 00 00 00 10 44 00 00 00 00 00 00 00 00 00 00 BD 44 00 00 00 00
00 00 7C 44 00 00 00 00 00 00 00 00 00 00 BD 44 00 00 00 00 00 00 7C 44 00 00 00 00 00 00 00 00
00 00 FC 44 00 00 00 00 00 00 D8 43 00 00 00 00 00 00 00 00 00 00 A2 44 00 00 00 00 00 00 10 44
00 00 00 00 00 00 00 00 00 00 BD 44 00 00 00 00 00 00 7C 44 00 00 00 00 00 00 00 00 00 00 D2 44
00 00 00 00 00 00 8C 44 00 00 00 00 00 00 00 00 00 00 A2 44 00 00 00 00 00 00 FC 43 00 00 00 00
00 00 00 00 00 00 7C 44 00 00 00 00 00 00 7C 44 00 00 00 00 00 00 00 00 00 00 D8 44 00 00 00 00
00 00 7C 44 00 00 00 00 00 00 00 00 00 00 BD 44 00 00 00 00 00 00 FC 43 00 00 00 00 00 00 00 00
00 00 7C 44 00 00 00 00 00 00 7C 44 00 00 00 00 00 00 00 00 00 00 BD 44 00 00 00 00 00 00 7C 44
00 00 00 00 00 00 00 00 00 00 BD 44 00 00 00 00 00 00 7C 44 00 00 00 00 00 00 00 00 00 00 BD 44
00 00 00 00 00 00 58 44 00 00 00 00 00 00 00 00 00 00 7C 44 00 00 00 00 00 00 58 44 00 00 00 00
00 00 00 00 00 00 A2 44 00 00 00 00 00 00 FC 43 00 00 00 00 00 00 00 00 00 00 58 44 00 00 00 00
00 00 7C 44 00 00 00 00 00 00 00 00 00 00 40 44 00 00 00 00 00 00 60 44 00 00 00 00 00 00 00 00
00 00 BD 44 00 00 00 00 00 00 7C 44 00 00 00 00 00 00 00 00 00 00 D2 44 00 00 00 00 00 00 8C 44
00 00 00 00 00 00 00 00 00 00 A2 44 00 00 00 00 00 00 22 44 00 00 00 00 00 00 00 00 00 00 A2 44
00 00 00 00 00 00 10 44 00 00 00 00 00 00 00 00 00 00 22 44 00 00 00 00 00 00 7C 44 00 00 00 00
00 00 00 00 00 00 A0 44 00 00 00 00 00 00 D2 44 00 00 00 00 00 00 00 00 00 00 A0 44 00 00 00 00
00 00 C8 44 00 00 00 00 00 00 00 00 00 00 FC 44 00 00 00 00 00 00 28 45 00 00 00 00 00 00 00 00
00 00 8C 44 00 00 00 00 00 00 FA 44 00 00 00 00 00 00 00 00 00 00 04 45 00 00 00 00 00 00 DC 44
00 00 00 00 00 00 00 00 00 00 A2 44 00 00 00 00 00 00 7C 44 00 00 00 00 00 00 00 00 00 00 60 44
00 00 00 00 00 00 40 44 00 00 00 00 00 00 00 00 00 00 40 44 00 00 00 00 00 00 00 44 00 00 00 00
00 00 00 00 00 00 10 44 00 00 00 00 00 00 BD 44 00 00 00 00 00 00 00 00 00 00 BD 44 00 00 00 00
00 00 10 44 00 00 00 00 00 00 00 00 00 00 90 44 00 00 00 00 00 00 58 44 00 00 00 00 00 00 00 00
00 00 FC 43 00 00 00 00 00 00 BD 44 00 00 00 00 00 00 00 00 00 00 7C 44 00 00 00 00 00 00 BD 44
00 00 00 00 00 00 00 00 00 00 A0 44 00 00 00 00 00 00 A0 44 00 00 00 00 00 00 00 00 00 00 96 44
00 00 00 00 00 00 D2 44 00 00 00 00 00 00 00 00 00 00 E0 43 00 00 60 43 00 00 00 00 00 00 7A 46
00 60 6A 47 00 00 00 00 00 00 00 00 00 00 00 00 00 00 00 00 00 00 EA 46 00 00 00 00 00 40 2D 46
00 80 C0 45 00 00 00 00 00 00 00 00 00 20 35 46 00 00 00 00 00 00 00 00 00 00 00 00 00 00 00 00
00 00 00 00 00 00 00 00 00 00 00 00 00 00 00 00 00 00 00 00 00 00 00 00 00 00 00 00 00 C0 94 45
00 00 00 00 00 00 60 44 00 00 00 00 00 00 00 00 00 00 00 00 00 00 BE 46 00 C0 D5 46 00 00 00 00
00 00 58 43 00 00 10 43 00 00 00 00 00 00 00 00 00 00 C4 43 00 00 60 42 00 00 00 00 00 00 84 44
00 00 46 45 00 00 00 00 00 00 28 44 00 00 8C 44 00 00 00 00 00 00 00 00 00 00 7C 44 00 00 00 00
00 00 7C 44 00 00 00 00 00 00 00 00 00 00 00 00 00 00 00 00 00 00 C0 44 00 00 00 00 00 00 00 00
00 00 00 00 00 00 00 00 00 00 16 45 00 00 00 00 00 00 00 00 00 00 10 44 00 00 00 00 00 00 BD 44
00 00 00 00 00 00 00 00 00 00 20 44 00 00 00 00 00 00 FA 44 00 00 00 00 00 00 00 00 00 00 FC 43
00 00 00 00 00 00 BD 44 00 00 00 00 00 00 0C 44 00 00 00 00 00 00 C8 43 00 00 FA 44 00 00 00 00
00 00 00 00 00 00 00 00 00 00 00 00 00 00 2F 45 00 00 00 00 00 00 00 00 00 00 00 00 00 00 00 00
00 00 E1 44 00 00 00 00 00 00 00 00 00 00 10 44 00 00 00 00 00 00 07 45 00 00 00 00 00 00 00 00
00 00 5C 44 00 00 00 00 00 00 25 45 00 00 00 00 00 00 00 00 00 00 00 00 00 00 00 00 00 00 16 45
00 00 00 00 00 00 F0 43 00 00 00 00 00 00 C8 43 00 00 16 45 00 00 00 00 00 00 F0 43 00 00 00 00
00 00 F0 43 00 00 34 45 00 00 00 00 00 00 04 44 00 00 00 00 00 00 04 44 00 00 84 45 00 00 00 00
00 00 40 44 00 00 00 00 00 00 1A 44 00 00 67 45 00 00 00 00 00 00 04 44 00 00 00 00 00 00 1A 44
00 00 67 45 00 00 00 00 00 00 10 44 00 00 00 00 00 00 40 44 00 00 70 45 00 00 00 00 00 00 DC 43
00 00 00 00 00 00 58 44 00 00 58 45 00 00 00 00 00 00 00 00 00 00 58 44 00 00 00 00 00 00 40 45
00 00 00 00 00 00 00 00 00 00 00 00 00 00 00 00 00 00 C0 44 00 00 00 00 00 00 00 00 00 00 B6 44
00 00 00 00 00 00 36 45 00 00 00 00 00 00 00 00 00 00 58 44 00 00 00 00 00 00 B4 44 00 00 00 00
00 00 80 43 00 00 00 00 00 00 90 43 00 00 D8 44 00 00 00 00 00 00 00 00 00 00 00 00 00 00 00 00
00 00 44 44 00 00 00 00 00 00 D2 44 00 00 00 00 00 00 D8 43 00 00 34 44 00 00 00 00 00 00 00 00
00 00 00 00 00 00 00 00 00 00 A8 44 00 00 00 00 00 00 7C 44 00 00 00 00 00 00 E0 43 00 00 8C 44
00 00 00 00 00 00 A0 43 00 00 00 00 00 00 80 43 00 00 C0 44 00 00 00 00 00 00 00 00 00 00 00 00
00 00 00 00 00 00 A0 44 00 00 00 00 00 00 A0 43 00 00 00 00 00 00 B4 43 00 00 E1 44 00 00 00 00
00 00 00 00 00 00 00 00 00 00 00 00 00 00 C0 44 00 00 00 00 00 00 00 00 00 00 00 00 00 00 00 00
00 00 90 44 00 00 00 00 00 00 00 00 00 00 00 00 00 00 00 00 00 00 C0 44 00 00 00 00 00 00 D8 43
00 00 00 00 00 00 D8 43 00 00 D8 44 00 00 00 00 00 00 00 00 00 00 00 00 00 00 00 00 00 00 C8 44
00 00 00 00 00 00 B4 43 00 00 00 00 00 00 B4 43 00 00 E1 44 00 00 00 00 00 00 00 00 00 00 00 00
00 00 00 00 00 00 C8 44 00 00 00 00 00 00 00 00 00 00 00 00 00 00 00 00 00 00 C8 44 00 00 00 00
00 00 00 00 00 00 00 00 00 00 00 00 00 00 C8 44 00 00 00 00 00 00 00 00 00 00 00 00 00 00 00 00
00 00 A0 44 00 00 00 00 00 00 A0 43 00 00 00 00 00 00 B4 43 00 00 E1 44 00 00 00 00 00 00 A0 43
00 00 00 00 00 00 A0 43 00 00 C8 44 00 00 00 00 00 00 B4 43 00 00 00 00 00 00 D8 43 00 00 07 45
00 00 00 00 00 00 00 00 00 00 00 00 00 00 00 00 00 00 E1 44 00 00 00 00 00 00 A0 43 00 00 00 00
00 00 A0 43 00 00 A0 44 00 00 00 00 00 00 60 43 00 00 00 00 00 00 C0 43 00 00 F0 44 00 00 00 00
00 00 A0 43 00 00 00 00 00 00 C0 43 00 00 F0 44 00 00 00 00 00 00 00 00 00 00 00 00 00 00 00 00
00 00 A0 44 00 00 00 00 00 00 80 43 00 00 00 00 00 00 A0 43 00 00 A0 44 00 00 00 00 00 00 80 43
00 00 00 00 00 00 A0 43 00 00 A0 44 00 00 00 00 00 00 80 43 00 00 00 00 00 00 80 43 00 00 A0 44
00 00 00 00 00 00 A0 43 00 00 00 00 00 00 B4 43 00 00 E1 44 00 00 00 00 00 00 A0 43 00 00 00 00
00 00 A0 43 00 00 A0 44 00 00 00 00 00 00 80 43 00 00 00 00 00 00 D8 43 00 00 07 45 00 00 00 00
00 00 00 00 00 00 00 00 00 00 00 00 00 00 A0 44 00 00 00 00 00 00 80 43 00 00 00 00 00 00 B4 43
00 00 E1 44 00 00 00 00 00 00 8C 43 00 00 00 00 00 00 A0 43 00 00 F0 44 00 00 00 00 00 00 58 44
00 00 00 00 00 00 40 44 00 00 F0 44 00 00 00 00 00 00 A0 43 00 00 00 00 00 00 C0 43 00 00 C0 44
00 00 00 00 00 00 80 43 00 00 00 00 00 00 B4 43 00 00 E1 44 00 00 00 00 00 00 A0 43 00 00 00 00
00 00 B4 43 00 00 E1 44 00 00 00 00 00 00 20 44 00 00 00 00 00 00 40 44 00 00 C0 44 00 00 00 00
00 00 00 44 00 00 00 00 00 00 40 44 00 00 F0 44 00 00 00 00 00 00 A0 43 00 00 00 00 00 00 C0 43
00 00 C0 44 00 00 00 00 00 00 00 44 00 00 00 00 00 00 40 44 00 00 C0 44 00 00 00 00 00 00 60 43
00 00 00 00 00 00 C0 43 00 00 C0 44 00 00 00 00 00 00 80 43 00 00 00 00 00 00 D8 43 00 00 07 45
00 00 00 00 00 00 34 44 00 00 00 00 00 00 40 44 00 00 C0 44 00 00 00 00 00 00 00 44 00 00 00 00
00 00 28 44 00 00 A8 44 00 00 00 00 00 00 90 43 00 00 00 00 00 00 A0 43 00 00 A0 44 00 00 00 00
00 00 80 43 00 00 00 00 00 00 C0 43 00 00 C0 44 00 00 00 00 00 00 90 43 00 00 00 00 00 00 B4 43
00 00 07 45 00 00 00 00 00 00 B4 44 00 00 00 00 00 00 52 44 00 00 AF 44 00 00 00 00 00 00 C8 44
00 00 00 00 00 00 E0 44 00 00 E0 44 00 00 00 00 00 00 58 44 00 00 00 00 00 00 A8 44 00 00 A8 44
00 00 00 00 00 00 22 44 00 00 00 00 00 00 F3 44 00 00 A2 44 00 00 00 00 00 00 00 43 00 00 00 00
00 00 20 44 00 00 20 45 00 00 00 00 00 00 10 44 00 00 00 00 00 00 90 44 00 00 90 44 00 00 00 00
00 00 00 00 00 00 00 00 00 00 00 00 00 00 D2 44 00 00 00 00 00 00 A8 43 00 00 00 00 00 00 28 44
00 00 7C 44 00 00 00 00 00 00 10 44 00 00 00 00 00 00 7C 44 00 00 A8 44 00 00 00 00 00 00 80 43
00 00 00 00 00 00 A0 43 00 00 C8 44 00 00 00 00 00 00 87 44 00 00 00 00 00 00 7C 44 00 00 A8 44
00 00 00 00 00 00 60 43 00 00 00 00 00 00 A0 43 00 00 F0 44 00 00 00 00 00 00 58 44 00 00 00 00
00 00 40 44 00 00 C0 44 00 00 00 00 00 00 40 44 00 00 00 00 00 00 93 44 00 00 C4 44 00 00 00 00
00 00 10 44 00 00 00 00 00 00 40 44 00 00 C0 44 00 00 00 00 00 00 00 44 00 00 00 00 00 00 60 44
00 00 60 44 00 00 00 00 00 00 00 00 00 00 C8 43 00 00 00 00 00 00 2F 45 00 00 00 00 00 00 34 44
00 00 00 00 00 00 60 43 00 00 D2 44 00 00 00 00 00 80 4A 47 00 00 58 46 00 00 00 00 00 00 00 00
00 00 00 00 00 A0 0C 47 00 00 00 00 00 00 87 46 00 00 F0 44 00 00 00 00 00 00 D0 43 00 00 00 00
00 00 D1 45 00 00 00 00 00 00 00 00 00 00 00 00 00 00 00 00 00 00 00 00 00 00 00 00 00 00 00 00
00 00 00 00 00 00 00 00 00 00 00 00 00 00 C8 45 00 00 00 00 00 00 60 44 00 00 00 00 00 00 00 00
00 00 00 00 00 00 04 46 00 00 25 47 00 00 00 00 00 00 00 00 00 00 00 00 00 00 00 00 00 00 0C 44
00 00 00 00 00 00 C0 43 00 00 C0 44 00 00 00 00 00 00 C4 45 00 00 00 00 00 00 D2 44 00 00 34 44
00 00 00 00 00 00 A8 43 00 00 00 00 00 00 44 44 00 00 C4 44 00 00 00 00 00 00 90 44 00 00 00 00
00 00 A8 44 00 00 7C 44 00 00 00 00 00 00 58 44 00 00 00 00 00 00 00 45 00 00 C0 44 00 00 00 00
00 00 10 44 00 00 00 00 00 00 93 44 00 00 C4 44 00 00 00 00 00 00 A0 44 00 00 00 00 00 00 00 45
00 00 80 44 00 00 00 00 00 00 C0 43 00 00 00 00 00 00 A8 44 00 00 A8 44 00 00 00 00 00 00 96 44
00 00 00 00 00 00 20 45 00 00 80 44 00 00 00 00 00 00 00 44 00 00 00 00 00 00 00 45 00 00 00 45
00 00 00 00 00 00 C8 44 00 00 00 00 00 80 1D 45 00 00 7C 44 00 00 00 00 00 00 10 44 00 00 00 00
00 00 10 45 00 00 D8 44 00 00 00 00 00 00 96 44 00 00 00 00 00 80 1D 45 00 00 7C 44 00 00 00 00
00 00 10 44 00 00 00 00 00 00 10 45 00 00 90 44 00 00 00 00 00 00 48 44 00 00 00 00 00 00 34 45
00 00 D8 44 00 00 00 00 00 00 A5 44 00 00 00 00 00 00 34 45 00 00 90 44 00 00 00 00 00 00 70 44
00 00 00 00 00 00 3D 45 00 00 BD 44 00 00 00 00 00 00 C6 44 00 00 00 00 00 00 52 45 00 00 8C 44
00 00 00 00 00 00 84 44 00 00 00 00 00 00 84 45 00 00 B0 44 00 00 00 00 00 00 5C 44 00 00 00 00
00 80 77 45 00 00 46 44 00 00 00 00 00 00 F0 43 00 00 00 00 00 00 90 45 00 00 00 00 00 00 00 00
00 00 00 00 00 00 00 00 00 00 58 45 00 00 00 00 00 00 00 00 00 00 00 00 00 00 00 00 00 00 90 45
00 00 00 00 00 00 28 44 00 00 00 00 00 00 00 00 00 00 DC 44 00 00 00 00 00 00 00 00 00 00 00 00
00 00 00 00 00 00 7C 44 00 00 FC 43 00 00 00 00 00 00 90 43 00 00 00 00 00 00 C4 44 00 00 44 44
00 00 00 00 00 00 E0 43 00 00 00 00 00 00 90 44 00 00 B4 44 00 00 00 00 00 80 40 45 00 00 00 00
00 00 A8 44 00 00 C0 43 00 00 00 00 00 00 E0 43 00 00 00 00 00 00 90 44 00 00 90 44 00 00 00 00
00 00 F0 44 00 00 00 00 00 00 D2 44 00 00 0C 44 00 00 00 00 00 00 00 44 00 00 00 00 00 00 C0 44
00 00 40 44 00 00 00 00 00 00 10 44 00 00 00 00 00 00 A8 44 00 00 28 44 00 00 00 00 00 00 34 44
00 00 00 00 00 00 F0 44 00 00 C0 43 00 00 00 00 00 00 60 43 00 00 00 00 00 00 C0 44 00 00 90 44
00 00 00 00 00 00 58 44 00 00 00 00 00 00 C0 44 00 00 40 44 00 00 00 00 00 00 C0 43 00 00 00 00
00 00 93 44 00 00 93 44 00 00 00 00 00 00 40 44 00 00 00 00 00 00 C0 44 00 00 C0 43 00 00 00 00
00 00 28 43 00 00 00 00 00 00 93 44 00 00 44 44 00 00 00 00 00 00 20 44 00 00 00 00 00 00 F0 44
00 00 40 44 00 00 00 00 00 00 00 44 00 00 00 00 00 00 A8 44 00 00 7C 44 00 00 00 00 00 00 40 44
00 00 00 00 00 00 C0 44 00 00 40 44 00 00 00 00 00 00 00 44 00 00 00 00 00 00 C0 44 00 00 C0 43
00 00 00 00 00 00 60 43 00 00 00 00 00 00 C0 44 00 00 40 44 00 00 00 00 00 00 34 44 00 00 00 00
00 00 07 45 00 00 D8 43 00 00 00 00 00 00 80 43 00 00 00 00 00 00 C0 44 00 00 40 44 00 00 00 00
00 00 34 44 00 00 00 00 00 00 F0 44 00 00 C0 43 00 00 00 00 00 00 80 43 00 00 00 00 00 00 C4 44
00 00 44 44 00 00 00 00 00 00 20 44 00 00 00 00 00 00 F0 44 00 00 C0 43 00 00 00 00 00 00 80 43
00 00 00 00 00 00 E0 44 00 00 60 44 00 00 00 00 00 00 00 44 00 00 00 00 00 00 C0 44 00 00 40 44
00 00 00 00 00 00 34 44 00 00 00 00 00 00 F0 44 00 00 40 44 00 00 00 00 00 00 00 44 00 00 00 00
00 00 A0 44 00 00 A0 43 00 00 00 00 00 00 80 43 00 00 00 00 00 00 C0 44 00 00 40 44 00 00 00 00
00 00 20 44 00 00 00 00 00 00 E1 44 00 00 B4 43 00 00 00 00 00 00 28 43 00 00 00 00 00 00 90 44
00 00 C0 43 00 00 00 00 00 00 A0 43 00 00 00 00 00 00 F0 44 00 00 40 44 00 00 00 00 00 00 34 44
00 00 00 00 00 00 F0 44 00 00 C0 43 00 00 00 00 00 00 A0 43 00 00 00 00 00 00 F0 44 00 00 40 44
00 00 00 00 00 00 00 44 00 00 00 00 00 00 C0 44 00 00 C0 43 00 00 00 00 00 00 A0 43 00 00 00 00
00 00 07 45 00 00 D8 43 00 00 00 00 00 00 A0 43 00 00 00 00 00 00 C8 44 00 00 A0 43 00 00 00 00
00 00 8C 43 00 00 00 00 00 00 C8 44 00 00 A0 43 00 00 00 00 00 00 8C 43 00 00 00 00 00 00 C8 44
00 00 A0 43 00 00 00 00 00 00 8C 43 00 00 00 00 00 00 E1 44 00 00 B4 43 00 00 00 00 00 00 A0 43
00 00 00 00 00 00 E1 44 00 00 B4 43 00 00 00 00 00 00 A0 43 00 00 00 00 00 00 C8 44 00 00 A0 43
00 00 00 00 00 00 A0 43 00 00 00 00 00 00 F0 44 00 00 C0 43 00 00 00 00 00 00 8C 43 00 00 00 00
00 00 C8 44 00 00 A0 43 00 00 00 00 00 00 A0 43 00 00 00 00 00 00 F0 44 00 00 C0 43 00 00 00 00
00 00 A0 43 00 00 00 00 00 00 F0 44 00 00 C0 43 00 00 00 00 00 00 8C 43 00 00 00 00 00 00 E1 44
00 00 00 00 00 00 00 00 00 00 00 00 00 00 00 00 00 00 07 45 00 00 00 00 00 00 00 00 00 00 00 00
00 00 00 00 00 00 C0 44 00 00 00 00 00 00 00 00 00 00 00 00 00 00 00 00 00 00 07 45 00 00 00 00
00 00 00 00 00 00 00 00 00 00 00 00 00 00 F0 44 00 00 40 44 00 00 00 00 00 00 7C 44 00 00 00 00
00 00 E0 44 00 00 80 43 00 00 00 00 00 00 10 44 00 00 00 00 00 00 10 45 00 00 00 00 00 00 00 00
00 00 00 00 00 00 00 00 00 00 2F 45 00 00 00 00 00 00 34 44 00 00 00 00 00 00 00 00 00 00 5C 45
00 00 00 00 00 00 9A 44 00 00 00 00 00 00 00 00 00 00 46 45 00 00 00 00 00 00 30 44 00 00 00 00
00 00 00 00 00 00 16 45 00 00 00 00 00 00 48 44 00 00 00 00 00 00 00 00 00 00 04 45 00 00 00 00
00 00 1A 44 00 00 00 00 00 00 00 00 00 00 E1 44 00 00 00 00 00 00 00 00 00 00 00 00 00 00 00 00
00 00 A0 44 00 00 80 43 00 00 00 00 00 00 D8 43 00 00 00 00 00 00 F0 44 00 00 20 44 00 00 00 00
00 00 7C 44 00 00 00 00 00 00 FC 44 00 00 00 00 00 00 00 00 00 00 00 00 00 00 00 00 00 00 A0 44
00 00 A0 43 00 00 00 00 00 00 C0 43 00 00 00 00 00 00 C0 44 00 00 80 43 00 00 00 00 00 00 8C 43
00 00 00 00 00 00 A0 44 00 00 00 00 00 00 00 00 00 00 00 00 00 00 00 00 00 00 A0 44 00 00 00 00
00 00 00 00 00 00 00 00 00 00 00 00 00 00 0C 45 00 00 00 00 00 00 70 44 00 00 00 00 00 00 00 00
00 00 D2 44 00 00 00 00 00 00 0C 44 00 00 00 00 00 00 00 00 00 00 AF 44 00 00 0C 45 00 00 00 00
00 80 DC 46 00 10 F8 46 00 00 00 00 00 00 00 00 00 00 00 00 00 40 83 46 00 E0 44 46 00 00 00 00
00 00 B4 44 00 00 C3 45 00 00 00 00 00 00 00 00 00 20 9E 46 00 00 00 00 00 00 00 00 00 00 00 00
00 00 00 00 00 00 00 00 00 00 00 00 00 00 00 00 00 00 00 00 00 00 00 00 00 00 00 00 00 00 00 00
00 00 60 44 00 00 00 00 00 00 00 00 00 00 00 00 00 00 00 00 00 00 00 00 00 28 09 47 00 60 79 46
00 00 00 00 00 00 00 00 00 00 00 00 00 00 28 44 00 00 00 00 00 00 7C 44 00 00 28 44 00 00 00 00
00 00 8F 45 00 00 00 00 00 00 30 44 00 00 00 00 00 00 00 00 00 00 00 00 00 00 00 00 00 00 F0 44
00 00 00 00 00 00 00 00 00 00 00 00 00 00 00 00 00 00 BD 44 00 00 00 00 00 00 10 44 00 00 00 00
00 00 00 00 00 00 0C 45 00 00 00 00 00 00 0C 44 00 00 00 00 00 00 00 00 00 00 D8 44 00 00 00 00
00 00 00 00 00 00 00 00 00 00 00 00 00 00 A0 44 00 00 00 00 00 00 8C 44 00 00 00 00 00 00 00 00
00 00 D8 44 00 00 00 00 00 00 00 00 00 00 00 00 00 00 00 00 00 00 F0 44 00 00 00 00 00 00 8C 44
00 00 00 00 00 00 00 00 00 00 0C 45 00 00 00 00 00 00 34 44 00 00 00 00 00 00 00 00 00 00 20 45
00 00 00 00 00 00 8C 44 00 00 00 00 00 00 00 00 00 00 0C 45 00 00 00 00 00 00 A0 44 00 00 00 00
00 00 00 00 00 00 07 45 00 00 00 00 00 00 8C 44 00 00 00 00 00 00 00 00 00 00 F0 44 00 00 00 00
00 00 A0 44 00 00 00 00 00 00 00 00 00 00 30 45 00 00 00 00 00 00 C6 44 00 00 00 00 00 00 00 00
00 80 14 45 00 00 00 00 00 00 04 45 00 00 00 00 00 00 00 00 00 00 22 45 00 00 00 00 00 00 34 45
00 00 00 00 00 00 00 00 00 00 F2 44 00 00 00 00 00 80 14 45 00 00 00 00 00 00 00 00 00 00 04 45
00 00 00 00 00 00 40 45 00 00 00 00 00 00 00 00 00 00 43 45 00 00 00 00 00 00 50 45 00 00 00 00
00 00 00 00 00 80 2F 45 00 00 00 00 00 80 88 45 00 00 00 00 00 00 00 00 00 00 82 45 00 00 00 00
00 00 43 45 00 00 00 00 00 00 00 00 00 00 10 45 00 00 00 00 00 00 10 45 00 00 00 00 00 00 00 00
00 00 43 45 00 00 00 00 00 00 1C 45 00 00 00 00 00 00 00 00 00 00 B4 44 00 00 00 00 00 00 D2 44
00 00 00 00 00 00 00 00 00 00 BD 44 00 00 00 00 00 00 7C 44 00 00 00 00 00 00 00 00 00 00 C0 44
00 00 80 43 00 00 00 00 00 00 48 44 00 00 00 00 00 00 00 00 00 00 00 00 00 00 60 44 00 00 00 00
00 00 00 00 00 00 A8 44 00 00 00 00 00 00 00 00 00 00 00 00 00 00 00 00 00 00 90 44 00 00 00 00
00 00 E0 43 00 00 00 00 00 00 00 00 00 00 BD 44 00 00 00 00 00 00 10 44 00 00 00 00 00 00 00 00
00 00 BD 44 00 00 00 00 00 00 10 44 00 00 00 00 00 00 00 00 00 00 D2 44 00 00 00 00 00 00 8C 44
00 00 00 00 00 00 00 00 00 00 A2 44 00 00 00 00 00 00 90 44 00 00 00 00 00 00 00 00 00 00 B4 44
00 00 00 00 00 00 B4 44 00 00 00 00 00 00 00 00 00 00 A2 44 00 00 00 00 00 00 7C 44 00 00 00 00
00 00 00 00 00 00 90 44 00 00 00 00 00 00 58 44 00 00 00 00 00 00 00 00 00 00 40 44 00 00 00 00
00 00 60 44 00 00 00 00 00 00 00 00 00 00 BD 44 00 00 00 00 00 00 58 44 00 00 00 00 00 00 00 00
00 00 A2 44 00 00 00 00 00 00 7C 44 00 00 00 00 00 00 00 00 00 00 90 44 00 00 00 00 00 00 7C 44
00 00 00 00 00 00 00 00 00 00 BD 44 00 00 00 00 00 00 58 44 00 00 00 00 00 00 00 00 00 00 58 44
00 00 00 00 00 00 7C 44 00 00 00 00 00 00 00 00 00 00 7C 44 00 00 00 00 00 00 58 44 00 00 00 00
00 00 00 00 00 00 40 44 00 00 00 00 00 00 40 44 00 00 00 00 00 00 00 00 00 00 7C 44 00 00 00 00
00 00 58 44 00 00 00 00 00 00 00 00 00 00 7C 44 00 00 00 00 00 00 58 44 00 00 00 00 00 00 00 00
00 00 7C 44 00 00 00 00 00 00 58 44 00 00 00 00 00 00 00 00 00 00 7C 44 00 00 00 00 00 00 58 44
00 00 00 00 00 00 00 00 00 00 FC 43 00 00 00 00 00 00 A2 44 00 00 00 00 00 00 00 00 00 00 A2 44
00 00 00 00 00 00 58 44 00 00 00 00 00 00 00 00 00 00 7C 44 00 00 00 00 00 00 58 44 00 00 00 00
00 00 00 00 00 00 10 44 00 00 00 00 00 00 A2 44 00 00 00 00 00 00 00 00 00 00 90 44 00 00 00 00
00 00 58 44 00 00 00 00 00 00 00 00 00 00 FC 43 00 00 00 00 00 00 A2 44 00 00 00 00 00 00 00 00
00 00 FC 43 00 00 00 00 00 00 A2 44 00 00 00 00 00 00 00 00 00 00 58 44 00 00 00 00 00 00 BD 44
00 00 00 00 00 00 00 00 00 00 7C 44 00 00 00 00 00 00 BD 44 00 00 00 00 00 00 00 00 00 00 10 44
00 00 00 00 00 00 D8 44 00 00 00 00 00 00 00 00 00 00 A0 44 00 00 00 00 00 00 D2 44 00 00 00 00
00 00 00 00 00 00 90 44 00 00 00 00 00 00 A2 44 00 00 00 00 00 00 00 00 00 00 90 44 00 00 00 00
00 00 A2 44 00 00 00 00 00 00 00 00 00 00 7C 44 00 00 00 00 00 00 BD 44 00 00 00 00 00 00 00 00
00 00 7C 44 00 00 00 00 00 00 A2 44 00 00 00 00 00 00 00 00 00 00 FC 43 00 00 00 00 00 00 BD 44
00 00 00 00 00 00 00 00 00 00 90 44 00 00 00 00 00 00 A2 44 00 00 00 00 00 00 00 00 00 00 90 44
00 00 00 00 00 00 A2 44 00 00 00 00 00 00 00 00 00 00 10 44 00 00 00 00 00 00 D8 44 00 00 00 00
00 00 00 00 00 00 10 44 00 00 00 00 00 00 A2 44 00 00 00 00 00 00 00 00 00 00 FC 43 00 00 00 00
00 00 A2 44 00 00 00 00 00 00 00 00 00 00 FC 43 00 00 00 00 00 00 D8 44 00 00 00 00 00 00 00 00
00 00 10 44 00 00 00 00 00 00 D8 44 00 00 00 00 00 00 00 00 00 00 7C 44 00 00 00 00 00 00 A2 44
00 00 00 00 00 00 00 00 00 00 FC 43 00 00 00 00 00 00 BD 44 00 00 00 00 00 00 00 00 00 00 10 44
00 00 00 00 00 00 BD 44 00 00 00 00 00 00 0C 44 00 00 00 00 00 00 58 43 00 00 BD 44 00 00 00 00
00 00 00 00 00 00 00 00 00 00 00 00 00 00 D8 44 00 00 00 00 00 00 00 00 00 00 00 00 00 00 00 00
00 00 E1 44 00 00 00 00 00 00 00 00 00 00 00 00 00 00 00 00 00 00 25 45 00 00 00 00 00 00 00 00
00 00 B0 44 00 00 00 00 00 80 09 45 00 00 00 00 00 00 A0 43 00 00 00 00 00 00 0C 44 00 00 D2 44
00 00 00 00 00 00 00 00 00 00 F0 43 00 00 00 00 00 00 F0 44 00 00 00 00 00 00 00 00 00 00 0C 44
00 00 00 00 00 00 16 45 00 00 00 00 00 00 00 00 00 00 10 44 00 00 00 00 00 00 A2 44 00 00 00 00
00 00 00 00 00 00 00 00 00 00 00 00 00 00 A8 44 00 00 00 00 00 00 FC 43 00 00 00 00 00 00 80 43
00 00 A0 44 00 00 00 00 00 00 00 00 00 00 00 00 00 00 00 00 00 00 C0 44 00 00 00 00 00 00 D8 43
00 00 00 00 00 00 A0 43 00 00 C8 44 00 00 00 00 00 00 00 00 00 00 00 00 00 00 00 00 00 00 D8 44
00 00 00 00 00 00 00 00 00 00 00 00 00 00 00 00 00 00 B4 44 00 00 00 00 00 00 00 00 00 00 00 00
00 00 00 00 00 00 A2 44 00 00 00 00 00 00 00 00 00 00 48 44 00 00 00 00 00 00 16 45 00 00 00 00
00 00 00 00 00 00 00 44 00 00 80 42 00 00 00 00 00 00 30 45 00 00 1A 47 00 00 1A 45 00 00 00 00
00 00 00 00 00 00 00 00 00 40 03 47 00 00 00 00 00 80 14 46 00 C0 DE 45 00 00 00 00 00 00 00 00
00 00 0C 45 00 00 00 00 00 00 00 00 00 00 58 44 00 00 C0 43 00 00 28 45 00 00 00 00 00 00 00 00
00 00 00 00 00 00 00 00 00 00 00 00 00 00 00 00 00 00 8C 45 00 00 00 00 00 00 40 43 00 00 00 00
00 00 00 00 00 00 00 00 00 80 94 46 00 80 14 47 00 00 00 00 00 00 C0 42 00 00 40 42 00 00 00 00
00 00 00 00 00 00 00 00 00 00 00 00 00 00 1A 44 00 00 00 00 00 00 8F 45 00 00 00 00 00 00 70 44
00 00 70 44 00 00 00 00 00 00 00 00 00 00 00 00 00 00 00 00 00 00 C0 44 00 00 00 00 00 00 58 44
00 00 00 00 00 00 40 44 00 00 F0 44 00 00 00 00 00 00 B4 43 00 00 00 00 00 00 D8 43 00 00 07 45
00 00 00 00 00 00 00 00 00 00 00 00 00 00 00 00 00 00 C8 44 00 00 00 00 00 00 48 44 00 00 00 00
00 00 58 44 00 00 D8 44 00 00 00 00 00 00 00 00 00 00 00 00 00 00 00 00 00 00 F0 44 00 00 00 00
00 00 84 44 00 00 00 00 00 00 8C 44 00 00 2F 45 00 00 00 00 00 00 00 00 00 00 00 00 00 00 00 00
00 00 07 45 00 00 00 00 00 00 B4 44 00 00 00 00 00 00 BD 44 00 00 FC 44 00 00 00 00 00 00 10 44
00 00 00 00 00 00 8C 44 00 00 2F 45 00 00 00 00 00 00 B4 43 00 00 00 00 00 00 D8 43 00 00 07 45
00 00 00 00 00 00 B4 43 00 00 00 00 00 00 FC 43 00 80 1D 45 00 00 00 00 00 00 5C 44 00 00 00 00
00 00 7C 44 00 00 FC 44 00 00 00 00 00 00 70 44 00 00 00 00 00 00 BD 44 00 80 1D 45 00 00 00 00
00 00 96 44 00 00 00 00 00 00 D8 44 00 00 34 45 00 00 00 00 00 00 F0 44 00 00 00 00 00 00 10 45
00 00 10 45 00 00 00 00 00 00 B0 44 00 00 00 00 00 00 34 45 00 00 61 45 00 00 00 00 00 00 B4 44
00 00 00 00 00 80 14 45 00 00 46 45 00 00 00 00 00 00 20 44 00 00 00 00 00 00 DC 44 00 00 DC 44
00 00 00 00 00 00 90 43 00 00 00 00 00 00 F0 44 00 00 70 45 00 00 00 00 00 00 20 44 00 00 00 00
00 00 C8 44 00 00 48 44 00 00 00 00 00 00 00 00 00 00 00 00 00 00 00 00 00 00 C6 44 00 00 00 00
00 00 00 00 00 00 F0 43 00 00 00 00 00 00 F0 44 00 00 00 00 00 00 80 43 00 00 00 00 00 00 B4 43
00 00 E1 44 00 00 00 00 00 00 20 44 00 00 00 00 00 00 E0 43 00 00 C4 44 00 00 00 00 00 00 1A 45
00 00 00 00 00 00 70 44 00 00 70 44 00 00 00 00 00 00 80 43 00 00 00 00 00 00 80 43 00 00 C0 44
00 00 00 00 00 00 B4 44 00 00 00 00 00 00 52 44 00 00 8C 44 00 00 00 00 00 00 00 44 00 00 00 00
00 00 40 44 00 00 F0 44 00 00 00 00 00 00 34 44 00 00 00 00 00 00 0C 44 00 00 8C 44 00 00 00 00
00 00 58 44 00 00 00 00 00 00 A8 44 00 00 A8 44 00 00 00 00 00 00 40 43 00 00 00 00 00 00 A0 43
00 00 A0 44 00 00 00 00 00 00 58 44 00 00 00 00 00 00 90 44 00 00 C0 44 00 00 00 00 00 00 60 43
00 00 00 00 00 00 C0 43 00 00 F0 44 00 00 00 00 00 00 34 44 00 00 00 00 00 00 40 44 00 00 C0 44
00 00 00 00 00 00 60 43 00 00 00 00 00 00 C0 43 00 00 C0 44 00 00 00 00 00 00 58 44 00 00 00 00
00 00 90 44 00 00 C0 44 00 00 00 00 00 00 00 44 00 00 00 00 00 00 60 44 00 00 E0 44 00 00 00 00
00 00 10 44 00 00 00 00 00 00 60 44 00 00 E0 44 00 00 00 00 00 00 10 44 00 00 00 00 00 00 60 44
00 00 A8 44 00 00 00 00 00 00 C0 43 00 00 00 00 00 00 28 44 00 00 7C 44 00 00 00 00 00 00 10 44
00 00 00 00 00 00 93 44 00 00 93 44 00 00 00 00 00 00 C0 43 00 00 00 00 00 00 40 44 00 00 C0 44
00 00 00 00 00 00 40 44 00 00 00 00 00 00 93 44 00 00 93 44 00 00 00 00 00 00 C0 43 00 00 00 00
00 00 40 44 00 00 C0 44 00 00 00 00 00 00 58 44 00 00 00 00 00 00 A8 44 00 00 A8 44 00 00 00 00
00 00 10 44 00 00 00 00 00 00 93 44 00 00 93 44 00 00 00 00 00 00 10 44 00 00 00 00 00 00 93 44
00 00 93 44 00 00 00 00 00 00 C0 43 00 00 00 00 00 00 40 44 00 00 C0 44 00 00 00 00 00 00 00 44
00 00 00 00 00 00 60 44 00 00 E0 44 00 00 00 00 00 00 10 44 00 00 00 00 00 00 28 44 00 00 7C 44
00 00 00 00 00 00 C0 43 00 00 00 00 00 00 40 44 00 00 C0 44 00 00 00 00 00 00 40 44 00 00 00 00
00 00 93 44 00 00 93 44 00 00 00 00 00 00 10 44 00 00 00 00 00 00 93 44 00 00 93 44 00 00 00 00
00 00 10 44 00 00 00 00 00 00 93 44 00 00 93 44 00 00 00 00 00 00 10 44 00 00 00 00 00 00 93 44
00 00 93 44 00 00 00 00 00 00 10 44 00 00 00 00 00 00 A8 44 00 00 E0 44 00 00 00 00 00 00 40 44
00 00 00 00 00 00 93 44 00 00 93 44 00 00 00 00 00 00 10 44 00 00 00 00 00 00 58 44 00 00 58 44
00 00 00 00 00 00 10 44 00 00 00 00 00 00 93 44 00 00 93 44 00 00 00 00 00 00 C0 43 00 00 00 00
00 00 60 44 00 00 A8 44 00 00 00 00 00 00 10 44 00 00 00 00 00 00 93 44 00 00 93 44 00 00 00 00
00 00 10 44 00 00 00 00 00 00 93 44 00 00 93 44 00 00 00 00 00 00 10 44 00 00 00 00 00 00 93 44
00 00 93 44 00 00 00 00 00 00 10 44 00 00 00 00 00 00 93 44 00 00 93 44 00 00 00 00 00 00 10 44
00 00 00 00 00 00 93 44 00 00 93 44 00 00 00 00 00 00 10 44 00 00 00 00 00 00 93 44 00 00 93 44
00 00 00 00 00 00 10 44 00 00 00 00 00 00 93 44 00 00 44 44 00 00 00 00 00 00 00 44 00 00 00 00
00 00 C4 44 00 00 93 44 00 00 00 00 00 00 10 44 00 00 00 00 00 00 93 44 00 00 93 44 00 00 00 00
00 00 10 44 00 00 00 00 00 00 93 44 00 00 93 44 00 00 00 00 00 00 40 44 00 00 00 00 00 00 E0 44
00 00 A8 44 00 00 00 00 00 00 10 44 00 00 00 00 00 00 93 44 00 00 C4 44 00 00 00 00 00 00 C8 44
00 00 00 00 00 00 D2 44 00 00 7C 44 00 00 00 00 00 00 87 44 00 00 00 00 00 00 F0 44 00 00 90 44
00 00 00 00 00 00 96 44 00 00 00 00 00 80 1D 45 00 00 7C 44 00 00 00 00 00 00 34 44 00 00 00 00
00 80 1D 45 00 00 FC 43 00 00 00 00 00 00 80 43 00 00 00 00 00 00 20 45 00 00 20 44 00 00 00 00
00 00 90 43 00 00 00 00 00 00 20 45 00 00 00 00 00 00 F0 43 00 00 00 00 00 00 00 00 00 00 F0 44
00 00 20 44 00 00 00 00 00 00 40 43 00 00 00 00 00 00 A8 44 00 00 60 44 00 00 00 00 00 00 00 44
00 00 00 00 00 00 C0 44 00 00 40 44 00 00 00 00 00 00 34 44 00 00 00 00 00 00 D2 44 00 00 7C 44
00 00 00 00 00 00 87 44 00 00 00 00 00 00 AF 44 00 00 0C 44 00 00 00 00 00 00 C0 43 00 00 00 00
00 00 A8 44 00 00 A8 44 00 00 00 00 00 00 87 44 00 00 00 00 00 00 C8 44 00 00 A0 43 00 00 00 00
00 00 A0 43 00 00 00 00 00 00 F0 44 00 00 40 44 00 00 00 00 00 00 00 44 00 00 00 00 00 00 C0 44
00 00 40 44 00 00 00 00 00 00 34 44 00 00 00 00 00 00 07 45 00 00 00 00 00 00 00 00 00 00 00 00
00 00 00 00 00 00 00 44 00 00 00 44 00 00 00 00 00 00 10 43 00 00 00 00 00 00 34 44 00 00 16 45
00 00 00 00 00 00 E1 46 00 00 87 46 00 00 00 00 00 00 00 00 00 00 00 00 00 50 D3 46 00 00 00 00
00 00 7C 45 00 00 C0 43 00 00 00 00 00 00 10 45 00 00 00 00 00 90 99 46 00 00 00 00 00 00 3D 45
00 00 90 43 00 00 00 44 00 00 00 00 00 00 00 00 00 00 00 00 00 00 00 00 00 00 00 00 00 00 00 00
00 00 00 00 00 00 00 00 00 00 00 00 00 00 00 00 00 00 00 00 00 00 00 00 00 00 0F 45 00 E0 20 47
00 80 14 46 00 00 00 00 00 00 00 00 00 00 00 00 00 00 A0 44 00 00 00 00 00 00 48 44 00 00 8C 44
00 00 00 00 00 80 DC 45 00 00 00 00 00 00 BD 44 00 00 28 43 00 00 00 00 00 00 60 43 00 00 00 00
00 00 E0 44 00 00 A8 44 00 00 00 00 00 00 A2 44 00 00 00 00 00 00 07 45 00 00 B4 43 00 00 00 00
00 00 B4 43 00 00 00 00 00 00 07 45 00 00 D8 43 00 00 00 00 00 00 A0 43 00 00 00 00 00 00 E1 44
00 00 B4 43 00 00 00 00 00 00 0C 44 00 00 00 00 00 00 52 45 00 00 00 00 00 00 00 00 00 00 00 00
00 00 00 00 00 00 C0 44 00 00 40 44 00 00 00 00 00 00 8C 44 00 00 00 00 00 00 52 45 00 00 00 00
00 00 00 00 00 00 00 00 00 00 00 00 00 00 F0 44 00 00 40 44 00 00 00 00 00 00 58 44 00 00 00 00
00 00 16 45 00 00 00 00 00 00 20 44 00 00 00 00 00 00 00 00 00 00 07 45 00 00 00 00 00 00 00 00
00 00 00 00 00 00 00 00 00 80 1D 45 00 00 00 00 00 00 00 00 00 00 00 00 00 00 00 00 00 00 16 45
00 00 00 00 00 00 00 00 00 00 00 00 00 00 00 00 00 00 67 45 00 00 00 00 00 00 00 00 00 00 00 00
00 00 00 00 00 00 2F 45 00 00 00 00 00 00 34 44 00 00 00 00 00 00 00 00 00 00 52 45 00 00 F0 43
00 00 00 00 00 00 46 44 00 00 00 00 00 80 77 45 00 00 00 00 00 00 5C 44 00 00 00 00 00 00 00 00
00 00 87 45 00 00 00 00 00 00 70 44 00 00 00 00 00 00 00 00 00 00 70 45 00 00 00 00 00 00 D8 44
00 00 00 00 00 00 00 00 00 00 9C 45 00 00 00 00 00 00 1C 45 00 00 00 00 00 00 00 00 00 80 AB 45
00 00 00 00 00 00 3D 45 00 00 00 00 00 00 00 00 00 00 70 45 00 00 00 00 00 00 10 45 00 00 00 00
00 00 00 00 00 00 70 45 00 00 00 00 00 00 90 44 00 00 00 00 00 00 00 00 00 00 F0 44 00 00 00 00
00 00 0C 44 00 00 00 00 00 00 00 00 00 00 D8 44 00 00 00 00 00 00 00 00 00 00 00 00 00 00 00 00
00 00 8C 44 00 00 0C 44 00 00 00 00 00 00 C6 44 00 00 00 00 00 00 BD 44 00 00 28 43 00 00 00 00
00 00 8C 43 00 00 00 00 00 00 8C 44 00 00 E0 43 00 00 00 00 00 00 7C 44 00 00 00 00 00 00 93 44
00 00 28 43 00 00 00 00 00 00 A8 43 00 00 00 00 00 00 D8 44 00 00 90 43 00 00 00 00 00 00 A0 43
00 00 00 00 00 00 A0 44 00 00 00 00 00 00 00 00 00 00 00 00 00 00 00 00 00 00 07 45 00 00 00 00
00 00 00 00 00 00 00 00 00 00 00 00 00 00 C8 44 00 00 A0 43 00 00 00 00 00 00 10 44 00 00 00 00
00 00 10 45 00 00 00 00 00 00 D8 43 00 00 00 00 00 00 00 00 00 00 E1 44 00 00 B4 43 00 00 00 00
00 00 C0 43 00 00 00 00 00 00 D8 44 00 00 00 00 00 00 00 00 00 00 00 00 00 00 00 00 00 00 E1 44
00 00 00 00 00 00 00 00 00 00 00 00 00 00 00 00 00 00 D8 44 00 00 00 00 00 00 10 44 00 00 00 00
00 00 00 00 00 00 07 45 00 00 00 00 00 00 00 00 00 00 00 00 00 00 00 00 00 00 FC 44 00 00 00 00
00 00 00 00 00 00 00 00 00 00 00 00 00 00 F0 44 00 00 00 00 00 00 20 44 00 00 00 00 00 00 00 00
00 00 D8 44 00 00 00 00 00 00 10 44 00 00 00 00 00 00 00 00 00 00 FC 44 00 00 00 00 00 00 00 00
00 00 00 00 00 00 00 00 00 00 E1 44 00 00 00 00 00 00 00 00 00 00 00 00 00 00 00 00 00 00 D8 44
00 00 00 00 00 00 10 44 00 00 00 00 00 00 00 00 00 00 C0 44 00 00 00 00 00 00 00 00 00 00 00 00
00 00 00 00 00 00 D8 44 00 00 00 00 00 00 FC 43 00 00 00 00 00 00 00 00 00 00 07 45 00 00 00 00
00 00 00 00 00 00 00 00 00 00 00 00 00 00 07 45 00 00 00 00 00 00 00 00 00 00 00 00 00 00 00 00
00 00 D8 44 00 00 00 00 00 00 FC 43 00 00 00 00 00 00 00 00 00 00 A2 44 00 00 00 00 00 00 10 44
00 00 00 00 00 00 00 00 00 00 BD 44 00 00 00 00 00 00 FC 43 00 00 00 00 00 00 00 00 00 00 A2 44
00 00 00 00 00 00 7C 44 00 00 00 00 00 00 00 00 00 00 D8 44 00 00 00 00 00 00 FC 43 00 00 00 00
00 00 00 00 00 00 A2 44 00 00 00 00 00 00 10 44 00 00 00 00 00 00 00 00 00 00 BD 44 00 00 00 00
00 00 7C 44 00 00 00 00 00 00 00 00 00 00 BD 44 00 00 00 00 00 00 FC 43 00 00 00 00 00 00 00 00
00 00 A2 44 00 00 00 00 00 00 FC 43 00 00 00 00 00 00 00 00 00 00 A2 44 00 00 00 00 00 00 7C 44
00 00 00 00 00 00 00 00 00 00 D8 44 00 00 00 00 00 00 FC 43 00 00 00 00 00 00 00 00 00 00 A2 44
00 00 00 00 00 00 FC 43 00 00 00 00 00 00 00 00 00 00 90 44 00 00 00 00 00 00 E0 43 00 00 00 00
00 00 00 00 00 00 FC 44 00 00 00 00 00 00 FC 43 00 00 00 00 00 00 00 00 00 00 FC 44 00 00 00 00
00 00 FC 43 00 00 00 00 00 00 00 00 00 00 BD 44 00 00 00 00 00 00 58 44 00 00 00 00 00 00 00 00
00 00 A2 44 00 00 00 00 00 00 7C 44 00 00 00 00 00 00 00 00 00 00 FC 44 00 00 00 00 00 00 FC 43
00 00 00 00 00 00 00 00 00 00 90 44 00 00 00 00 00 00 7C 44 00 00 00 00 00 00 00 00 00 00 BD 44
00 00 00 00 00 00 FC 43 00 00 00 00 00 00 00 00 00 00 F0 44 00 00 00 00 00 00 0C 44 00 00 00 00
00 00 00 00 00 00 A2 44 00 00 00 00 00 00 FC 43 00 00 00 00 00 00 00 00 00 00 A2 44 00 00 00 00
00 00 FC 43 00 00 00 00 00 00 00 00 00 00 A2 44 00 00 00 00 00 00 FC 43 00 00 00 00 00 00 00 00
00 00 7C 44 00 00 00 00 00 00 10 44 00 00 00 00 00 00 00 00 00 00 00 44 00 00 00 00 00 00 80 44
00 00 00 00 00 00 00 00 00 00 B4 44 00 00 00 00 00 00 F0 44 00 00 00 00 00 00 00 00 00 00 B4 44
00 00 00 00 00 00 D2 44 00 00 00 00 00 00 00 00 00 00 A0 44 00 00 00 00 00 00 C8 44 00 00 00 00
00 00 00 00 00 00 E7 44 00 00 00 00 00 00 E7 44 00 00 00 00 00 00 00 00 00 00 B0 44 00 00 00 00
00 80 09 45 00 00 00 00 00 00 00 00 00 00 10 45 00 00 00 00 00 00 10 45 00 00 00 00 00 00 00 00
00 00 B4 44 00 00 00 00 00 00 D2 44 00 00 00 00 00 00 00 00 00 00 BD 44 00 00 00 00 00 00 7C 44
00 00 00 00 00 00 00 00 00 00 60 44 00 00 00 00 00 00 00 44 00 00 00 00 00 00 00 00 00 00 10 44
00 00 00 00 00 00 BD 44 00 00 00 00 00 00 00 00 00 00 90 44 00 00 00 00 00 00 90 44 00 00 00 00
00 00 00 00 00 00 80 44 00 00 00 00 00 00 90 44 00 00 00 00 00 00 00 00 00 00 BD 44 00 00 00 00
00 00 7C 44 00 00 00 00 00 00 00 00 00 00 7C 44 00 00 00 00 00 00 BD 44 00 00 00 00 00 00 00 00
00 00 A0 44 00 00 00 00 00 00 96 44 00 00 00 00 00 00 00 00 00 00 A0 44 00 00 00 00 00 00 B4 44
00 00 00 00 00 00 00 00 00 00 52 44 00 00 FC 43 00 00 00 00 00 00 E4 45 00 00 BE 46 00 00 00 00
00 00 00 00 00 00 00 00 00 00 CC 45 00 00 CC 46 00 00 00 00 00 00 5C 45 00 80 C0 45 00 00 00 00
00 00 00 00 00 00 FF 45 00 00 00 00 00 00 00 00 00 00 00 00 00 00 00 00 00 40 9B 45 00 00 00 00
00 00 00 00 00 00 00 00 00 00 00 00 00 00 00 00 00 00 00 00 00 00 BD 45 00 00 00 00 00 00 00 00
00 00 70 43 00 00 A8 43 00 00 00 00 00 90 AE 46 00 60 F9 46 00 00 00 00 00 00 00 00 00 00 00 00
00 00 00 00 00 00 00 00 00 00 10 44 00 00 40 43 00 00 00 00 00 00 1C 45 00 00 1C 45 00 00 00 00
00 00 A8 43 00 00 52 44 00 00 00 00 00 00 00 00 00 00 E0 43 00 00 00 00 00 00 60 44 00 00 00 00
00 00 00 00 00 00 00 00 00 00 00 00 00 00 A2 44 00 00 00 00 00 00 00 00 00 00 FC 43 00 00 00 00
00 00 D8 44 00 00 00 00 00 00 00 00 00 00 10 44 00 00 00 00 00 00 D8 44 00 00 00 00 00 00 00 00
00 00 34 44 00 00 00 00 00 00 F0 44 00 00 00 00 00 00 00 00 00 00 7C 44 00 00 00 00 00 00 BD 44
00 00 00 00 00 00 0C 44 00 00 00 00 00 00 C8 43 00 00 16 45 00 00 00 00 00 00 00 00 00 00 10 44
00 00 00 00 00 00 FC 44 00 00 00 00 00 00 00 00 00 00 34 44 00 00 00 00 00 00 16 45 00 00 00 00
00 00 00 00 00 00 10 44 00 00 00 00 00 00 D8 44 00 00 00 00 00 00 00 00 00 00 00 00 00 00 00 00
00 00 34 45 00 00 00 00 00 00 00 00 00 00 00 00 00 00 00 00 00 00 34 45 00 00 00 00 00 00 00 00
00 00 00 00 00 00 00 00 00 00 16 45 00 00 00 00 00 00 F0 43 00 00 00 00 00 00 F0 43 00 00 16 45
00 00 00 00 00 00 00 00 00 00 00 00 00 00 00 00 00 80 40 45 00 00 00 00 00 00 A8 44 00 00 00 00
00 00 9A 44 00 00 67 45 00 00 00 00 00 00 84 44 00 00 00 00 00 00 8C 44 00 00 52 45 00 00 00 00
00 00 04 44 00 00 00 00 00 00 40 44 00 00 90 45 00 00 00 00 00 00 90 44 00 00 00 00 00 00 D8 44
00 00 58 45 00 00 00 00 00 00 00 00 00 00 6A 44 00 00 00 00 00 00 82 45 00 00 00 00 00 00 00 00
00 00 00 00 00 00 00 00 00 00 10 45 00 00 00 00 00 00 00 00 00 00 B6 44 00 00 00 00 00 00 50 45
00 00 00 00 00 00 00 00 00 00 58 44 00 00 00 00 00 00 B4 44 00 00 00 00 00 00 00 00 00 00 00 00
00 00 00 00 00 00 D8 44 00 00 00 00 00 00 00 00 00 00 00 00 00 00 00 00 00 00 C0 44 00 00 00 00
00 00 04 45 00 00 00 00 00 00 28 44 00 00 A8 44 00 00 00 00 00 00 00 00 00 00 10 44 00 00 00 00
00 00 D8 44 00 00 00 00 00 00 20 44 00 00 00 00 00 00 80 43 00 00 C0 44 00 00 00 00 00 00 00 00
00 00 00 00 00 00 00 00 00 00 C0 44 00 00 00 00 00 00 00 00 00 00 00 00 00 00 00 00 00 00 90 44
00 00 00 00 00 00 C0 43 00 00 00 00 00 00 B4 43 00 00 E1 44 00 00 00 00 00 00 00 00 00 00 00 00
00 00 00 00 00 00 D8 44 00 00 00 00 00 00 00 00 00 00 00 00 00 00 00 00 00 00 E1 44 00 00 00 00
00 00 00 00 00 00 FC 43 00 00 00 00 00 00 D8 44 00 00 00 00 00 00 D8 43 00 00 00 00 00 00 A0 43
00 00 A0 44 00 00 00 00 00 00 00 00 00 00 00 00 00 00 00 00 00 00 C0 44 00 00 00 00 00 00 00 00
00 00 00 00 00 00 00 00 00 00 A0 44 00 00 00 00 00 00 00 00 00 00 00 00 00 00 00 00 00 00 B4 44
00 00 00 00 00 00 00 00 00 00 00 00 00 00 00 00 00 00 07 45 00 00 00 00 00 00 00 00 00 00 00 00
00 00 00 00 00 00 E1 44 00 00 00 00 00 00 20 44 00 00 00 00 00 00 20 44 00 00 C8 44 00 00 00 00
00 00 A0 43 00 00 00 00 00 00 B4 43 00 00 E1 44 00 00 00 00 00 00 00 00 00 00 00 00 00 00 00 00
00 00 A0 44 00 00 00 00 00 00 A0 43 00 00 00 00 00 00 D8 43 00 00 D8 44 00 00 00 00 00 00 80 43
00 00 00 00 00 00 B4 43 00 00 07 45 00 00 00 00 00 00 00 00 00 00 00 00 00 00 00 00 00 00 C8 44
00 00 00 00 00 00 00 00 00 00 00 00 00 00 00 00 00 00 C8 44 00 00 00 00 00 00 B4 43 00 00 00 00
00 00 B4 43 00 00 E1 44 00 00 00 00 00 00 20 44 00 00 00 00 00 00 40 44 00 00 F0 44 00 00 00 00
00 00 A0 43 00 00 00 00 00 00 C0 43 00 00 C0 44 00 00 00 00 00 00 00 00 00 00 00 00 00 00 00 00
00 00 A0 44 00 00 00 00 00 00 80 43 00 00 00 00 00 00 B4 43 00 00 07 45 00 00 00 00 00 00 D8 43
00 00 00 00 00 00 B4 43 00 00 E1 44 00 00 00 00 00 00 A0 43 00 00 00 00 00 00 B4 43 00 00 E1 44
00 00 00 00 00 00 A0 43 00 00 00 00 00 00 A0 43 00 00 A0 44 00 00 00 00 00 00 80 43 00 00 00 00
00 00 B4 43 00 00 E1 44 00 00 00 00 00 00 8C 43 00 00 00 00 00 00 C0 43 00 00 F0 44 00 00 00 00
00 00 A0 43 00 00 00 00 00 00 C0 43 00 00 F0 44 00 00 00 00 00 00 34 44 00 00 00 00 00 00 40 44
00 00 C0 44 00 00 00 00 00 00 00 44 00 00 00 00 00 00 40 44 00 00 C0 44 00 00 00 00 00 00 80 43
00 00 00 00 00 00 D8 43 00 00 07 45 00 00 00 00 00 00 B4 43 00 00 00 00 00 00 D8 43 00 00 D8 44
00 00 00 00 00 00 00 44 00 00 00 00 00 00 40 44 00 00 C0 44 00 00 00 00 00 00 00 44 00 00 00 00
00 00 40 44 00 00 F0 44 00 00 00 00 00 00 34 44 00 00 00 00 00 00 40 44 00 00 C0 44 00 00 00 00
00 00 00 44 00 00 00 00 00 00 60 44 00 00 E0 44 00 00 00 00 00 00 80 43 00 00 00 00 00 00 C0 43
00 00 C0 44 00 00 00 00 00 00 00 44 00 00 00 00 00 00 40 44 00 00 C0 44 00 00 00 00 00 00 00 44
00 00 00 00 00 00 40 44 00 00 C0 44 00 00 00 00 00 00 00 44 00 00 00 00 00 00 40 44 00 00 C0 44
00 00 00 00 00 00 40 44 00 00 00 00 00 00 93 44 00 00 C4 44 00 00 00 00 00 00 00 44 00 00 00 00
00 00 44 44 00 00 C4 44 00 00 00 00 00 00 80 43 00 00 00 00 00 00 C0 43 00 00 F0 44 00 00 00 00
00 00 96 44 00 00 00 00 00 00 7C 44 00 00 A8 44 00 00 00 00 00 00 B0 44 00 00 00 00 00 00 C0 44
00 00 C0 44 00 00 00 00 00 00 90 44 00 00 00 00 00 00 E0 44 00 00 A8 44 00 00 00 00 00 00 70 44
00 00 00 00 00 00 10 45 00 00 90 44 00 00 00 00 00 00 80 43 00 00 00 00 00 00 A2 44 00 00 A2 44
00 00 00 00 00 00 D8 43 00 00 00 00 00 00 F3 44 00 00 A2 44 00 00 00 00 00 00 00 00 00 00 00 00
00 00 00 00 00 00 F0 44 00 00 00 00 00 00 C0 43 00 00 00 00 00 00 60 44 00 00 A8 44 00 00 00 00
00 00 C0 43 00 00 00 00 00 00 40 44 00 00 C0 44 00 00 00 00 00 00 40 44 00 00 00 00 00 00 7C 44
00 00 D2 44 00 00 00 00 00 00 C8 44 00 00 00 00 00 00 C4 44 00 00 93 44 00 00 00 00 00 00 C0 43
00 00 00 00 00 00 40 44 00 00 F0 44 00 00 00 00 00 00 87 44 00 00 00 00 00 00 93 44 00 00 93 44
00 00 00 00 00 00 10 44 00 00 00 00 00 00 93 44 00 00 93 44 00 00 00 00 00 00 22 44 00 00 00 00
00 00 7C 44 00 00 7C 44 00 00 00 00 00 00 10 44 00 00 00 00 00 00 93 44 00 00 44 44 00 00 00 00
00 00 00 00 00 00 00 00 00 00 00 00 00 00 7C 44 00 00 00 00 00 00 00 00 00 00 00 00 00 00 00 00
00 00 E7 44 00 00 00 00 00 40 AD 46 00 00 BD 45 00 00 00 00 00 00 00 00 00 00 00 00 00 80 0E 47
00 00 00 00 00 00 BE 45 00 00 20 45 00 00 00 00 00 00 18 46 00 00 00 00 00 00 6A 46 00 00 00 00
00 00 34 45 00 00 A0 43 00 00 90 44 00 00 00 00 00 00 00 00 00 00 00 00 00 00 00 00 00 00 00 00
00 00 00 00 00 80 BB 45 00 00 00 00 00 00 00 00 00 00 48 43 00 00 A0 42 00 00 00 00 00 80 9D 45
00 80 1D 47 00 00 A8 45 00 00 00 00 00 00 00 00 00 00 00 00 00 00 A2 44 00 00 00 00 00 00 D8 43
00 00 A2 44 00 00 00 00 00 00 FC 45 00 00 00 00 00 00 E0 44 00 00 E0 43 00 00 00 00 00 00 60 43
00 00 00 00 00 00 28 44 00 00 D2 44 00 00 00 00 00 00 FA 44 00 00 00 00 00 00 F0 44 00 00 40 44
00 00 00 00 00 00 C0 43 00 00 00 00 00 00 93 44 00 00 93 44 00 00 00 00 00 00 10 44 00 00 00 00
00 00 93 44 00 00 93 44 00 00 00 00 00 00 87 44 00 00 00 00 00 00 F0 44 00 00 C0 43 00 00 00 00
00 00 28 43 00 00 00 00 00 00 93 44 00 00 93 44 00 00 00 00 00 00 96 44 00 00 00 00 00 00 0C 45
00 00 E0 43 00 00 00 00 00 00 80 43 00 00 00 00 00 00 E0 44 00 00 A8 44 00 00 00 00 00 00 96 44
00 00 00 00 00 00 48 45 00 00 A0 44 00 00 00 00 00 00 00 44 00 00 00 00 00 00 FC 44 00 00 7C 44
00 00 00 00 00 00 34 44 00 00 00 00 00 00 F0 44 00 00 C0 43 00 00 00 00 00 00 A0 43 00 00 00 00
00 00 F0 44 00 00 40 44 00 00 00 00 00 00 70 44 00 00 00 00 00 00 52 45 00 00 8C 44 00 00 00 00
00 00 48 44 00 00 00 00 00 80 1D 45 00 00 7C 44 00 00 00 00 00 00 58 44 00 00 00 00 00 00 34 45
00 00 70 44 00 00 00 00 00 00 9A 44 00 00 00 00 00 00 2F 45 00 00 00 00 00 00 00 00 00 00 00 00
00 00 00 00 00 00 9A 45 00 00 1A 44 00 00 00 00 00 00 30 44 00 00 00 00 00 00 A8 45 00 00 00 00
00 00 00 00 00 00 00 00 00 00 00 00 00 00 9C 45 00 00 00 00 00 00 6A 44 00 00 00 00 00 00 00 00
00 40 92 45 00 00 00 00 00 00 00 00 00 00 00 00 00 00 00 00 00 00 52 45 00 00 00 00 00 00 A8 44
00 00 00 00 00 00 00 00 00 00 22 45 00 00 00 00 00 00 00 00 00 00 00 00 00 00 00 00 00 00 BD 44
00 00 00 00 00 00 00 00 00 00 00 00 00 00 00 00 00 00 C0 44 00 00 40 44 00 00 00 00 00 00 A8 43
00 00 00 00 00 00 7C 44 00 00 A8 44 00 00 00 00 00 00 1A 45 00 00 00 00 00 00 C4 44 00 00 E0 43
00 00 00 00 00 00 00 44 00 00 00 00 00 00 A8 44 00 00 A8 44 00 00 00 00 00 00 F0 44 00 00 00 00
00 00 A8 44 00 00 E0 43 00 00 00 00 00 00 34 44 00 00 00 00 00 00 F0 44 00 00 40 44 00 00 00 00
00 00 20 44 00 00 00 00 00 00 C8 44 00 00 20 44 00 00 00 00 00 00 00 44 00 00 00 00 00 00 C0 44
00 00 C0 43 00 00 00 00 00 00 60 43 00 00 00 00 00 00 A8 44 00 00 7C 44 00 00 00 00 00 00 A2 44
00 00 00 00 00 00 07 45 00 00 00 00 00 00 00 00 00 00 00 00 00 00 00 00 00 00 C0 44 00 00 40 44
00 00 00 00 00 00 58 44 00 00 00 00 00 00 07 45 00 00 B4 43 00 00 00 00 00 00 80 43 00 00 00 00
00 00 C0 44 00 00 C0 43 00 00 00 00 00 00 A0 43 00 00 00 00 00 00 F0 44 00 00 C0 43 00 00 00 00
00 00 60 43 00 00 00 00 00 00 C0 44 00 00 40 44 00 00 00 00 00 00 20 44 00 00 00 00 00 00 C8 44
00 00 A0 43 00 00 00 00 00 00 A0 43 00 00 00 00 00 00 F0 44 00 00 40 44 00 00 00 00 00 00 00 44
00 00 00 00 00 00 A0 44 00 00 A0 43 00 00 00 00 00 00 A0 43 00 00 00 00 00 00 E1 44 00 00 00 00
00 00 00 00 00 00 00 00 00 00 00 00 00 00 A0 44 00 00 A0 43 00 00 00 00 00 00 A0 43 00 00 00 00
00 00 E1 44 00 00 00 00 00 00 00 00 00 00 00 00 00 00 00 00 00 00 F0 44 00 00 A0 43 00 00 00 00
00 00 C0 43 00 00 00 00 00 00 F0 44 00 00 A0 43 00 00 00 00 00 00 60 43 00 00 00 00 00 00 C0 44
00 00 C0 43 00 00 00 00 00 00 A0 43 00 00 00 00 00 00 07 45 00 00 D8 43 00 00 00 00 00 00 80 43
00 00 00 00 00 00 C0 44 00 00 C0 43 00 00 00 00 00 00 A0 43 00 00 00 00 00 00 F0 44 00 00 C0 43
00 00 00 00 00 00 C0 43 00 00 00 00 00 00 C0 44 00 00 00 00 00 00 00 00 00 00 00 00 00 00 00 00
00 00 E1 44 00 00 B4 43 00 00 00 00 00 00 D8 43 00 00 00 00 00 00 07 45 00 00 00 00 00 00 00 00
00 00 00 00 00 00 00 00 00 00 C8 44 00 00 A0 43 00 00 00 00 00 00 A0 43 00 00 00 00 00 00 07 45
00 00 00 00 00 00 00 00 00 00 00 00 00 00 00 00 00 00 07 45 00 00 00 00 00 00 00 00 00 00 00 00
00 00 00 00 00 00 C0 44 00 00 80 43 00 00 00 00 00 00 A0 43 00 00 00 00 00 00 E1 44 00 00 00 00
00 00 00 00 00 00 00 00 00 00 00 00 00 00 C8 44 00 00 A0 43 00 00 00 00 00 00 8C 43 00 00 00 00
00 00 E1 44 00 00 00 00 00 00 00 00 00 00 00 00 00 00 00 00 00 00 D8 44 00 00 00 00 00 00 00 00
00 00 00 00 00 00 00 00 00 00 A0 44 00 00 80 43 00 00 00 00 00 00 D8 43 00 00 00 00 00 00 07 45
00 00 00 00 00 00 00 00 00 00 00 00 00 00 00 00 00 00 C0 44 00 00 00 00 00 00 00 00 00 00 00 00
00 00 00 00 00 00 D8 44 00 00 00 00 00 00 00 00 00 00 00 00 00 00 00 00 00 00 D8 44 00 00 00 00
00 00 10 44 00 00 00 00 00 00 00 00 00 00 07 45 00 00 B4 43 00 00 00 00 00 00 A0 43 00 00 00 00
00 00 E1 44 00 00 00 00 00 00 00 00 00 00 00 00 00 00 00 00 00 00 A2 44 00 00 00 00 00 00 10 44
00 00 00 00 00 00 00 00 00 00 D8 44 00 00 00 00 00 00 10 44 00 00 00 00 00 00 00 00 00 00 D8 44
00 00 00 00 00 00 10 44 00 00 00 00 00 00 00 00 00 00 D8 44 00 00 00 00 00 00 10 44 00 00 00 00
00 00 00 00 00 00 BD 44 00 00 00 00 00 00 00 00 00 00 00 00 00 00 00 00 00 00 A8 44 00 00 00 00
00 00 00 00 00 00 00 00 00 00 00 00 00 00 BD 44 00 00 00 00 00 00 10 44 00 00 00 00 00 00 00 00
00 00 F0 44 00 00 00 00 00 00 20 44 00 00 00 00 00 00 00 00 00 00 1A 45 00 00 00 00 00 00 E7 44
00 00 00 00 00 00 00 00 00 80 40 45 00 00 00 00 00 00 9A 44 00 00 00 00 00 00 00 00 00 00 0C 45
00 00 00 00 00 00 96 44 00 00 00 00 00 00 00 00 00 00 FA 44 00 00 00 00 00 00 70 44 00 00 00 00
00 00 00 00 00 00 F0 44 00 00 00 00 00 00 0C 44 00 00 00 00 00 00 00 00 00 00 D8 44 00 00 00 00
00 00 D8 43 00 00 00 00 00 00 00 00 00 00 A2 44 00 00 00 00 00 00 00 00 00 00 00 00 00 00 00 00
00 00 A8 44 00 00 00 00 00 00 00 00 00 00 00 00 00 00 00 00 00 00 A2 44 00 00 00 00 00 00 10 44
00 00 00 00 00 00 00 00 00 00 A8 44 00 00 00 00 00 00 E0 43 00 00 00 00 00 00 00 00 00 00 BD 44
00 00 00 00 00 00 10 44 00 00 00 00 00 00 00 00 00 00 FC 44 00 00 00 00 00 00 FC 43 00 00 00 00
00 00 00 00 00 00 D8 44 00 00 00 00 00 00 58 44 00 00 00 00 00 00 00 00 00 00 25 45 00 00 00 00
00 00 04 44 00 00 00 00 00 00 00 00 00 00 52 44 00 00 8C 44 00 00 00 00 00 00 FF 45 00 00 7F 46
00 00 00 00 00 00 00 00 00 00 00 00 00 00 64 46 00 00 AB 46 00 00 00 00 00 00 00 00 00 00 00 00
00 00 00 00 00 00 00 00 00 80 21 46 00 00 00 00 00 00 51 45 00 00 00 00 00 00 00 00 00 00 B4 45
00 00 00 00 00 00 00 00 00 00 00 00 00 00 00 00 00 00 00 00 00 00 00 00 00 80 89 45 00 00 00 00
00 00 00 00 00 00 40 43 00 00 40 44 00 00 00 00 00 00 B4 46 00 80 CA 46 00 00 00 00 00 00 00 00
00 00 00 00 00 00 80 44 00 00 00 00 00 00 C0 43 00 00 10 43 00 00 00 00 00 80 7D 45 00 00 29 45
00 00 00 00 00 00 A8 43 00 00 52 44 00 00 00 00 00 00 00 00 00 00 B4 44 00 00 00 00 00 00 22 44
00 00 00 00 00 00 00 00 00 00 A2 44 00 00 00 00 00 00 A2 44 00 00 00 00 00 00 00 00 00 00 BD 44
00 00 00 00 00 00 7C 44 00 00 00 00 00 00 00 00 00 00 BD 44 00 00 00 00 00 00 90 44 00 00 00 00
00 00 00 00 00 00 B4 44 00 00 00 00 00 00 B4 44 00 00 00 00 00 00 00 00 00 00 A2 44 00 00 00 00
00 00 90 44 00 00 00 00 00 00 00 00 00 00 B4 44 00 00 00 00 00 00 B4 44 00 00 00 00 00 00 00 00
00 00 8C 44 00 00 00 00 00 00 B4 44 00 00 00 00 00 00 00 00 00 00 22 44 00 00 00 00 00 00 D8 44
00 00 00 00 00 00 00 00 00 00 D2 44 00 00 00 00 00 00 A0 44 00 00 00 00 00 00 00 00 00 00 46 44
00 00 00 00 00 00 1A 45 00 00 00 00 00 00 00 00 00 00 A0 44 00 00 00 00 00 00 F0 44 00 00 00 00
00 00 00 00 00 00 B0 44 00 00 00 00 00 00 30 45 00 00 00 00 00 00 00 00 00 00 34 44 00 00 00 00
00 00 20 45 00 00 00 00 00 00 00 00 00 00 00 00 00 00 00 00 00 00 20 45 00 00 00 00 00 00 00 00
00 00 00 00 00 00 00 00 00 80 40 45 00 00 00 00 00 00 00 00 00 00 70 44 00 00 00 00 00 00 70 45
00 00 00 00 00 00 00 00 00 00 00 00 00 00 00 00 00 00 7C 45 00 00 00 00 00 00 00 00 00 00 00 00
00 00 00 00 00 00 9C 45 00 00 00 00 00 00 00 00 00 80 2F 45 00 00 00 00 00 80 88 45 00 00 00 00
00 00 00 00 00 00 70 44 00 00 00 00 00 00 28 45 00 00 00 00 00 00 00 00 00 00 1C 45 00 00 00 00
00 00 43 45 00 00 00 00 00 00 00 00 00 00 9A 44 00 00 00 00 00 80 09 45 00 00 00 00 00 00 00 00
00 00 FC 43 00 00 00 00 00 00 D8 44 00 00 00 00 00 00 00 00 00 00 BD 44 00 00 00 00 00 00 22 44
00 00 00 00 00 00 34 44 00 00 00 00 00 00 E0 42 00 00 28 44 00 00 00 00 00 00 00 00 00 00 E0 43
00 00 00 00 00 00 10 44 00 00 00 00 00 00 00 00 00 00 00 00 00 00 00 00 00 00 90 44 00 00 00 00
00 00 00 00 00 00 E0 43 00 00 00 00 00 00 40 44 00 00 00 00 00 00 00 00 00 00 00 00 00 00 00 00
00 00 90 44 00 00 00 00 00 00 00 00 00 00 FC 43 00 00 00 00 00 00 D8 44 00 00 00 00 00 00 00 00
00 00 60 44 00 00 00 00 00 00 60 44 00 00 00 00 00 00 00 00 00 00 10 44 00 00 00 00 00 00 B4 44
00 00 00 00 00 00 00 00 00 00 FC 43 00 00 00 00 00 00 BD 44 00 00 00 00 00 00 00 00 00 00 00 00
00 00 00 00 00 00 B4 44 00 00 00 00 00 00 00 00 00 00 FC 43 00 00 00 00 00 00 D8 44 00 00 00 00
00 00 00 00 00 00 10 44 00 00 00 00 00 00 D8 44 00 00 00 00 00 00 00 00 00 00 10 44 00 00 00 00
00 00 B4 44 00 00 00 00 00 00 00 00 00 00 00 00 00 00 00 00 00 00 D8 44 00 00 00 00 00 00 00 00
00 00 10 44 00 00 00 00 00 00 A2 44 00 00 00 00 00 00 00 00 00 00 FC 43 00 00 00 00 00 00 A2 44
00 00 00 00 00 00 00 00 00 00 00 00 00 00 00 00 00 00 07 45 00 00 00 00 00 00 00 00 00 00 7C 44
00 00 00 00 00 00 A2 44 00 00 00 00 00 00 00 00 00 00 00 00 00 00 00 00 00 00 B4 44 00 00 00 00
00 00 00 00 00 00 00 00 00 00 00 00 00 00 C0 44 00 00 00 00 00 00 00 00 00 00 10 44 00 00 00 00
00 00 D8 44 00 00 00 00 00 00 00 00 00 00 10 44 00 00 00 00 00 00 D8 44 00 00 00 00 00 00 00 00
00 00 00 00 00 00 00 00 00 00 E1 44 00 00 00 00 00 00 00 00 00 00 00 00 00 00 00 00 00 00 07 45
00 00 00 00 00 00 00 00 00 00 00 00 00 00 00 00 00 00 D8 44 00 00 00 00 00 00 C0 43 00 00 00 00
00 00 B4 43 00 00 07 45 00 00 00 00 00 00 00 00 00 00 10 44 00 00 00 00 00 00 D8 44 00 00 00 00
00 00 00 00 00 00 10 44 00 00 00 00 00 00 B4 44 00 00 00 00 00 00 00 00 00 00 00 00 00 00 00 00
00 00 B4 44 00 00 00 00 00 00 00 00 00 00 00 00 00 00 00 00 00 00 B4 44 00 00 00 00 00 00 00 00
00 00 00 00 00 00 00 00 00 00 B4 44 00 00 00 00 00 00 00 00 00 00 00 00 00 00 00 00 00 00 B4 44
00 00 00 00 00 00 00 00 00 00 00 00 00 00 00 00 00 00 A0 44 00 00 00 00 00 00 00 00 00 00 00 00
00 00 00 00 00 00 E1 44 00 00 00 00 00 00 00 00 00 00 00 00 00 00 00 00 00 00 C8 44 00 00 00 00
