F4 D6 B6 BA AB BF B8 BA 2F 96 BA BA 8F DD BB BA 5D B0 BC BA FD 15 BD BA D0 C2 BF BA 88 13 00 00
A4 9D CB 26 BB FC 35 26 DC F6 14 25 DF 65 16 21 00 00 00 00 00 00 00 00 00 00 00 00 7C D9 42 21
B0 AB 1E 23 7E 07 28 24 CD 0C 99 24 2E 66 84 24 FF 3F 1F 24 3B 5C B0 23 66 F3 42 23 AD E7 39 23
78 33 C5 23 16 50 82 24 7F 4A 14 24 00 00 00 00 02 CB EF 22 00 00 00 00 00 00 00 00 00 00 00 00
00 00 00 00 00 00 00 00 00 00 00 00 00 00 00 00 00 00 00 00 00 00 00 00 00 00 00 00 00 00 00 00
00 00 00 00 00 00 00 00 00 00 00 00 00 00 00 00 00 00 00 00 00 00 00 00 00 00 00 00 00 00 00 00
00 00 00 00 00 00 00 00 00 00 00 00 00 00 00 00 00 00 00 00 00 00 00 00 00 00 00 00 00 00 00 00
00 00 00 00 00 00 00 00 00 00 00 00 2B DC D4 21 00 00 00 00 A6 40 9C 25 59 69 2B 26 96 B5 3F 26
5C F3 5C 26 7F B2 AB 26 94 59 18 27 49 D8 60 27 63 19 79 27 21 26 68 27 6C E3 57 27 7A 5B 38 27
57 91 DC 26 20 B5 62 26 59 7E 28 26 FA 0B 4F 26 F9 DA 95 26 ED B6 A8 26 DB 59 8B 26 91 C4 2F 26
BF 89 EC 25 5F 06 0E 26 EF D6 9D 26 43 88 32 27 C4 70 3B 27 C4 D0 85 26 C7 A3 5F 25 0F 72 91 24
D2 55 69 24 C5 AA 83 24 32 83 5B 23 00 00 00 00 B3 0E F0 22 00 00 00 00 00 00 00 00 00 00 00 00
00 00 00 00 00 00 00 00 74 35 9D 20 00 00 00 00 1A 86 25 20 CB 5E 17 21 B4 41 80 20 00 00 00 00
76 C6 36 1F D5 69 A1 1E 00 00 00 00 AE FB E7 1F A3 81 A7 21 FD ED A6 22 32 64 9A 23 CF C0 BB 23
09 6C 92 23 40 BE C3 23 57 51 79 24 C0 49 FA 24 B3 97 C8 24 51 99 91 23 00 00 00 00 B4 DB FA 21
00 00 00 00 60 FD 17 21 00 00 00 00 00 00 00 00 1A 03 99 22 00 00 00 00 00 00 00 00 00 00 00 00
00 00 00 00 00 00 00 00 00 00 00 00 00 00 00 00 00 00 00 00 82 47 96 23 00 00 00 00 C7 B2 0E 22
00 00 00 00 0C E5 08 22 59 0F 51 22 00 00 00 00 1F 1F BC 23 BA 9C 93 24 7A 24 30 22 00 00 00 00
7F B7 90 20 55 85 82 21 00 00 00 00 10 2C 98 21 3F 95 E8 20 D0 41 FE 1F 75 7C 19 20 D6 EE FE 20
00 00 00 00 BA BE C5 21 00 00 00 00 00 00 00 00 00 00 00 00 0A 2A 7A 21 00 00 00 00 00 00 00 00
A2 BD 75 22 00 00 00 00 00 00 00 00 00 00 00 00 00 00 00 00 00 00 00 00 00 00 00 00 00 00 00 00
00 00 00 00 00 00 00 00 00 00 00 00 00 00 00 00 00 00 00 00 00 00 00 00 00 00 00 00 00 00 00 00
00 00 00 00 CB AB 9E 21 00 00 00 00 04 4B B7 21 6D 04 F2 22 97 E4 24 23 C0 98 61 23 9B 0D E8 23
AF 5F A9 24 4D 24 6B 25 A9 B4 FA 25 AC 7D 4F 26 78 BC 79 26 55 1B 52 26 31 37 24 26 1B DF 12 26
5F E5 EA 25 DF DC 38 25 F7 AF 0F 24 3E D0 02 23 E1 0A 8D 22 03 43 36 22 00 00 00 00 E0 2D 89 23
00 00 00 00 00 00 00 00 00 00 00 00 00 00 00 00 CB F9 77 24 00 00 00 00 00 00 00 00 FC 71 00 23
00 00 00 00 00 00 00 00 00 00 00 00 B8 4C DA 22 00 00 00 00 AA 80 EA 20 00 00 00 00 59 ED 28 21
00 00 00 00 00 00 00 00 00 00 00 00 17 1A E4 20 00 00 00 00 31 10 98 21 5F A5 1C 21 DB 17 2D 20
0F C0 8C 20 9E 14 9D 21 64 C8 04 22 00 00 00 00 99 F4 C1 22 00 00 00 00 00 00 00 00 00 00 00 00
00 00 00 00 00 00 00 00 00 00 00 00 00 00 00 00 10 F6 22 24 00 00 00 00 35 7A 83 25 E2 09 CB 25
B9 DA 98 25 EF 1A 53 25 1C 5F 30 25 45 4F 34 25 14 C9 44 25 32 FA 47 25 33 A5 3D 25 FA 8B 36 25
65 E8 2C 25 F7 19 FE 24 68 22 29 24 00 00 00 00 38 9C 81 1F 00 00 00 00 00 00 00 00 00 00 00 00
00 00 00 00 00 00 00 00 00 00 00 00 00 00 00 00 00 00 00 00 00 00 00 00 00 00 00 00 00 00 00 00
85 85 18 24 00 00 00 00 22 3A 72 21 00 00 00 00 21 7B 9B 21 00 00 00 00 00 00 00 00 9A C2 AF 21
00 00 00 00 00 00 00 00 04 F9 C0 21 00 00 00 00 00 00 00 00 00 00 00 00 00 00 00 00 00 00 00 00
00 00 00 00 00 00 00 00 00 00 00 00 00 00 00 00 51 20 E7 22 00 00 00 00 A7 2A 72 24 00 00 00 00
76 87 3D 1E 8F 84 8A 1D 00 00 00 00 1A 23 04 24 05 CC 94 25 A9 4B 1A 26 E2 99 A3 25 00 00 00 00
2B F3 BC 23 00 00 00 00 E8 0B ED 23 00 00 00 00 9A 00 85 24 E2 18 58 25 61 FB 07 26 FD 67 B9 26
02 1E 0D 27 22 91 CF 26 E3 3C 76 26 DF B1 57 26 94 E5 9B 26 62 EA ED 26 CF B9 BD 26 AB 46 DC 25
60 40 CF 23 00 00 00 00 F4 BE 35 23 00 00 00 00 00 00 00 00 00 00 00 00 00 00 00 00 00 00 00 00
42 56 40 23 00 00 00 00 91 4A ED 22 00 00 00 00 DC 7F 81 24 00 00 00 00 00 00 00 00 00 00 00 00
00 00 00 00 00 00 00 00 00 00 00 00 00 00 00 00 00 00 00 00 00 00 00 00 00 00 00 00 00 00 00 00
00 00 00 00 00 00 00 00 00 00 00 00 00 00 00 00 00 00 00 00 00 00 00 00 00 00 00 00 00 00 00 00
8E E6 96 22 00 00 00 00 1E B6 F4 22 7D 76 E1 24 4D E6 E1 25 7A 3E 97 26 22 27 1B 27 34 0E 41 27
B5 40 B7 26 6A C6 96 25 F7 5A B3 24 8F 3B 8A 24 22 46 E9 24 30 91 1A 25 81 51 E9 24 F6 FC 9B 24
66 24 A5 24 18 2D EC 24 37 14 20 24 00 00 00 00 7A FC F3 23 00 00 00 00 00 00 00 00 51 B1 F9 21
00 00 00 00 1E EA B3 24 A0 89 22 24 00 00 00 00 B0 28 BC 22 00 00 00 00 00 00 00 00 9F 05 1C 23
00 00 00 00 A7 2F 9A 24 9F 59 0B 25 D5 15 E8 24 59 6E 30 24 00 00 00 00 AC CD A6 22 00 00 00 00
00 00 00 00 00 00 00 00 00 00 00 00 00 00 00 00 00 00 00 00 00 00 00 00 49 EF 53 26 00 00 00 00
56 F6 05 2A 23 32 F5 2A E6 32 7C 2B 7B 94 CD 2B 2B 49 11 2C 20 C7 31 2C 5B 9A 3D 2C 24 69 37 2C
E7 89 21 2C 4A 68 DE 2B 77 D4 13 2B 00 00 00 00 19 57 1A 29 00 00 00 00 00 00 00 00 00 00 00 00
00 00 00 00 00 00 00 00 00 00 00 00 00 00 00 00 00 00 00 00 00 00 00 00 00 00 00 00 00 00 00 00
00 00 00 00 00 00 00 00 B4 7C 6B 28 00 00 00 00 C8 3C 6E 28 FA B5 45 2A E9 F2 DF 2A 13 D0 14 2B
C9 66 18 2B 52 65 06 2B 7F E0 CB 2A E0 84 84 2A EF 89 1E 2A B1 EA BC 29 AA 5B 61 29 99 A8 03 29
E0 D9 A5 28 09 A7 85 28 B2 AC 8C 28 25 6B 9D 28 2B 5D 8E 28 86 65 3F 28 21 41 DC 27 7C 8A 70 27
FF 1D B9 26 9E 93 03 25 50 D3 E7 22 A9 47 8B 22 A9 FE BE 23 19 10 91 25 86 38 D4 25 4F C6 C2 24
00 00 00 00 4E BB 05 24 00 00 00 00 00 00 00 00 9F 5E 0B 23 00 00 00 00 05 44 77 24 D1 FB 02 26
70 46 3F 26 DB 89 ED 25 5E 93 24 25 A2 65 85 23 00 00 00 00 89 BF FB 21 00 00 00 00 4F 75 CC 22
00 00 00 00 18 61 46 25 C8 40 80 25 00 00 00 00 81 22 CD 24 00 00 00 00 00 00 00 00 00 00 00 00
B2 64 80 23 00 00 00 00 DB A7 89 23 46 3A 62 25 40 CC EB 25 24 BE 94 25 00 00 00 00 D8 34 9E 23
00 00 00 00 5C 17 F1 21 00 00 00 00 78 D2 05 21 00 00 00 00 D4 29 BE 21 00 00 00 00 00 00 00 00
00 00 00 00 00 00 00 00 00 00 00 00 00 00 00 00 00 00 00 00 00 00 00 00 00 00 00 00 00 00 00 00
00 00 00 00 B0 68 CD 1F 00 00 00 00 00 00 00 00 04 66 96 21 00 00 00 00 13 89 22 23 00 00 00 00
8E DD 1E 26 B1 3A BB 26 8E A6 B0 26 D8 01 8E 26 85 6C 80 26 D4 F5 5A 26 6D 31 C5 25 A7 B5 EE 23
06 96 70 22 63 7B 55 22 B2 39 BF 23 5A D1 E8 24 A8 8E 22 25 6A 0F 3D 25 A2 B7 48 25 92 17 2A 25
5E F0 33 25 69 29 8E 25 6F 16 F6 25 78 5F F5 25 9E A4 6C 25 9C 14 37 22 00 00 00 00 BE 7B 96 22
00 00 00 00 00 00 00 00 00 00 00 00 00 00 00 00 00 00 00 00 00 00 00 00 00 00 00 00 00 00 00 00
00 00 00 00 00 00 00 00 00 00 00 00 00 00 00 00 00 00 00 00 00 00 00 00 00 00 00 00 00 00 00 00
00 00 00 00 00 00 00 00 00 00 00 00 00 00 00 00 00 00 00 00 00 00 00 00 00 00 00 00 00 00 00 00
00 00 00 00 00 00 00 00 00 00 00 00 65 2B B1 22 00 00 00 00 53 60 9F 24 DF E3 98 26 80 EF 8B 27
DD 22 E7 27 E6 91 F4 27 67 E0 AE 27 FD 34 1D 27 55 5B 89 26 57 85 40 26 5B 92 5E 26 CB 1C 92 26
67 D0 CB 26 0B 93 2F 27 1F D8 9F 27 90 3E D7 27 9D D9 BC 27 DC 55 7B 27 70 CD 34 27 10 8D 32 27
5C 7B 4F 27 43 F1 31 27 63 16 96 26 17 16 C3 24 00 00 00 00 B7 10 26 24 00 00 00 00 00 00 00 00
00 00 00 00 00 00 00 00 00 00 00 00 00 00 00 00 D8 4F 6D 22 00 00 00 00 02 1C BC 25 F5 B1 F3 26
1B 61 F9 26 DB 06 62 26 41 8B 50 25 00 00 00 00 00 00 00 00 00 00 00 00 4E 75 CA 21 00 00 00 00
CF 03 AF 23 00 00 00 00 00 00 00 00 00 00 00 00 00 00 00 00 00 00 00 00 47 15 18 24 00 00 00 00
00 00 00 00 4A CF B4 23 00 00 00 00 00 00 00 00 57 C9 5E 23 00 00 00 00 A3 F6 0C 26 21 6B E6 25
00 00 00 00 5E 48 81 24 00 00 00 00 00 00 00 00 00 00 00 00 B7 4C D9 22 00 00 00 00 06 1C A5 25
B7 8F 21 26 8D 72 F6 25 C4 D9 86 25 68 53 0F 25 C7 6B 3F 24 00 00 00 00 9C EF 35 21 00 00 00 00
00 00 00 00 00 00 00 00 00 00 00 00 00 00 00 00 00 00 00 00 00 00 00 00 00 00 00 00 00 00 00 00
00 00 00 00 2C 6B 1B 21 00 00 00 00 A2 12 A0 22 B1 00 D2 25 C1 9A 74 26 A9 4C 5B 26 AB 2F F5 25
40 EF 43 25 7A 19 0E 24 00 00 00 00 C4 CE 47 23 00 00 00 00 00 00 00 00 00 00 00 00 00 00 00 00
00 00 00 00 00 00 00 00 00 00 00 00 70 A4 20 23 00 00 00 00 37 34 98 24 00 00 00 00 4B D0 60 24
00 00 00 00 00 00 00 00 1D A9 39 22 00 00 00 00 00 00 00 00 A4 46 1B 23 00 00 00 00 00 00 00 00
00 00 00 00 89 09 3C 20 00 00 00 00 CA C9 33 22 AD 41 E3 22 00 00 00 00 BA 49 9A 23 00 00 00 00
00 00 00 00 B8 76 17 22 00 00 00 00 5A 29 B3 20 00 00 00 00 92 DB 21 1F EF A3 EA 1E 00 00 00 00
00 00 00 00 5A B7 D2 20 00 00 00 00 00 00 00 00 E5 A5 3C 21 00 00 00 00 14 E2 1F 20 C3 89 B3 20
B5 7A 2F 21 A2 98 D1 21 C5 48 57 22 52 38 16 23 CD 0F 4F 24 0C 15 C4 25 B5 CC 8B 26 A1 DE EA 25
00 00 00 00 4D 02 F4 23 00 00 00 00 00 00 00 00 00 00 00 00 00 00 00 00 00 00 00 00 00 00 00 00
00 00 00 00 00 00 00 00 00 00 00 00 4C 03 6C 22 00 00 00 00 72 74 59 24 EA 83 9E 25 9B 24 A6 25
F9 4D 5E 25 2A E4 20 25 F8 4D D5 24 EA 0F 2C 24 A2 79 73 23 1D 59 CD 22 00 00 00 00 05 85 14 22
00 00 00 00 00 00 00 00 00 00 00 00 00 00 00 00 00 00 00 00 00 00 00 00 00 00 00 00 CB 11 B7 22
00 00 00 00 A1 1C F3 22 33 2D 0D 24 8E 4A 77 25 B5 D5 46 26 A6 B3 4A 26 CB B3 EA 25 0C 62 6C 25
18 9F EC 24 87 09 34 24 58 CE EB 21 00 00 00 00 98 1F 2C 21 00 00 00 00 00 00 00 00 00 00 00 00
00 00 00 00 00 00 00 00 00 00 00 00 00 00 00 00 00 00 00 00 00 00 00 00 00 00 00 00 00 00 00 00
3D 52 62 23 00 00 00 00 DC EC 5A 24 F4 4D 07 25 00 00 00 00 76 AC A0 21 F5 B7 93 21 00 00 00 00
1D 1E 3C 25 4A A4 95 25 4C 31 CF 24 00 00 00 00 C9 59 53 22 00 00 00 00 00 00 00 00 00 00 00 00
00 00 00 00 00 00 00 00 00 00 00 00 00 00 00 00 4A 42 86 24 00 00 00 00 45 F2 B9 24 18 E7 F9 25
A6 55 2F 26 BD 4E 58 26 6C EB 71 26 00 06 FC 25 00 00 00 00 5C 82 23 25 00 00 00 00 00 00 00 00
00 00 00 00 00 00 00 00 00 00 00 00 00 00 00 00 00 00 00 00 00 00 00 00 DD 6E A9 22 00 00 00 00
C3 E2 76 25 65 D0 80 26 47 29 C3 26 09 36 D0 26 51 84 F2 26 C5 CA 24 27 5A 7B 4C 27 41 7E 41 27
A1 E4 25 27 98 6C 23 27 47 AB 2D 27 9E AB 1C 27 F9 19 01 27 0A 5D DF 26 F7 D7 8C 26 93 28 5B 23
00 00 00 00 B6 C4 94 22 00 00 00 00 00 00 00 00 00 00 00 00 00 00 00 00 00 00 00 00 00 00 00 00
00 00 00 00 00 00 00 00 00 00 00 00 00 00 00 00 00 00 00 00 00 00 00 00 00 00 00 00 00 00 00 00
00 00 00 00 00 00 00 00 00 00 00 00 00 00 00 00 00 00 00 00 00 00 00 00 00 00 00 00 00 00 00 00
00 00 00 00 00 00 00 00 00 00 00 00 00 00 00 00 00 00 00 00 00 00 00 00 00 00 00 00 97 B3 1B 23
00 00 00 00 36 C4 DF 21 A0 BE F6 21 4B D9 38 21 84 0C 21 21 76 C4 0A 22 A6 22 00 23 B0 01 17 24
F2 8E 6C 25 B2 A6 3F 26 71 C4 8B 26 22 EA 77 26 C3 C1 1E 26 46 93 98 25 53 E6 FC 24 83 3C 84 24
99 F4 89 24 CC D4 2C 25 30 EB 2E 26 D1 2A 10 27 45 36 5F 27 78 1F 0E 27 99 86 25 26 24 47 29 25
50 AB BD 24 B6 3C F2 24 59 7F 2D 25 06 AD 56 24 00 00 00 00 8B A5 81 24 00 00 00 00 00 00 00 00
00 00 00 00 00 00 00 00 00 00 00 00 00 00 00 00 00 00 00 00 00 00 00 00 00 00 00 00 00 00 00 00
27 88 D9 26 00 00 00 00 74 73 C9 27 46 E8 29 2A C3 D0 01 2B 3D 74 7F 2B 2E D9 CA 2B 36 02 09 2C
2E FC 20 2C EE 6F 28 2C 27 73 21 2C 00 0C 0E 2C CB B9 C9 2B F7 79 14 2B 00 00 00 00 7E A8 E0 28
00 00 00 00 00 00 00 00 00 00 00 00 00 00 00 00 00 00 00 00 00 00 00 00 00 00 00 00 00 00 00 00
00 00 00 00 00 00 00 00 00 00 00 00 00 00 00 00 00 00 00 00 02 C7 01 29 00 00 00 00 BD 17 58 29
0D 37 84 2A A1 E0 00 2B A2 E0 2A 2B CB 92 30 2B 92 07 1C 2B CE 15 F5 2A 28 B9 A5 2A 72 23 35 2A
C1 38 A0 29 77 28 07 29 DB 24 91 28 8B 12 5E 28 1E A0 43 28 F3 77 1B 28 A5 61 EB 27 C4 99 B7 27
21 64 7C 27 94 65 01 27 44 69 6C 26 C8 88 F0 25 D2 97 A3 25 19 EA B9 25 C1 3E 26 26 C0 C8 93 26
98 BE A2 26 5E E6 86 26 3C 08 40 26 A1 BD 87 25 00 00 00 00 25 5C 28 23 00 00 00 00 00 00 00 00
CB B9 8D 22 00 00 00 00 37 6C 58 24 00 00 00 00 F9 E9 58 24 00 00 00 00 00 00 00 00 00 00 00 00
00 00 00 00 00 00 00 00 00 00 00 00 00 00 00 00 93 6B 0A 21 00 00 00 00 BB E1 8C 24 F3 E6 CC 24
4E 58 E6 24 E0 83 69 25 2E 2D 46 26 F4 15 05 27 90 E3 35 27 D4 0E 1D 27 F0 CE CB 26 02 64 F4 25
00 00 00 00 BF F4 B4 24 00 00 00 00 00 00 00 00 00 00 00 00 00 00 00 00 00 00 00 00 56 E6 0A 23
00 00 00 00 88 28 BF 24 B5 BC 8E 25 4D B6 2C 26 DC B4 54 26 00 00 00 00 7F EF 84 24 00 00 00 00
00 00 00 00 C0 B1 9A 22 00 00 00 00 5A 5E 06 25 C3 F5 02 25 95 10 47 24 00 00 00 00 C9 68 3C 23
00 00 00 00 00 00 00 00 5F 95 BC 22 00 00 00 00 C1 7F 50 24 CF 4C 84 25 9C F2 CE 25 21 13 C0 25
4E 0C 9D 25 D5 FA 8E 25 DD 3C A9 25 8C 2E F1 25 40 52 29 26 29 13 52 26 19 DF 81 26 D4 27 98 26
6F 47 41 26 34 75 63 24 00 00 00 00 9A F5 23 23 00 00 00 00 00 00 00 00 00 00 00 00 00 00 00 00
00 00 00 00 00 00 00 00 00 00 00 00 00 00 00 00 00 00 00 00 00 00 00 00 00 00 00 00 00 00 00 00
00 00 00 00 00 00 00 00 00 00 00 00 00 00 00 00 00 00 00 00 00 00 00 00 00 00 00 00 00 00 00 00
00 00 00 00 00 00 00 00 00 00 00 00 00 00 00 00 00 00 00 00 00 00 00 00 00 00 00 00 00 00 00 00
00 00 00 00 00 00 00 00 00 00 00 00 00 00 00 00 00 00 00 00 00 00 00 00 B7 80 D0 21 00 00 00 00
9E 02 11 24 9D 69 A2 25 12 AE 86 26 8B B8 0A 27 11 5A 45 27 8A C3 71 27 B8 46 98 27 BD 0A B9 27
A6 D6 B2 27 39 6C 86 27 C6 1D 44 27 92 A7 25 27 43 4D 21 27 28 D8 2C 27 1B 7C 52 27 DA F0 83 27
22 79 64 27 EA CC AA 26 5B FA 9B 25 99 FF 12 25 5C A2 35 25 D9 92 A0 25 06 F8 74 25 AC 72 4F 24
00 00 00 00 00 00 00 00 00 00 00 00 EE 28 90 24 EE DA 45 26 89 B7 1E 27 FA DD 52 27 35 BA E6 26
56 E4 EC 25 1D FB C2 24 32 5C 96 23 00 00 00 00 22 AE ED 1F 00 00 00 00 00 00 00 00 00 00 00 00
00 00 00 00 00 00 00 00 00 00 00 00 00 00 00 00 00 00 00 00 00 00 00 00 00 00 00 00 A3 00 A9 23
00 00 00 00 26 39 08 24 3A 78 45 24 15 B2 07 24 3B 9C E3 23 DD EF C0 23 54 EB 10 23 00 00 00 00
9F 06 E6 21 00 00 00 00 00 00 00 00 00 00 00 00 00 00 00 00 00 00 00 00 00 00 00 00 00 00 00 00
00 00 00 00 00 00 00 00 00 00 00 00 00 00 00 00 BC C1 B5 1F 00 00 00 00 34 B7 18 22 56 54 AE 22
AD 9D 45 23 3E 5F CF 22 00 00 00 00 4D 6E 8F 22 00 00 00 00 00 00 00 00 00 00 00 00 00 00 00 00
B6 CB 73 23 00 00 00 00 4C A4 6B 24 DD 84 E8 24 D9 E5 FD 22 00 00 00 00 00 00 00 00 00 00 00 00
06 B5 CE 22 00 00 00 00 78 EE A4 23 00 00 00 00 00 00 00 00 00 00 00 00 34 54 9C 23 00 00 00 00
E9 F8 FD 24 D5 69 B3 25 A5 D5 B4 23 00 00 00 00 00 00 00 00 00 00 00 00 7E 40 A5 24 2B D3 87 25
00 00 00 00 E8 E5 96 23 00 00 00 00 00 00 00 00 00 00 00 00 00 00 00 00 00 00 00 00 00 00 00 00
DE 3E 3A 23 00 00 00 00 00 00 00 00 01 32 0D 23 00 00 00 00 00 00 00 00 00 00 00 00 00 00 00 00
00 00 00 00 00 00 00 00 00 00 00 00 00 00 00 00 00 00 00 00 74 B9 9A 21 00 00 00 00 2E 9C FD 22
94 C7 3D 24 BE EF 5F 25 E0 1F 3F 26 8A 2C 48 26 96 25 A8 25 36 17 17 25 06 4F 7B 24 00 00 00 00
28 70 8E 22 2C 70 3A 22 00 00 00 00 9E 78 9F 23 00 00 00 00 B8 D2 F4 20 71 86 E7 1F 00 00 00 00
B1 38 FC 21 26 DC C6 22 BA 67 A6 22 F7 64 6E 20 00 00 00 00 60 FB 55 22 00 00 00 00 00 00 00 00
00 00 00 00 00 00 00 00 00 00 00 00 00 00 00 00 00 00 00 00 58 6E EE 22 00 00 00 00 FD 48 F0 23
1A 97 04 25 8D 47 EF 24 11 D9 8A 24 40 A1 19 24 EB 60 BB 23 59 2C 90 23 97 D4 B9 22 00 00 00 00
EF 98 12 24 00 00 00 00 00 00 00 00 60 46 27 24 00 00 00 00 64 DB 19 23 00 00 00 00 00 00 00 00
00 00 00 00 F1 C3 C9 24 7C 09 A6 23 00 00 00 00 03 1C 03 23 00 00 00 00 00 00 00 00 00 00 00 00
00 00 00 00 5E 0A 10 23 00 00 00 00 3D 66 CC 20 00 00 00 00 CF F8 E0 20 00 00 00 00 78 30 3A 22
00 00 00 00 AE D4 AE 24 0F 71 08 26 B7 05 75 26 58 72 32 26 D0 05 88 25 85 E3 CF 24 80 63 88 24
8B 3B 54 24 F3 1B 3D 22 00 00 00 00 08 82 A1 21 00 00 00 00 00 00 00 00 00 00 00 00 00 00 00 00
00 00 00 00 00 00 00 00 00 00 00 00 00 00 00 00 00 00 00 00 00 00 00 00 00 00 00 00 00 00 00 00
00 00 00 00 00 00 00 00 00 00 00 00 02 6B 33 22 00 00 00 00 DF 18 73 23 8A 49 CE 24 B8 1B E9 25
3D 81 12 26 00 00 00 00 10 AB 9F 22 00 00 00 00 00 00 00 00 00 00 00 00 00 00 00 00 00 00 00 00
00 00 00 00 AC 0B 4E 22 00 00 00 00 00 00 00 00 F2 65 C4 23 00 00 00 00 00 00 00 00 00 00 00 00
00 00 00 00 00 00 00 00 8D C7 9A 20 00 00 00 00 0C BF 34 24 08 60 15 26 79 CC E9 26 6E 8B 52 27
C9 DA 8D 27 AE E8 A4 27 4D 56 A2 27 86 2A 7D 27 03 93 3D 27 E1 27 2D 27 AD E3 31 27 48 20 FC 26
35 2C CB 25 00 00 00 00 50 4A E4 23 00 00 00 00 00 00 00 00 79 7F E2 20 81 35 AD 20 5A 4C B3 22
00 00 00 00 00 00 00 00 00 00 00 00 00 00 00 00 00 00 00 00 00 00 00 00 00 00 00 00 00 00 00 00
00 00 00 00 00 00 00 00 00 00 00 00 00 00 00 00 00 00 00 00 00 00 00 00 00 00 00 00 00 00 00 00
00 00 00 00 00 00 00 00 00 00 00 00 00 00 00 00 00 00 00 00 00 00 00 00 00 00 00 00 70 37 14 24
00 00 00 00 6D FE AB 24 70 19 E2 25 65 42 FF 25 DC 28 66 25 92 8D 0B 24 61 37 4D 22 FD F2 08 22
C1 34 12 23 73 13 02 25 58 88 0C 26 1F 44 8F 26 38 2B 8F 26 A7 F0 0D 26 CE 76 52 25 62 60 B6 24
8F 22 8B 24 E1 D0 BB 24 47 EC 24 25 78 0B 8C 25 39 84 D5 25 C8 87 13 26 7A C6 0B 26 67 41 8F 25
73 58 F6 24 F4 14 95 24 6B DF 37 24 B4 EE D9 22 BA E2 B9 21 C0 FC 4E 21 22 DF FF 1F 00 00 00 00
68 C2 64 1E 00 00 00 00 00 00 00 00 00 00 00 00 00 00 00 00 00 00 00 00 00 00 00 00 00 00 00 00
00 00 00 00 00 00 00 00 00 00 00 00 00 00 00 00 F0 2D 60 27 00 00 00 00 CF 5F 2A 2A F6 3A 1E 2B
27 7C 9D 2B 35 A0 F2 2B 56 0C 20 2C BA 8C 3A 2C D2 F2 45 2C 0F 95 41 2C A4 45 26 2C EA 71 D7 2B
D1 AA 0D 2B 00 00 00 00 85 A9 C7 28 00 00 00 00 00 00 00 00 00 00 00 00 00 00 00 00 00 00 00 00
00 00 00 00 00 00 00 00 00 00 00 00 00 00 00 00 00 00 00 00 00 00 00 00 00 00 00 00 00 00 00 00
44 27 81 28 00 00 00 00 18 F2 61 28 AE C0 2B 2A 46 5E CD 2A 2E 64 12 2B D9 12 1B 2B 1E 0A 0C 2B
20 E0 E1 2A 01 57 98 2A C3 73 19 2A EB E8 60 29 C6 27 90 28 6E 5C EE 27 80 7C AE 27 31 1A D7 27
CA EA 25 28 B1 3A 6E 28 DC F5 83 28 00 65 39 28 70 9A 88 27 0C 1F 47 26 87 6A CF 24 74 7D D9 23
C6 46 CA 23 8D EE BE 24 EA 86 17 26 84 80 46 27 53 1A E7 27 6E B4 C1 27 7B E7 03 27 F8 BA A0 25
9B E1 21 23 05 27 82 21 D5 68 98 21 1E 8E 6F 23 26 D3 E6 24 02 85 39 25 85 13 3D 25 F8 01 2E 25
20 06 E0 24 00 00 00 00 60 D2 87 24 00 00 00 00 00 00 00 00 00 00 00 00 00 00 00 00 00 00 00 00
89 5A 90 22 00 00 00 00 00 00 00 00 AF F8 34 24 00 00 00 00 00 00 00 00 8A 2E 3C 23 00 00 00 00
00 00 00 00 00 00 00 00 00 00 00 00 20 11 FB 21 8F 1E 35 22 00 00 00 00 00 00 00 00 00 00 00 00
0C 5D 37 24 B0 EC F6 25 38 EA 64 26 8D 93 4D 26 C2 BE 85 25 00 00 00 00 43 B4 B2 22 00 00 00 00
00 00 00 00 00 00 00 00 00 00 00 00 00 00 00 00 00 00 00 00 00 00 00 00 00 00 00 00 00 00 00 00
39 E4 C0 21 00 00 00 00 FA 64 A1 24 5B 06 BB 25 EA 01 3A 26 31 03 81 26 6E D6 71 26 91 85 22 26
1B 65 DD 25 88 97 CE 25 04 A4 07 26 39 56 40 26 86 C4 68 26 E3 E3 78 26 9C 34 80 26 B8 F6 69 26
80 F8 18 26 9C 10 93 25 F4 22 05 25 FC F2 4B 24 D8 C6 2C 22 00 00 00 00 03 D6 FD 21 00 00 00 00
00 00 00 00 00 00 00 00 00 00 00 00 00 00 00 00 00 00 00 00 00 00 00 00 00 00 00 00 00 00 00 00
00 00 00 00 00 00 00 00 00 00 00 00 00 00 00 00 00 00 00 00 00 00 00 00 00 00 00 00 00 00 00 00
00 00 00 00 00 00 00 00 00 00 00 00 00 00 00 00 00 00 00 00 00 00 00 00 00 00 00 00 00 00 00 00
00 00 00 00 00 00 00 00 00 00 00 00 00 00 00 00 00 00 00 00 00 00 00 00 00 00 00 00 00 00 00 00
63 9F BB 24 00 00 00 00 02 76 13 26 2B 9A 57 27 F1 6C 8D 27 11 2F 83 27 FF 08 8A 27 D7 F6 B2 27
47 A1 F0 27 B3 FB 0E 28 4F 3B 0C 28 C1 D9 E6 27 60 4F A4 27 48 B8 43 27 90 62 C5 26 30 4A 4C 26
88 73 FF 25 D6 A8 D2 25 69 7F E8 25 BE 97 17 26 8C 4F 48 26 C7 C6 6B 26 05 C0 4E 26 AE 32 80 25
00 00 00 00 D4 A0 AE 22 00 00 00 00 8C BF 28 1F AD B7 38 1E F1 F6 6B 1E A8 40 DF 1F 00 00 00 00
34 A0 42 23 6D F8 26 24 A5 46 8E 24 2B 1D 7C 24 41 0A A0 23 22 59 ED 22 03 75 17 23 4E 9E A5 23
00 00 00 00 D2 0E 83 23 00 00 00 00 C4 7B 2D 22 00 00 00 00 68 86 E3 25 67 53 88 24 00 00 00 00
26 C3 9E 22 00 00 00 00 CB 7D CE 21 00 00 00 00 59 80 45 23 5F 10 F9 25 60 A0 0C 26 FD 07 24 24
00 00 00 00 BD D7 47 23 00 00 00 00 00 00 00 00 00 00 00 00 41 2F A7 21 00 00 00 00 9E 11 91 22
99 08 1E 25 8A 3E 09 25 51 7E C8 24 34 34 3B 24 00 00 00 00 16 DA 8F 24 00 00 00 00 00 00 00 00
00 00 00 00 00 00 00 00 00 00 00 00 00 00 00 00 00 00 00 00 19 E3 0E 23 00 00 00 00 76 60 DC 22
2B 5F BE 23 0E 99 15 23 00 00 00 00 87 8A 06 21 00 00 00 00 00 00 00 00 00 00 00 00 1B 03 98 21
00 00 00 00 8D 83 3C 24 67 77 1B 24 CB 45 AF 22 9A 22 65 21 ED B4 1E 21 FF 1B 0B 22 1F 26 28 23
6E F7 E3 23 75 C6 7C 24 4E F7 1D 25 A0 1C D3 25 F6 FE 44 26 75 86 24 26 31 C1 A1 25 85 34 DF 24
13 1B A3 23 33 1E 49 22 A4 7D E7 21 B6 C0 8B 22 F0 BC 55 23 00 00 00 00 DB 05 40 23 00 00 00 00
00 00 00 00 00 00 00 00 00 00 00 00 00 00 00 00 00 00 00 00 00 00 00 00 00 00 00 00 00 00 00 00
00 00 00 00 00 00 00 00 70 05 88 20 00 00 00 00 74 5D 0D 21 34 0E 03 24 85 0F 87 25 21 BD 1B 26
30 12 2D 26 C9 7A 3C 26 09 BC 66 26 A5 67 45 26 33 0C 5A 25 00 00 00 00 43 38 9A 22 00 00 00 00
00 00 00 00 00 00 00 00 00 00 00 00 00 00 00 00 00 00 00 00 00 00 00 00 00 00 00 00 00 00 00 00
00 00 00 00 00 00 00 00 00 00 00 00 00 00 00 00 00 00 00 00 00 00 00 00 00 00 00 00 00 00 00 00
3A 5E C9 23 00 00 00 00 46 CB 38 22 27 DA 00 23 0E 90 57 23 AC F6 E0 23 35 53 16 24 B0 84 8E 23
CD 51 A2 21 BA 5B E8 20 A9 8F 4E 21 A0 EC A9 22 00 00 00 00 FA F8 F8 21 00 00 00 00 00 00 00 00
00 00 00 00 00 00 00 00 00 00 00 00 00 00 00 00 00 00 00 00 00 00 00 00 00 00 00 00 00 00 00 00
00 00 00 00 00 00 00 00 00 00 00 00 00 00 00 00 CF 09 20 22 00 00 00 00 31 56 38 25 15 C0 96 25
36 E3 CE 25 31 A4 E5 25 8C 69 8C 25 47 8A BA 24 A2 BC DC 23 35 1E 08 23 00 00 00 00 BA 8B 5D 21
00 00 00 00 00 00 00 00 00 00 00 00 00 00 00 00 00 00 00 00 00 00 00 00 00 00 00 00 00 00 00 00
00 00 00 00 00 00 00 00 00 00 00 00 8E 32 B0 23 00 00 00 00 B6 84 D9 23 DC A2 B0 23 00 00 00 00
5B 6A A1 21 00 00 00 00 05 2A 7D 20 00 00 00 00 BE CA A3 22 38 1F A8 24 CF 7E 67 25 6D AA 68 25
E3 85 24 25 7E 7E 1B 25 88 83 42 25 86 12 08 25 00 00 00 00 82 F1 10 24 00 00 00 00 00 00 00 00
00 00 00 00 00 00 00 00 8A 79 76 24 00 00 00 00 BD 8D E2 24 4D 7D 76 25 37 8B 48 25 7F 3D 01 25
59 1F 73 24 B8 8D 6D 21 00 00 00 00 27 F4 E4 20 00 00 00 00 00 00 00 00 00 00 00 00 00 00 00 00
00 00 00 00 00 00 00 00 00 00 00 00 00 00 00 00 00 00 00 00 00 00 00 00 CC 13 09 23 00 00 00 00
AF 38 70 25 D2 80 C3 26 7B F0 81 27 9D 94 EE 27 1C B8 28 28 BC BC 13 28 2A FA 73 27 24 2D 8B 26
21 EF E2 25 DD E5 9A 25 3D 7B 68 25 91 8D FE 24 9C 8B 64 24 F3 97 53 23 00 00 00 00 E5 EA 04 22
00 00 00 00 00 00 00 00 00 00 00 00 00 00 00 00 00 00 00 00 00 00 00 00 00 00 00 00 00 00 00 00
00 00 00 00 00 00 00 00 00 00 00 00 00 00 00 00 00 00 00 00 00 00 00 00 00 00 00 00 00 00 00 00
00 00 00 00 00 00 00 00 00 00 00 00 00 00 00 00 00 00 00 00 00 00 00 00 00 00 00 00 00 00 00 00
00 00 00 00 00 00 00 00 00 00 00 00 7A 8A FD 20 00 00 00 00 FC 27 DA 22 88 DF EB 24 B4 C0 BF 25
D7 A9 03 26 76 9E E1 25 99 D0 A6 25 77 30 A9 25 53 00 1B 26 3B 99 D4 26 36 E1 65 27 D0 DA 53 27
B8 16 56 26 2B DE 3B 24 1B DF C9 22 3A 72 83 22 30 95 98 22 00 00 00 00 32 73 47 23 00 00 00 00
7B 54 7B 23 00 00 00 00 D2 64 9B 25 90 3C 5C 25 00 00 00 00 00 00 00 00 00 00 00 00 79 E0 19 23
35 81 BA 24 00 00 00 00 9E 61 16 24 00 00 00 00 00 00 00 00 00 00 00 00 00 00 00 00 00 00 00 00
00 00 00 00 00 00 00 00 00 00 00 00 00 00 00 00 00 00 00 00 00 00 00 00 00 00 00 00 24 21 93 26
00 00 00 00 00 83 28 2A 7A F8 F8 2A EF DC 5C 2B 70 D8 A6 2B 09 A1 E7 2B 33 FD 11 2C 53 F3 26 2C
88 80 32 2C 21 F8 30 2C 35 A1 0D 2C E1 4E 80 2B 2F D7 6B 29 00 00 00 00 8A 01 DA 28 00 00 00 00
00 00 00 00 00 00 00 00 00 00 00 00 00 00 00 00 00 00 00 00 00 00 00 00 00 00 00 00 00 00 00 00
00 00 00 00 00 00 00 00 00 00 00 00 39 0B FF 27 00 00 00 00 62 E0 57 27 54 A8 D6 29 E9 01 8B 2A
A1 4E E2 2A E7 86 09 2B 42 80 05 2B EF 6E DA 2A 59 83 9A 2A 94 CB 3A 2A C2 F2 CA 29 8D 1C 72 29
45 1A 3A 29 82 63 31 29 A5 3C 31 29 E8 88 23 29 6B 30 04 29 B3 0C C0 28 2F 0D 85 28 C5 32 20 28
59 3A 79 27 BD 8B 43 26 EF 9D DD 24 16 7D 26 24 EA EC 86 24 08 63 91 25 22 4A 61 26 58 51 8F 26
F5 FB E7 25 00 00 00 00 60 A8 1E 25 00 00 00 00 00 00 00 00 00 00 00 00 00 00 00 00 98 70 ED 24
00 00 00 00 84 23 E6 25 09 F0 19 27 58 9B 42 27 7F FD B0 26 64 1B E5 24 00 00 00 00 51 F3 94 23
00 00 00 00 00 00 00 00 00 00 00 00 00 00 00 00 2A FE 29 22 00 00 00 00 00 00 00 00 11 A1 76 23
00 00 00 00 00 00 00 00 2D 61 BE 24 00 00 00 00 D9 42 D6 25 78 42 92 26 2E 23 1A 25 00 00 00 00
CD 19 9D 24 00 00 00 00 00 00 00 00 00 00 00 00 00 00 00 00 1B DE 0C 20 00 00 00 00 00 00 00 00
0A A9 AC 1E 00 00 00 00 3E C5 6A 21 00 00 00 00 BD 9C 87 24 FA 1B B7 25 F8 02 35 25 04 44 10 24
1E A1 01 23 2F E6 BB 21 00 00 00 00 5C 65 80 20 00 00 00 00 C9 41 3A 22 00 00 00 00 0D D8 A1 24
C3 12 30 26 56 D5 7F 26 38 7F 7C 26 B1 71 5F 26 87 29 24 26 A8 E7 9D 25 7D 1F 70 24 00 00 00 00
BB B4 72 22 00 00 00 00 AE 31 0A 22 00 00 00 00 7F B7 43 22 72 A2 87 23 E8 AC 31 24 92 FB A3 24
CF 30 EE 24 BB 48 19 25 C3 F8 1C 25 D8 15 B6 24 07 4D D9 22 00 00 00 00 2D 29 81 22 00 00 00 00
00 00 00 00 00 00 00 00 00 00 00 00 00 00 00 00 00 00 00 00 00 00 00 00 00 00 00 00 00 00 00 00
00 00 00 00 00 00 00 00 00 00 00 00 00 00 00 00 00 00 00 00 00 00 00 00 00 00 00 00 00 00 00 00
00 00 00 00 00 00 00 00 00 00 00 00 00 00 00 00 00 00 00 00 00 00 00 00 00 00 00 00 00 00 00 00
00 00 00 00 00 00 00 00 00 00 00 00 00 00 00 00 00 00 00 00 00 00 00 00 9C F5 7E 21 00 00 00 00
07 A1 06 24 FE 39 C3 25 23 DC 95 26 82 33 DB 26 03 2D DE 26 F9 B1 D6 26 C8 0D EC 26 ED F8 04 27
D3 BC F4 26 30 C8 AB 26 0F 8D 3C 26 2F 0E CC 25 E6 54 CB 25 05 24 43 26 4C 79 E6 26 F3 81 19 27
D3 F9 F8 26 AA DD AA 26 D7 85 65 26 38 57 28 26 39 BD 09 26 DB 32 CD 25 A7 94 7C 25 85 85 2C 25
FF 15 0D 25 EC 52 C6 24 EE D0 F2 23 00 00 00 00 2B 42 37 22 00 00 00 00 00 00 00 00 00 00 00 00
00 00 00 00 00 00 00 00 00 00 00 00 00 00 00 00 9F BB 92 21 00 00 00 00 57 98 DA 21 D5 71 1B 24
19 AE F1 23 D7 02 2A 23 58 95 99 22 0A 44 20 22 00 00 00 00 44 71 3A 22 00 00 00 00 2E F7 4E 22
00 00 00 00 89 FB 87 24 5C 9C 93 24 B2 62 15 24 5C 26 9E 23 BB B2 8E 23 4C 26 E1 23 2A 07 9F 24
76 F5 87 25 C0 0F 45 26 2C 0A 97 26 1C D9 87 26 72 07 40 26 5B 93 C7 25 32 93 BB 24 37 83 91 22
BF 66 6A 21 B4 EF 79 21 56 3D 95 22 7C 5D 1D 22 00 00 00 00 F4 88 FA 20 00 00 00 00 00 00 00 00
00 00 00 00 00 00 00 00 00 00 00 00 00 00 00 00 00 00 00 00 00 00 00 00 00 00 00 00 00 00 00 00
00 00 00 00 00 00 00 00 00 00 00 00 00 00 00 00 00 00 00 00 00 00 00 00 A2 77 76 1F 00 00 00 00
F9 1B 11 20 AF 06 06 21 8C 75 69 20 00 00 00 00 00 00 00 00 00 00 00 00 D6 6D 80 20 E5 80 3E 1F
00 00 00 00 46 15 07 1E 00 00 00 00 00 00 00 00 00 00 00 00 00 00 00 00 00 00 00 00 00 00 00 00
00 00 00 00 00 00 00 00 00 00 00 00 ED 67 65 22 00 00 00 00 28 33 B0 23 C5 EF 50 24 00 00 00 00
63 F6 16 23 83 B7 05 23 00 00 00 00 B6 A6 0F 25 A1 C8 C6 25 00 00 00 00 48 42 76 23 00 00 00 00
00 00 00 00 00 00 00 00 00 00 00 00 00 00 00 00 00 00 00 00 00 00 00 00 00 00 00 00 00 00 00 00
00 00 00 00 00 00 00 00 00 00 00 00 6B 0A 21 21 00 00 00 00 CD 8E AD 22 CE FD 84 23 3C 4E 77 23
AF 1E 05 23 6A 65 A8 22 25 77 AA 22 17 70 D5 22 8C 54 D2 22 C1 F2 8D 22 F1 99 4D 21 00 00 00 00
C9 FF 17 21 00 00 00 00 00 00 00 00 00 00 00 00 00 00 00 00 4D 73 D7 21 00 00 00 00 92 A4 5A 22
32 04 05 24 4C AB 04 25 97 92 CF 25 B5 09 26 26 7B B9 0F 26 8A CA DC 25 6E A1 A8 25 46 84 4E 25
29 78 E1 24 77 8A 74 24 AC DF F1 22 00 00 00 00 FA 81 D9 22 00 00 00 00 00 00 00 00 00 00 00 00
00 00 00 00 00 00 00 00 00 00 00 00 00 00 00 00 E2 81 29 21 00 00 00 00 BC 2C 64 22 00 00 00 00
BB B3 1F 23 00 00 00 00 00 00 00 00 EE A9 F6 20 00 00 00 00 00 00 00 00 16 BF 4D 1F 00 00 00 00
00 00 00 00 00 00 00 00 00 00 00 00 D2 2E 30 22 00 00 00 00 A5 50 00 21 00 00 00 00 EE CC F2 21
00 00 00 00 00 00 00 00 00 00 00 00 00 00 00 00 00 00 00 00 00 00 00 00 00 00 00 00 00 00 00 00
00 00 00 00 18 B2 77 1F 00 00 00 00 00 00 00 00 EF 50 9A 23 00 00 00 00 00 00 00 00 00 00 00 00
00 00 00 00 00 00 00 00 00 00 00 00 00 00 00 00 20 90 8E 24 00 00 00 00 A2 50 22 26 29 2C A6 26
88 7C 72 26 52 1C 0E 26 05 2C E7 25 C2 7E 0E 26 8E 45 3D 26 4C 98 36 26 1B BD F1 25 FF F0 82 25
04 D3 06 25 89 DD 7D 24 64 71 A1 23 26 AC C5 1F 00 00 00 00 82 C2 1A 20 00 00 00 00 00 00 00 00
00 00 00 00 00 00 00 00 00 00 00 00 00 00 00 00 00 00 00 00 00 00 00 00 00 00 00 00 89 26 53 20
00 00 00 00 78 9E 4A 22 7B 90 73 23 54 B5 CA 24 31 73 E7 25 8E 62 94 26 2B 82 00 27 0D A7 2C 27
0E F9 3F 27 2B 73 36 27 B3 5F 09 27 8F 1C 75 26 CB A8 4B 25 95 A3 28 24 FD 14 8D 23 92 E6 70 23
AD A8 09 23 00 00 00 00 F1 FC F9 22 00 00 00 00 00 00 00 00 00 00 00 00 00 00 00 00 00 00 00 00
00 00 00 00 00 00 00 00 00 00 00 00 00 00 00 00 00 00 00 00 00 00 00 00 00 00 00 00 00 00 00 00
00 00 00 00 00 00 00 00 00 00 00 00 00 00 00 00 00 00 00 00 00 00 00 00 00 00 00 00 00 00 00 00
00 00 00 00 00 00 00 00 00 00 00 00 00 00 00 00 00 00 00 00 00 00 00 00 62 1D 93 23 00 00 00 00
56 AB 0F 24 60 0A D7 25 AE C4 28 26 9A 1C 2B 26 50 81 4D 26 DA 99 B4 26 FC DF 27 27 9E 5F 39 27
20 2E B2 26 A6 16 E6 25 26 3D 3F 25 32 C2 0F 25 C1 05 24 25 53 AF 2D 25 60 97 06 25 71 FD C3 24
CC 89 A6 24 15 FF 8D 24 5A F7 2F 24 D3 24 FB 23 C4 DC 0C 24 2B 4A 1F 24 43 91 8C 23 B1 3E 6F 22
BC BD 86 21 00 00 00 00 C3 1D 20 1F 00 00 00 00 78 12 6C 22 00 00 00 00 53 F7 0C 23 DB 0C A4 23
1B 65 8A 23 00 00 00 00 77 52 EC 21 00 00 00 00 00 00 00 00 00 00 00 00 00 00 00 00 00 00 00 00
00 00 00 00 00 00 00 00 7C EB 80 26 00 00 00 00 6C B8 C1 29 DA ED C2 2A 35 41 56 2B 0C 68 B2 2B
2B E1 FB 2B 00 BC 1E 2C 0D 5D 35 2C A4 12 3B 2C 9B DB 2D 2C CD 87 0A 2C AB F6 96 2B E6 BA 3D 2A
00 00 00 00 29 EE 76 29 00 00 00 00 00 00 00 00 00 00 00 00 00 00 00 00 00 00 00 00 00 00 00 00
00 00 00 00 00 00 00 00 00 00 00 00 00 00 00 00 00 00 00 00 00 00 00 00 00 00 00 00 2A 60 23 28
00 00 00 00 3E 9B 8C 29 39 E2 6C 2A 75 01 C0 2A AF 98 E3 2A A8 54 EB 2A 8D 15 DF 2A C0 CB B7 2A
EE 13 72 2A 78 BC F9 29 95 B4 5E 29 95 0D D0 28 DD 46 75 28 DB 1B 44 28 EF DE 3D 28 FE C5 37 28
50 A0 19 28 DE BF C9 27 55 13 40 27 D3 FB AE 26 E7 C9 8B 26 89 49 CE 26 BB B2 2D 27 73 60 45 27
53 64 3E 27 55 FA 49 27 AE 11 4C 27 A5 EF 01 27 D5 D0 2A 26 D1 EA 20 25 2C DC 02 24 55 75 40 22
4C 58 D4 20 BF C3 E2 20 7C 4E A1 22 0D 70 D1 24 D1 29 08 26 C3 F4 49 26 FB 6B 8A 25 00 00 00 00
38 9B 6C 24 00 00 00 00 00 00 00 00 00 00 00 00 00 00 00 00 05 02 68 23 00 00 00 00 7C B9 F3 22
D5 BA 59 24 00 00 00 00 26 F6 C4 22 00 00 00 00 00 00 00 00 00 00 00 00 00 00 00 00 00 00 00 00
00 00 00 00 00 00 00 00 57 F0 4F 23 00 00 00 00 A1 00 79 23 95 F3 26 23 EE 68 23 20 00 00 00 00
80 CD 70 1F D9 99 9D 21 00 00 00 00 75 0A 45 23 D0 C4 69 24 E0 BB 09 25 E3 74 D0 24 00 00 00 00
C7 BE 5A 22 F3 04 27 22 00 00 00 00 7B B5 67 24 AE F9 BD 24 C0 26 E6 22 00 00 00 00 6C CA 9F 22
00 00 00 00 27 24 DE 23 00 00 00 00 DD B1 ED 25 41 48 B0 26 6F 47 08 27 43 6D F3 26 BC 02 48 26
7B 87 0C 25 5F 84 CB 21 00 00 00 00 02 A6 32 20 3F 5B 28 22 00 00 00 00 D4 CD 9B 23 50 E2 41 24
C8 70 A7 24 CF 06 07 25 6D EB FA 24 90 68 31 24 3E 28 96 21 00 00 00 00 DF 46 75 1F 00 00 00 00
00 00 00 00 00 00 00 00 00 00 00 00 00 00 00 00 00 00 00 00 00 00 00 00 00 00 00 00 00 00 00 00
00 00 00 00 00 00 00 00 00 00 00 00 00 00 00 00 00 00 00 00 00 00 00 00 00 00 00 00 00 00 00 00
00 00 00 00 00 00 00 00 00 00 00 00 00 00 00 00 00 00 00 00 00 00 00 00 00 00 00 00 00 00 00 00
00 00 00 00 00 00 00 00 00 00 00 00 00 00 00 00 00 00 00 00 00 00 00 00 00 00 00 00 1A 3B 00 23
00 00 00 00 6A 01 91 25 6E 9D 6D 26 83 32 DC 26 E5 9C 4F 27 03 9A DB 27 AA 76 48 28 F9 CB 7B 28
7C CE 62 28 8D D4 33 28 68 AB 17 28 83 4E 07 28 B6 B7 D6 27 D8 A9 8B 27 D5 9B 2B 27 40 7D EB 26
1C 4C BE 26 6B 74 A2 26 FA 32 68 26 F4 58 AD 25 2D 72 25 24 31 35 3E 23 7C 87 57 23 D9 8C 42 24
79 BE 61 24 FB 6A AD 23 10 C5 22 23 3C D0 F8 22 89 22 A6 22 1F E2 54 22 34 60 AB 22 FE AD A3 23
F4 95 59 24 3A 68 0A 24 4C 82 18 23 72 C0 21 22 4A A9 8F 21 B3 59 59 21 74 AC 34 21 8D BB 72 20
5E 16 BF 1F 19 92 05 20 62 72 11 21 7B 1F 10 22 8A CC 5E 22 0A 1B 60 22 C1 86 65 22 D1 64 9D 22
5C 92 E0 22 F8 CC 92 21 00 00 00 00 01 85 20 20 00 00 00 00 00 00 00 00 00 00 00 00 00 00 00 00
00 00 00 00 00 00 00 00 00 00 00 00 00 00 00 00 73 2D 4E 21 00 00 00 00 B6 F9 93 24 74 51 44 25
AB B7 1B 25 D2 C5 39 23 00 00 00 00 2D 8D 57 22 00 00 00 00 00 00 00 00 00 00 00 00 00 00 00 00
00 00 00 00 00 00 00 00 76 5F 8E 21 00 00 00 00 EB 8E 3C 20 0F 3E BF 21 00 00 00 00 F9 9C C2 1E
A0 51 D8 1F 5D 6C B3 1D 86 5C E0 20 00 00 00 00 57 81 FB 20 B2 5B 23 20 BD EC A1 20 00 00 00 00
00 00 00 00 00 00 00 00 7D CA 01 23 00 00 00 00 7D 54 E2 22 00 00 00 00 88 7B 58 22 00 00 00 00
00 00 00 00 00 00 00 00 00 00 00 00 F5 5B 57 23 00 00 00 00 27 31 4C 23 00 00 00 00 EA 21 9A 1F
00 00 00 00 66 82 45 22 00 00 00 00 2E 15 8C 23 E6 6F 21 25 74 0B 2C 26 A6 13 0B 27 EE 4F 61 27
5F 02 03 27 BC 19 DC 25 7B 56 2B 24 B2 B3 87 22 A2 9A 90 21 4D 21 C0 20 00 00 00 00 B5 A3 D0 21
00 00 00 00 00 00 00 00 00 00 00 00 00 00 00 00 00 00 00 00 00 00 00 00 67 FE 15 21 00 00 00 00
00 34 7F 1E 00 00 00 00 19 BB 91 1F 00 00 00 00 00 00 00 00 00 00 00 00 00 00 00 00 00 00 00 00
00 00 00 00 00 00 00 00 00 00 00 00 00 00 00 00 00 00 00 00 00 00 00 00 00 00 00 00 00 00 00 00
00 00 00 00 00 00 00 00 00 00 00 00 00 00 00 00 00 00 00 00 00 00 00 00 03 3F D8 21 00 00 00 00
8D 8F 2A 24 36 12 65 25 47 4F 11 26 DA 78 51 26 30 8A 22 26 B1 5C 59 25 00 00 00 00 CF 22 74 1F
00 00 00 00 00 00 00 00 00 00 00 00 00 00 00 00 00 00 00 00 8F 9B B6 21 00 00 00 00 96 87 31 22
CC 32 D2 23 78 6F 8D 24 C0 5C 1B 25 A3 DD CC 24 00 00 00 00 29 86 55 24 00 00 00 00 00 00 00 00
AD 21 98 23 00 00 00 00 F1 24 6A 25 94 DE 88 25 93 76 14 25 F7 BA B9 24 12 C3 B2 24 3A 3D A6 24
F1 91 98 23 00 00 00 00 E2 F6 12 23 00 00 00 00 00 00 00 00 00 00 00 00 00 00 00 00 00 00 00 00
5B B2 65 24 00 00 00 00 EA 12 E7 23 3D 0E 81 24 2D 1C AA 24 4E BF 29 25 5D 80 A0 25 9A F9 99 25
23 A8 28 25 71 E4 54 24 18 A8 0A 23 00 00 00 00 4C 1C 00 21 00 00 00 00 00 00 00 00 00 00 00 00
00 00 00 00 00 00 00 00 00 00 00 00 00 00 00 00 00 00 00 00 00 00 00 00 00 00 00 00 00 00 00 00
9D FA 97 22 00 00 00 00 F4 5E 05 23 69 FA 76 24 30 A1 8F 25 36 95 32 26 A9 72 80 25 00 00 00 00
00 00 00 00 00 00 00 00 A1 71 66 25 31 F0 22 26 7D 47 13 26 6E 5B 76 25 00 00 00 00 E5 76 E9 23
00 00 00 00 E9 B7 44 23 00 00 00 00 00 00 00 00 76 FD C0 22 00 00 00 00 00 00 00 00 00 00 00 00
00 00 00 00 00 00 00 00 00 00 00 00 00 00 00 00 4B 16 99 22 00 00 00 00 12 A1 12 23 0B 7E 93 25
8D F0 DE 26 E4 B2 83 27 70 2D AD 27 5A 1E A4 27 AA 52 3F 27 AD 7D 36 26 BD 34 83 24 F2 52 23 23
85 32 1D 23 DB FA 19 24 48 82 B0 24 00 00 00 00 97 7E 03 23 00 00 00 00 00 00 00 00 00 00 00 00
00 00 00 00 00 00 00 00 00 00 00 00 00 00 00 00 00 00 00 00 00 00 00 00 00 00 00 00 00 00 00 00
00 00 00 00 BF E6 77 24 00 00 00 00 00 00 00 00 B1 68 53 23 00 00 00 00 00 00 00 00 00 00 00 00
00 00 00 00 00 00 00 00 00 00 00 00 00 00 00 00 00 00 00 00 00 00 00 00 00 00 00 00 00 00 00 00
00 00 00 00 BF 92 D0 21 00 00 00 00 8F ED 18 21 D6 DD 7B 22 0A 3D F9 23 C8 15 E4 24 82 4D 23 25
F0 11 46 25 F9 78 9E 25 E6 5A 17 26 A3 7D 62 26 B7 8B 44 26 26 AC C1 25 6B 11 9F 24 00 00 00 00
21 36 0B 24 00 00 00 00 00 00 00 00 00 00 00 00 00 00 00 00 00 00 00 00 00 00 00 00 00 00 00 00
94 DE 8A 1F 00 00 00 00 91 72 1E 21 BA C5 1F 23 70 C6 AE 23 08 08 9A 23 7B 71 A0 22 6A F3 31 21
C0 35 8C 21 44 44 4E 23 88 58 CD 25 D1 86 B4 26 A5 3D A4 26 B5 4F CD 25 00 00 00 00 41 25 09 25
00 00 00 00 00 00 00 00 00 00 00 00 00 00 00 00 00 00 00 00 F6 44 B6 27 00 00 00 00 65 05 5A 29
75 4A 9D 2A 81 5C 3B 2B 28 C1 A2 2B 95 78 EE 2B 35 5B 1A 2C 3E 47 33 2C 68 41 3B 2C 39 70 2F 2C
40 98 0C 2C D6 BC 9B 2B 7E BF 53 2A 00 00 00 00 47 20 7D 29 00 00 00 00 00 00 00 00 00 00 00 00
00 00 00 00 00 00 00 00 00 00 00 00 00 00 00 00 00 00 00 00 00 00 00 00 00 00 00 00 00 00 00 00
00 00 00 00 00 00 00 00 B1 4B 99 28 00 00 00 00 61 11 9B 29 29 0D B2 2A 66 88 24 2B A8 F9 46 2B
DE A6 41 2B 91 09 28 2B 27 2D 04 2B 87 9C B3 2A C2 17 44 2A 80 C8 AC 29 31 1A 12 29 53 06 9F 28
60 2D 85 28 5C 35 99 28 08 0F B9 28 3A 52 BB 28 BB B4 8D 28 57 2E 14 28 EC 52 3B 27 6B 8D 98 25
00 00 00 00 89 1F 81 21 0F 95 D5 21 00 00 00 00 68 34 7D 25 9B 2B 1A 26 D8 0A 29 26 34 3B BE 25
0E 5F 22 23 00 00 00 00 47 0C 9F 22 00 00 00 00 00 00 00 00 00 00 00 00 9A E4 80 22 00 00 00 00
1A B4 56 22 75 19 19 24 00 00 00 00 85 65 09 24 00 00 00 00 00 00 00 00 00 00 00 00 C3 EA 92 22
00 00 00 00 0C 0D 9A 26 14 0D 48 27 1A 50 31 27 70 40 8E 26 00 00 00 00 DB 3F 2C 23 00 00 00 00
00 00 00 00 2F 67 DE 21 00 00 00 00 8D 8D A8 23 1F F6 FA 27 ED F9 27 29 3A 2B 3A 29 FB 9F CF 28
6A DD 63 28 80 B9 25 28 77 F4 06 28 D0 77 A7 27 46 F1 E5 26 4E AE 38 25 00 00 00 00 C3 74 3C 24
00 00 00 00 00 00 00 00 00 00 00 00 00 00 00 00 00 00 00 00 00 00 00 00 00 00 00 00 00 00 00 00
00 00 00 00 00 00 00 00 00 00 00 00 00 00 00 00 00 00 00 00 00 00 00 00 00 00 00 00 00 00 00 00
00 00 00 00 00 00 00 00 00 00 00 00 00 00 00 00 00 00 00 00 00 00 00 00 00 00 00 00 00 00 00 00
00 00 00 00 00 00 00 00 00 00 00 00 00 00 00 00 00 00 00 00 00 00 00 00 00 00 00 00 00 00 00 00
00 00 00 00 00 00 00 00 00 00 00 00 A9 AB BE 21 00 00 00 00 13 6F 0F 21 48 4F B2 23 61 12 6C 23
C9 88 8C 20 00 00 00 00 00 00 00 00 00 00 00 00 1E 63 3A 24 48 1D 0E 26 3E 12 D2 26 39 3E 3B 27
89 32 85 27 F5 E9 AA 27 3F 34 D1 27 C1 3C FE 27 38 54 1B 28 47 C0 2A 28 52 34 0D 28 36 EF B3 27
A9 87 5F 27 8D E0 1D 27 E4 0D EF 26 0F 3F AB 26 53 6B 67 26 22 33 21 26 CC 15 FE 25 14 FE ED 25
D7 B4 D2 25 46 99 48 25 2C 6E 65 24 B9 80 02 24 CB 08 06 24 00 00 00 00 2F 37 E2 23 00 00 00 00
00 00 00 00 00 00 00 00 00 00 00 00 AA 33 99 22 00 00 00 00 BB 09 08 24 60 9A 06 25 E8 C6 F3 24
73 EE 45 24 AD 4A A5 23 0E 3F 8B 23 5F 35 DE 23 42 32 7E 23 00 00 00 00 7F E5 52 24 00 00 00 00
00 00 00 00 00 00 00 00 00 00 00 00 00 00 00 00 00 00 00 00 00 00 00 00 00 00 00 00 00 00 00 00
16 85 B2 25 00 00 00 00 F7 03 B6 25 A9 63 55 26 4E F2 64 26 29 08 9B 26 E5 89 EE 26 A3 C3 FE 26
A9 EC A3 26 53 22 31 26 3E E2 BF 25 8E C7 37 25 39 06 71 24 31 B9 A0 22 00 00 00 00 86 6E 8F 21
00 00 00 00 00 00 00 00 00 00 00 00 00 00 00 00 00 00 00 00 00 00 00 00 00 00 00 00 00 00 00 00
00 00 00 00 00 00 00 00 00 00 00 00 00 00 00 00 00 00 00 00 00 00 00 00 35 7C 72 22 00 00 00 00
00 00 00 00 53 99 83 21 00 00 00 00 A9 75 C5 22 00 00 00 00 38 40 10 25 89 75 3C 25 01 65 65 24
CA A3 00 22 8C 48 C9 1E 24 9E E1 1D 70 D1 28 1F C7 3F FF 21 3D 1D 48 23 78 3F BA 23 00 00 00 00
AE 0D CA 23 00 00 00 00 00 00 00 00 00 00 00 00 00 00 00 00 00 00 00 00 21 B4 0D 23 00 00 00 00
00 00 00 00 00 00 00 00 00 00 00 00 25 8A 10 25 9B 1F 03 26 8F 15 08 26 F7 62 9B 25 B0 FD A9 24
00 00 00 00 81 08 20 1F 00 00 00 00 00 00 00 00 00 00 00 00 00 00 00 00 94 CC D7 22 00 00 00 00
C5 FB F3 22 F8 F9 C5 24 CC 93 3D 24 50 91 86 22 00 00 00 00 3D 9C 78 22 00 00 00 00 00 00 00 00
00 00 00 00 00 00 00 00 00 00 00 00 00 00 00 00 00 00 00 00 11 8D 06 22 00 00 00 00 3F 42 2E 23
4C B3 8C 24 29 17 86 24 00 00 00 00 3A 2C BA 23 00 00 00 00 24 1A 23 23 00 00 00 00 51 1B 88 22
00 00 00 00 1F CA A1 1E 00 00 00 00 00 00 00 00 00 00 00 00 00 00 00 00 0D 43 C5 1F 00 00 00 00
77 92 3A 23 60 F4 A8 23 FF DE A6 23 A5 73 3E 23 EC DA FB 21 00 00 00 00 29 BC 1B 21 00 00 00 00
00 00 00 00 00 00 00 00 00 00 00 00 00 00 00 00 00 00 00 00 00 00 00 00 00 00 00 00 00 00 00 00
00 00 00 00 00 00 00 00 00 00 00 00 00 00 00 00 00 00 00 00 00 00 00 00 00 00 00 00 0F 89 A7 22
00 00 00 00 06 6E 13 23 80 4E 0B 24 00 00 00 00 09 F1 3C 22 00 00 00 00 00 00 00 00 00 00 00 00
00 00 00 00 57 AC E3 20 00 00 00 00 AC A1 B1 24 6B 99 60 24 09 76 16 24 2C B3 78 24 BA C3 51 25
3A F5 B9 25 BF 29 93 25 2B 1C 1C 25 23 78 97 24 8D 24 27 24 69 96 EC 23 79 4A D1 23 72 F5 C9 23
3E FA 64 23 00 00 00 00 B5 FE 0F 20 C4 AE 4F 1F 54 00 32 1F 72 97 B4 20 00 00 00 00 00 00 00 00
00 00 00 00 00 00 00 00 00 00 00 00 00 00 00 00 00 00 00 00 00 00 00 00 00 00 00 00 51 E7 96 21
00 00 00 00 5B A1 3D 23 BA C9 E4 24 E1 BF C3 24 00 00 00 00 D3 23 34 23 00 00 00 00 00 00 00 00
00 00 00 00 E8 40 77 20 3A B9 49 20 74 AF 02 22 00 00 00 00 00 00 00 00 00 00 00 00 00 00 00 00
00 00 00 00 EE 02 FA 23 00 00 00 00 D9 C4 73 24 97 B1 9E 25 00 9A 23 26 E2 97 94 26 8B 28 08 27
B2 3F 7E 27 3D 3D D8 27 BE 8F 0B 28 84 5C F8 27 B8 BE A6 27 CC B1 4C 27 AC 0E 02 27 F6 2E B2 26
6D 15 83 26 6D 95 31 26 3E A9 A8 25 AE D0 B5 24 5A 00 DE 22 00 00 00 00 44 41 C1 22 00 00 00 00
00 00 00 00 00 00 00 00 00 00 00 00 00 00 00 00 00 00 00 00 00 00 00 00 00 00 00 00 00 00 00 00
00 00 00 00 00 00 00 00 00 00 00 00 00 00 00 00 00 00 00 00 00 00 00 00 00 00 00 00 00 00 00 00
00 00 00 00 00 00 00 00 00 00 00 00 00 00 00 00 00 00 00 00 C9 75 3A 22 00 00 00 00 D7 EF 6C 22
69 D6 AB 23 C8 F3 DA 23 00 00 00 00 DC 99 9E 21 00 00 00 00 00 00 00 00 00 00 00 00 00 00 00 00
00 00 00 00 00 00 00 00 31 55 12 1F 00 00 00 00 7D B3 6C 25 C8 0A 8C 26 EA 82 0A 27 9C F2 0D 27
B1 78 91 26 AE 26 E0 25 57 C4 A6 25 1C 0D 04 26 0E E7 8A 26 2D 3A B0 26 53 EE 97 26 28 18 4B 26
33 F7 BA 25 1C 14 F0 24 BB A2 0C 24 03 C3 1C 23 C6 89 71 22 08 6C 30 22 8A 74 4A 21 00 00 00 00
5D 16 14 22 00 00 00 00 00 00 00 00 00 00 00 00 00 00 00 00 00 00 00 00 00 00 00 00 00 00 00 00
00 00 00 00 00 00 00 00 48 70 A7 27 00 00 00 00 8A AF 73 28 C6 1E 50 2A 03 A3 11 2B 1D EA 8A 2B
C4 82 D4 2B A6 AA 09 2C 86 F9 20 2C 22 DE 30 2C 77 F9 33 2C 7F 2E 1D 2C 7A 2C C1 2B EB 78 B8 2A
00 00 00 00 2E 98 67 29 00 00 00 00 00 00 00 00 00 00 00 00 00 00 00 00 00 00 00 00 00 00 00 00
00 00 00 00 00 00 00 00 00 00 00 00 00 00 00 00 00 00 00 00 00 00 00 00 00 00 00 00 61 77 85 28
00 00 00 00 8D 52 10 29 81 0E 59 2A 2F 95 DE 2A D7 B2 11 2B B7 AA 17 2B 1F F1 0A 2B 5F 92 DF 2A
A1 9C 94 2A 5E BA 1A 2A 34 FF 82 29 7E D8 DC 28 B6 04 60 28 22 BE 08 28 63 FE C9 27 EC 31 C0 27
E6 82 DD 27 F9 C1 EE 27 C3 C9 A9 27 3A E4 BE 26 00 00 00 00 00 00 00 00 00 00 00 00 4C 59 A7 23
E6 F0 B8 25 2F 4B 4F 26 6E FA 97 26 EA 9E A3 26 5E C3 73 26 8D 1B FC 25 B1 AC 2F 25 2B 63 50 24
3E 27 E7 23 08 FC 1C 24 D6 07 CA 24 5B E9 6D 25 47 7D E2 25 D3 27 2B 26 F7 3C 14 26 C2 5F D5 24
00 00 00 00 6E BB D3 23 00 00 00 00 00 00 00 00 00 00 00 00 B0 96 16 20 00 00 00 00 ED 2F 97 24
85 FD 58 24 00 00 00 00 9B 8C 8B 22 00 00 00 00 00 00 00 00 00 00 00 00 00 00 00 00 01 C7 B8 24
00 00 00 00 BE EA 6B 25 ED B9 FD 24 16 14 8B 23 97 BD B2 21 A7 98 6B 1E 7C 10 58 1E CF F7 88 1F
A5 54 F0 22 0E D8 C6 23 58 79 2C 24 7C 89 6B 24 81 C7 20 24 34 58 A2 22 00 00 00 00 45 C3 A5 22
00 00 00 00 00 00 00 00 00 00 00 00 00 00 00 00 00 00 00 00 00 00 00 00 00 00 00 00 1C 08 D2 21
00 00 00 00 0F 5A B8 22 5E E6 3C 25 30 A7 2B 26 40 89 A0 26 FB F9 BE 26 C5 99 9A 26 FB 57 34 26
46 D5 C6 25 1E 64 89 25 E5 BD 72 25 F2 C3 70 25 13 A3 84 25 8A 3C AB 25 05 62 D5 25 35 BE B3 25
54 F9 34 25 C6 EF AA 24 DD 1A 70 24 D1 08 27 24 00 00 00 00 62 E0 8B 23 00 00 00 00 00 00 00 00
FC 61 C3 22 00 00 00 00 00 00 00 00 F2 DF BB 22 00 00 00 00 00 00 00 00 00 00 00 00 00 00 00 00
00 00 00 00 00 00 00 00 00 00 00 00 00 00 00 00 00 00 00 00 00 00 00 00 00 00 00 00 00 00 00 00
00 00 00 00 00 00 00 00 00 00 00 00 00 00 00 00 00 00 00 00 00 00 00 00 00 00 00 00 00 00 00 00
00 00 00 00 00 00 00 00 00 00 00 00 00 00 00 00 00 00 00 00 00 00 00 00 00 00 00 00 87 8F DF 21
00 00 00 00 22 59 BC 25 56 19 55 26 5B 92 AB 26 27 16 05 27 BB 5A 3D 27 33 D8 5C 27 FE 93 42 27
CA 05 04 27 3C 7D B0 26 7C D8 A9 26 A8 99 00 27 7F 18 5D 27 C2 A0 85 27 88 43 49 27 DA 4C D1 26
5A 06 28 26 DD A6 AD 25 A2 E1 B4 25 A0 84 17 26 8A 21 36 26 A3 67 CA 25 A8 66 0A 25 EF 7D 0F 23
00 00 00 00 49 34 7F 21 A3 61 FE 21 00 00 00 00 E2 B9 AC 22 93 FD 7B 23 7E 8E DF 23 91 93 62 24
2A E0 D3 24 08 63 1C 25 17 A1 5A 25 D3 2B 92 25 DA 1B 86 25 FC 10 9B 24 00 00 00 00 0E A7 4A 22
00 00 00 00 4E 80 36 1C 5F FC 30 1B 00 00 00 00 00 00 00 00 01 CB C8 22 20 E4 2A 24 98 DF 48 24
60 E9 90 23 0A 77 BA 22 DE A2 0A 23 D7 D5 4D 24 C8 5A B6 25 05 AF 13 26 63 15 C9 25 34 1F 95 25
A0 BA A9 25 DB 77 C2 25 5D CA 30 25 9F F4 29 22 00 00 00 00 00 00 00 00 00 00 00 00 33 F0 97 20
00 00 00 00 68 8F 3F 22 00 00 00 00 00 00 00 00 00 00 00 00 00 00 00 00 00 00 00 00 00 00 00 00
00 00 00 00 00 00 00 00 00 00 00 00 00 00 00 00 00 00 00 00 00 00 00 00 00 00 00 00 00 00 00 00
00 00 00 00 DB F7 33 21 00 00 00 00 58 B5 85 22 BE 9A DE 22 6A 0E E0 22 ED 18 D4 22 4C E5 E9 22
46 FC 6E 23 2F 0D 6D 24 B8 B9 81 25 80 50 10 26 99 4A 17 26 BC 1F A4 25 78 C5 EA 24 BD 33 4F 24
54 B2 1E 24 C2 32 4B 24 75 6F 85 24 A8 50 4C 24 00 00 00 00 3E 56 08 21 00 00 00 00 00 00 00 00
00 00 00 00 00 00 00 00 00 00 00 00 00 00 00 00 00 00 00 00 00 00 00 00 00 00 00 00 00 00 00 00
00 00 00 00 00 00 00 00 00 00 00 00 00 00 00 00 00 00 00 00 00 00 00 00 00 00 00 00 00 00 00 00
00 00 00 00 00 00 00 00 00 00 00 00 00 00 00 00 00 00 00 00 00 00 00 00 03 EF 28 21 00 00 00 00
68 43 0B 23 70 A7 B5 22 E2 94 84 20 14 B8 D8 1F 63 D8 7B 20 AC 5C C5 22 39 74 B2 23 68 FA 59 23
00 00 00 00 F4 31 B9 23 00 00 00 00 00 00 00 00 00 00 00 00 00 00 00 00 00 00 00 00 00 00 00 00
00 00 00 00 00 00 00 00 00 00 00 00 00 00 00 00 00 00 00 00 00 00 00 00 00 00 00 00 3B 69 E1 1F
00 00 00 00 B8 E2 18 21 60 89 5D 21 00 00 00 00 00 00 00 00 00 00 00 00 59 E1 23 25 14 AD 17 26
CE B2 C2 25 47 EC B5 24 53 7C 91 23 60 97 6A 22 00 00 00 00 96 74 92 1E 00 00 00 00 00 00 00 00
00 00 00 00 00 00 00 00 00 00 00 00 00 00 00 00 1D 89 86 22 00 00 00 00 22 2D 9E 24 23 8F 04 25
B5 DB 96 23 00 00 00 00 09 86 46 20 00 00 00 00 00 00 00 00 AF 0B 1F 21 00 00 00 00 12 EB 8D 24
F5 99 CC 25 EC 76 81 25 00 00 00 00 E4 77 7F 24 00 00 00 00 00 00 00 00 15 52 E8 21 00 00 00 00
57 BC 7B 21 42 A0 8C 21 5D F0 18 22 F8 3C E4 22 FB 96 C0 22 00 00 00 00 43 AC 11 23 00 00 00 00
00 00 00 00 00 00 00 00 00 00 00 00 00 00 00 00 00 00 00 00 00 00 00 00 00 00 00 00 2B 58 D2 24
00 00 00 00 4B BB B3 25 22 B3 03 27 30 20 E9 26 6D 40 61 26 6E BC 94 25 B6 69 4C 24 FA 0D 1B 21
00 00 00 00 C4 43 A6 1E 00 00 00 00 00 00 00 00 00 00 00 00 00 00 00 00 00 00 00 00 00 00 00 00
00 00 00 00 00 00 00 00 F0 84 C8 1F 00 00 00 00 68 35 C4 1E 43 04 9D 20 7E 5A 5A 22 67 D8 A4 22
97 90 8D 21 00 00 00 00 9E 6E 21 1F AF 9E AB 1F 00 00 00 00 00 00 00 00 68 8A F3 21 00 00 00 00
00 00 00 00 00 00 00 00 00 00 00 00 00 00 00 00 8D 81 82 22 00 00 00 00 07 E1 90 22 10 9D 9A 26
DB C7 A1 27 D0 72 20 28 BE 71 2F 28 4A 07 13 28 9C C6 F5 27 F2 2B CC 27 C9 70 8A 27 B2 D3 0C 27
32 B3 72 26 65 58 B1 25 D8 01 C1 24 53 A0 D9 23 EB 7D A0 22 00 00 00 00 B0 AD 00 23 00 00 00 00
00 00 00 00 00 00 00 00 00 00 00 00 00 00 00 00 00 00 00 00 00 00 00 00 00 00 00 00 00 00 00 00
00 00 00 00 00 00 00 00 00 00 00 00 00 00 00 00 00 00 00 00 00 00 00 00 00 00 00 00 00 00 00 00
00 00 00 00 00 00 00 00 00 00 00 00 00 00 00 00 00 00 00 00 00 00 00 00 1C 5F 56 23 00 00 00 00
E7 E8 4C 24 1B 50 F4 25 9D 7F 91 26 13 C5 E7 26 52 4C 2A 27 82 DD 4C 27 CE 03 0D 27 03 A8 6A 26
F2 0E D2 25 43 3C 93 25 35 F4 8D 25 33 CC 71 25 B1 60 38 25 50 96 28 25 67 82 35 25 E9 12 44 25
54 AD 66 25 93 E7 B0 25 EA D5 16 26 46 53 3C 26 45 3A 1F 26 11 41 D8 25 96 67 64 25 4A AC A1 24
5B 7D E4 23 D3 18 82 23 2C D7 51 23 E7 C4 D2 22 53 CD C9 21 0A 17 74 20 00 00 00 00 A3 5E F6 1E
00 00 00 00 00 00 00 00 7C A1 15 20 00 00 00 00 25 2C F4 1F 00 00 00 00 7A A4 19 23 00 00 00 00
00 00 00 00 00 00 00 00 00 00 00 00 00 00 00 00 00 00 00 00 00 00 00 00 8D 42 64 25 00 00 00 00
FE CB 17 2A F6 69 02 2B AD 76 85 2B DB FC D1 2B 03 C3 0A 2C 05 17 23 2C 95 B2 31 2C B5 F9 34 2C
12 AA 21 2C 5F E1 D1 2B BD 25 F5 2A 00 00 00 00 42 F4 24 29 00 00 00 00 00 00 00 00 00 00 00 00
00 00 00 00 00 00 00 00 00 00 00 00 00 00 00 00 00 00 00 00 00 00 00 00 00 00 00 00 00 00 00 00
00 00 00 00 00 00 00 00 8B F2 74 28 00 00 00 00 29 A0 7C 28 45 67 1E 2A 2B 36 BB 2A B6 CE 07 2B
DF 04 16 2B 38 3C 0B 2B FE 68 DF 2A 2A 87 9D 2A 99 51 46 2A 89 AD DD 29 93 6E 65 29 84 4E 03 29
E7 9A C9 28 B5 58 D2 28 AC D3 F7 28 F0 2D 03 29 BE 55 D4 28 3A 7D 65 28 F7 1F 90 27 04 0A 35 26
86 6C 16 24 EE EC 28 22 AF 3C 19 22 B3 EC 9D 23 1D 4A 8F 25 61 16 53 26 15 37 8F 26 D1 A0 51 26
7F 45 10 25 00 00 00 00 89 7B 20 24 00 00 00 00 00 00 00 00 3D 26 FC 22 00 00 00 00 6C FD 0E 25
9B CB 83 25 D0 A7 AC 24 00 00 00 00 20 E9 F2 23 00 00 00 00 00 00 00 00 35 69 AC 23 00 00 00 00
57 91 9C 23 43 4D E1 24 5C 26 48 24 36 56 4C 23 28 F0 6B 22 C8 DA C8 21 79 66 2D 21 F8 F7 10 20
B1 38 00 20 C0 14 16 21 89 CA 4D 23 5C EF B0 24 06 BE B8 24 76 E9 63 22 00 00 00 00 21 71 47 21
00 00 00 00 00 00 00 00 00 00 00 00 00 00 00 00 00 00 00 00 1A EB 3E 22 00 00 00 00 DF 79 6F 22
63 D4 F8 1F 00 00 00 00 B2 34 1D 20 00 00 00 00 00 00 00 00 54 27 F4 22 00 00 00 00 F3 F3 AF 23
00 00 00 00 CE 9E F7 22 00 00 00 00 00 00 00 00 00 00 00 00 09 92 7A 22 00 00 00 00 7F 19 ED 22
59 5A 1C 25 2F 9B B1 25 8B 87 0F 26 35 EE 42 26 39 9C 3E 26 3E 7A 07 26 C9 6F BF 25 49 25 A7 25
EA 51 AC 25 66 34 B3 25 50 3F B9 25 C0 15 BD 25 C2 94 AA 25 96 78 2C 25 00 00 00 00 95 56 75 23
00 00 00 00 00 00 00 00 02 84 5C 22 00 00 00 00 00 00 00 00 BA B6 32 1E 00 00 00 00 00 00 00 00
00 00 00 00 00 00 00 00 00 00 00 00 00 00 00 00 00 00 00 00 00 00 00 00 00 00 00 00 00 00 00 00
00 00 00 00 00 00 00 00 00 00 00 00 00 00 00 00 00 00 00 00 00 00 00 00 00 00 00 00 00 00 00 00
00 00 00 00 00 00 00 00 00 00 00 00 00 00 00 00 00 00 00 00 00 00 00 00 00 00 00 00 00 00 00 00
00 00 00 00 00 00 00 00 00 00 00 00 00 00 00 00 00 00 00 00 00 00 00 00 1F 1E 15 23 00 00 00 00
46 92 57 24 BF 6E 06 26 97 21 FE 26 53 7F B6 27 2F F4 28 28 5B EF 49 28 C0 A6 48 28 5A 7F 41 28
16 1A 2E 28 1D 84 07 28 9C 87 AE 27 40 E1 2C 27 36 35 8C 26 A6 5C DD 25 49 6C D4 24 00 00 00 00
5C DD 0F 23 A4 D6 BF 22 00 00 00 00 64 B5 27 25 B9 08 A0 26 26 A4 B6 26 2A 63 45 26 66 9D BC 25
1C EA 08 25 86 C8 F7 21 00 00 00 00 A0 4E 1D 20 00 00 00 00 00 00 00 00 00 00 00 00 00 00 00 00
00 00 00 00 D1 3D 59 21 00 00 00 00 32 81 8B 20 30 EA 20 23 4F 9A 06 24 59 73 5E 24 84 7D 0F 24
1F 2A 86 23 77 13 7C 23 7D 48 29 24 7B BE 2D 25 51 AE CF 25 B4 6A CE 25 38 BF 90 25 23 7D 77 25
B0 BA 77 25 4B C9 A3 24 00 00 00 00 20 B8 86 24 00 00 00 00 00 00 00 00 00 00 00 00 00 00 00 00
00 00 00 00 00 00 00 00 01 67 2A 23 00 00 00 00 00 00 00 00 CE 65 8D 22 11 CC 03 21 00 00 00 00
5F 20 88 22 B1 14 88 25 53 C6 BF 25 74 D7 88 25 A0 EE DA 24 D9 6E E3 23 77 02 92 23 1B 55 09 24
55 E5 C7 24 49 15 73 24 00 00 00 00 03 63 DC 21 7B 76 42 20 00 00 00 00 B9 41 09 21 00 00 00 00
DD DA 66 21 00 00 00 00 00 00 00 00 00 00 00 00 00 00 00 00 00 00 00 00 00 00 00 00 00 00 00 00
00 00 00 00 00 00 00 00 00 00 00 00 00 00 00 00 00 00 00 00 98 C0 0E 21 77 BB FF 1F CB AB 1A 22
00 00 00 00 00 00 00 00 00 00 00 00 00 00 00 00 00 00 00 00 00 00 00 00 5C F2 4B 21 00 00 00 00
3F 22 81 23 A8 85 57 25 FC 16 00 26 EB 7B 32 26 43 68 32 26 B0 C9 B2 25 99 73 05 24 00 00 00 00
92 41 86 1F 00 00 00 00 00 00 00 00 00 00 00 00 9F 1A 30 21 00 00 00 00 88 98 AE 23 1B F4 34 24
56 85 59 24 38 68 6C 24 38 16 CB 23 00 00 00 00 A9 7A 41 23 00 00 00 00 00 00 00 00 AF 4E 19 23
00 00 00 00 00 00 00 00 46 F0 4A 23 00 00 00 00 00 00 00 00 00 00 00 00 00 00 00 00 00 00 00 00
00 00 00 00 00 00 00 00 00 00 00 00 00 00 00 00 00 00 00 00 00 00 00 00 00 00 00 00 00 00 00 00
00 00 00 00 1F 68 61 1F 00 00 00 00 E9 D6 8D 1E 50 53 36 22 C8 8D CE 23 25 A9 DA 24 4E 20 26 25
71 68 44 25 18 48 A9 25 94 9B 3C 26 81 34 7D 26 84 08 3E 26 60 33 FB 25 E2 B2 A9 25 62 CD 41 25
3E 59 9A 24 EA B0 67 23 00 00 00 00 93 24 45 22 00 00 00 00 00 00 00 00 00 00 00 00 00 00 00 00
00 00 00 00 00 00 00 00 00 00 00 00 00 00 00 00 00 00 00 00 00 00 00 00 00 00 00 00 00 00 00 00
00 00 00 00 00 00 00 00 00 00 00 00 00 00 00 00 00 00 00 00 00 00 00 00 00 00 00 00 00 00 00 00
00 00 00 00 ED 47 B3 22 00 00 00 00 CB DC B4 25 54 9E 9D 26 AA 05 C9 26 2E A4 6A 26 2A 86 99 25
C0 FB 74 24 3E 71 C1 22 78 ED E0 20 74 A0 51 1E 13 2A 76 1D 7D FA 39 1E 2A 5C 23 20 00 00 00 00
EA 83 5E 1E 00 00 00 00 00 00 00 00 00 00 00 00 00 00 00 00 00 00 00 00 00 00 00 00 00 00 00 00
27 CE 0E 24 00 00 00 00 D0 0A 72 24 E9 92 CA 25 A7 EC EC 25 5C D7 AE 25 05 8F 5D 25 18 C5 D1 24
FE 3F 8D 23 00 00 00 00 00 00 00 00 00 00 00 00 00 00 00 00 00 00 00 00 00 00 00 00 8C 91 97 21
A9 42 84 22 D9 DC E1 22 7F 6C A3 22 00 00 00 00 8A CD 11 22 00 00 00 00 00 00 00 00 00 00 00 00
00 00 00 00 4C 41 72 22 00 00 00 00 70 AC 8A 20 00 00 00 00 14 09 7C 21 00 00 00 00 00 00 00 00
00 00 00 00 00 00 00 00 CE 64 5B 22 00 00 00 00 C1 2A 11 24 4E 98 50 25 C7 58 B7 25 94 C6 F3 25
6A 80 17 26 8E 69 47 26 EB 29 98 26 24 5A 00 27 15 CC 35 27 9C E9 0A 27 7C 1D D4 25 00 00 00 00
5D 01 50 22 00 00 00 00 00 00 00 00 00 00 00 00 00 00 00 00 00 00 00 00 00 00 00 00 00 00 00 00
00 00 00 00 00 00 00 00 00 00 00 00 00 00 00 00 00 00 00 00 00 00 00 00 00 00 00 00 00 00 00 00
00 00 00 00 00 00 00 00 00 00 00 00 00 00 00 00 00 00 00 00 00 00 00 00 00 00 00 00 00 00 00 00
00 00 00 00 00 00 00 00 00 00 00 00 00 00 00 00 00 00 00 00 E1 FE 81 23 00 00 00 00 76 AC C8 24
4C F7 90 25 B5 D7 99 25 47 9A 54 25 12 96 F5 24 5C AB 9B 24 D7 EB 79 24 99 6E 85 24 50 03 CB 24
1B 0E 4C 25 68 57 BF 25 C2 F2 B8 25 E1 C8 F0 24 17 4E D8 22 00 00 00 00 43 BD F9 20 00 00 00 00
96 63 A5 21 00 00 00 00 75 0F 0C 22 27 4D 20 23 21 5B B6 22 1F 7A 2D 22 00 00 00 00 BE E3 2E 23
00 00 00 00 00 00 00 00 7C 2B 88 23 00 00 00 00 62 FB 08 24 B7 28 2B 24 00 00 00 00 97 E9 54 24
00 00 00 00 00 00 00 00 00 00 00 00 00 00 00 00 00 00 00 00 00 00 00 00 00 00 00 00 00 00 00 00
AE 90 82 27 00 00 00 00 DD D3 82 28 95 56 26 2A F3 48 E3 2A BE 22 61 2B 62 A3 BB 2B 51 46 05 2C
CD A4 23 2C 68 C8 32 2C AF 84 33 2C 3A 26 25 2C BF 2A F5 2B 16 AB 4A 2B 89 8B F3 26 00 00 00 00
FB 52 CB 26 00 00 00 00 00 00 00 00 00 00 00 00 00 00 00 00 00 00 00 00 00 00 00 00 00 00 00 00
00 00 00 00 00 00 00 00 00 00 00 00 00 00 00 00 00 00 00 00 99 80 88 28 00 00 00 00 D5 8A 98 28
B5 09 16 2A DF 34 A2 2A 9E 5D E4 2A B4 0E 00 2B D2 81 F6 2A A6 C3 C5 2A 00 36 7C 2A B7 92 07 2A
64 33 8D 29 9A 83 20 29 DD 38 D8 28 AA 79 A9 28 DF 10 88 28 82 B7 49 28 E6 97 15 28 CB 94 F9 27
5A 80 DD 27 1C EF AF 27 CE B0 60 27 0B DF E3 26 E0 73 63 26 3F CA 1F 26 CE 31 39 26 25 CE 8B 26
A4 2C A4 26 ED 5C 5A 26 0D 67 9F 25 CC 78 C8 23 00 00 00 00 7B E7 56 23 00 00 00 00 47 F9 F3 22
00 00 00 00 B6 BA B9 22 60 29 14 24 60 B3 0A 24 00 00 00 00 94 2F CA 22 00 00 00 00 00 00 00 00
00 00 00 00 00 00 00 00 00 00 00 00 E2 C0 6B 21 00 00 00 00 B6 04 27 24 C8 60 72 25 7A 5C FF 25
B0 C2 EE 25 2B 4F 92 25 9C E1 07 25 7D 76 35 23 00 00 00 00 6D 9B 17 23 00 00 00 00 00 00 00 00
00 00 00 00 00 00 00 00 00 00 00 00 00 00 00 00 00 00 00 00 00 00 00 00 0A 99 54 23 00 00 00 00
FA F2 D0 23 5E F4 7F 24 00 00 00 00 BF 4C 9C 20 00 00 00 00 00 00 00 00 85 E0 28 22 00 00 00 00
B7 D5 0F 23 18 C7 CF 24 62 5C 64 25 50 4E A2 24 00 00 00 00 00 00 00 00 00 00 00 00 3C 5C 0E 24
45 6E 5E 24 1B 63 70 24 35 0F 08 25 9B 23 02 26 95 D2 A0 26 C6 59 BB 26 7D 4D 46 26 72 17 98 25
5D A6 1D 25 78 F6 22 25 CD 7B 92 25 30 C0 15 26 B8 B0 7B 26 B9 9E 8F 26 6C AB 6B 26 31 9F 16 26
21 4F 46 25 00 00 00 00 7E 65 52 24 00 00 00 00 00 00 00 00 00 00 00 00 00 00 00 00 00 00 00 00
00 00 00 00 00 00 00 00 00 00 00 00 00 00 00 00 00 00 00 00 00 00 00 00 00 00 00 00 00 00 00 00
00 00 00 00 00 00 00 00 00 00 00 00 00 00 00 00 00 00 00 00 00 00 00 00 00 00 00 00 00 00 00 00
00 00 00 00 00 00 00 00 00 00 00 00 00 00 00 00 00 00 00 00 00 00 00 00 00 00 00 00 00 00 00 00
00 00 00 00 00 00 00 00 00 00 00 00 00 00 00 00 00 00 00 00 00 00 00 00 00 00 00 00 41 D4 B4 22
00 00 00 00 22 5A 3D 23 6B 84 A0 25 F7 4E 90 26 F3 0F F5 26 64 78 07 27 84 D6 04 27 5E 50 0A 27
44 47 1B 27 52 AF 35 27 10 D8 55 27 7A FA 78 27 94 D8 89 27 38 FB 7B 27 6C 06 16 27 C1 C2 44 26
07 B3 50 25 BD 28 B4 24 FD 03 97 24 A9 59 AF 24 A7 B9 E3 24 96 9D 55 25 15 0D 0F 26 23 43 AE 26
1C 66 04 27 E4 0E 0C 27 89 5F 09 27 5E 2A 0B 27 30 3F F3 26 91 E2 64 26 F0 E9 0F 23 00 00 00 00
AB 03 48 22 00 00 00 00 00 00 00 00 00 00 00 00 00 00 00 00 00 00 00 00 00 00 00 00 20 2E 06 20
00 00 00 00 48 BF 5C 21 DB AB 49 24 BE 83 4F 25 CF D4 88 25 65 3E 14 25 BF 4D 80 24 6E D9 DE 23
00 00 00 00 F0 10 A5 23 00 00 00 00 00 00 00 00 00 00 00 00 00 00 00 00 00 00 00 00 00 00 00 00
C5 44 19 23 00 00 00 00 92 38 42 24 00 00 00 00 6A DC 7B 20 99 38 91 1F 00 00 00 00 0C 35 0E 22
12 45 81 23 4D 1F 44 24 21 EC B8 24 4C F2 E5 24 54 01 06 25 2A F7 4D 25 66 55 B9 25 14 41 FD 25
2F 0E AC 25 3B CC B4 24 00 00 00 00 D8 7A 2C 22 00 00 00 00 00 00 00 00 00 00 00 00 00 00 00 00
00 00 00 00 00 00 00 00 00 00 00 00 00 00 00 00 00 00 00 00 00 00 00 00 AB 07 94 24 00 00 00 00
D1 47 F1 23 C7 30 81 24 6A DF A9 24 0B FE AF 24 00 00 00 00 B2 AA 6B 24 00 00 00 00 00 00 00 00
00 00 00 00 3C D2 01 20 00 00 00 00 2C D6 20 24 F2 F3 8C 24 57 23 A6 24 5A EE AA 24 00 42 B8 24
84 B4 A9 24 58 88 23 24 1B 6C D8 22 00 00 00 00 D6 D1 3C 20 3C 0D 55 20 00 00 00 00 CC 7D 10 23
AA F7 93 23 00 00 00 00 E8 C0 4A 23 00 00 00 00 00 00 00 00 00 00 00 00 00 00 00 00 00 00 00 00
00 00 00 00 00 00 00 00 00 00 00 00 00 00 00 00 22 DD 28 22 00 00 00 00 AA E2 DE 23 8C B5 A5 23
1B CA 3E 22 81 E8 92 20 91 99 15 20 B1 B5 99 20 00 00 00 00 C9 32 BF 1F 2E 32 85 1E 00 00 00 00
00 00 00 00 AB 1D 2D 21 00 00 00 00 00 00 00 00 00 00 00 00 BE 3C 82 21 00 00 00 00 1D 6A F9 22
96 E3 27 25 D9 9C 42 26 24 C2 B5 26 0F 38 A2 26 D3 09 39 26 E2 B2 CA 25 04 A4 8A 25 72 31 1B 25
00 00 00 00 AB EC F6 23 00 00 00 00 3A 99 99 23 00 00 00 00 00 00 00 00 DA 2A E8 23 00 00 00 00
00 00 00 00 00 00 00 00 00 00 00 00 00 00 00 00 00 00 00 00 00 00 00 00 00 00 00 00 00 00 00 00
00 00 00 00 15 1C C0 20 00 00 00 00 F1 02 99 21 00 00 00 00 6E BB 93 20 44 05 0F 21 00 00 00 00
EA 55 AB 22 74 CA 52 21 00 00 00 00 BC E1 EC 1E 46 12 0F 21 00 00 00 00 4F FE 05 26 A9 FF D1 26
03 D9 A5 26 11 67 0C 26 7A EF 44 25 4A FB 39 24 00 00 00 00 85 09 81 22 00 00 00 00 00 00 00 00
00 00 00 00 00 00 00 00 00 00 00 00 FD AE A7 23 00 00 00 00 00 00 00 00 13 3C 8A 21 00 00 00 00
00 00 00 00 00 00 00 00 00 00 00 00 00 00 00 00 00 00 00 00 00 00 00 00 00 00 00 00 00 00 00 00
00 00 00 00 00 00 00 00 82 3E 2E 1A 08 79 8F 19 88 1D 10 1B 00 00 00 00 00 00 00 00 00 00 00 00
00 00 00 00 00 00 00 00 2B 39 A2 21 00 00 00 00 96 63 E8 21 00 00 00 00 6D 3D 1F 22 00 00 00 00
00 00 00 00 00 00 00 00 00 00 00 00 00 00 00 00 00 00 00 00 00 00 00 00 00 00 00 00 00 00 00 00
00 00 00 00 28 A4 31 22 00 00 00 00 9E 4E 87 25 5C A0 BC 25 9E EE 2C 24 00 00 00 00 49 32 67 1E
B6 60 43 1E 00 00 00 00 24 33 8F 23 DF CC 4A 25 A9 66 52 26 1C B9 F8 26 1B 47 1E 27 D7 0F F3 26
C3 32 AC 26 DC 68 9F 26 D4 F0 C4 26 99 9A E8 26 B7 14 C4 26 5E 87 87 26 7E 9E 76 26 02 92 B0 26
25 E9 08 27 F9 83 EB 26 A2 A9 A9 25 00 00 00 00 50 D8 3B 24 00 00 00 00 00 00 00 00 00 00 00 00
00 00 00 00 00 00 00 00 00 00 00 00 00 00 00 00 00 00 00 00 00 00 00 00 00 00 00 00 00 00 00 00
00 00 00 00 00 00 00 00 00 00 00 00 00 00 00 00 00 00 00 00 00 00 00 00 00 00 00 00 00 00 00 00
00 00 00 00 00 00 00 00 00 00 00 00 00 00 00 00 2A B4 B9 23 00 00 00 00 DD 2B A0 25 06 D1 47 26
74 44 89 26 2D E3 A1 26 89 A6 C2 26 F3 33 CB 26 C8 FA 80 26 F8 1E D7 25 AF 25 21 25 75 6A E7 22
00 00 00 00 B9 83 2D 23 00 00 00 00 5F D0 A3 23 00 00 00 00 F4 26 4C 23 5B 23 8D 22 00 00 00 00
83 0D 06 1F 97 1E 46 1F 00 00 00 00 10 52 7C 21 D2 3F EF 22 58 E7 C1 23 1A DB 85 24 29 57 2E 25
96 55 B0 25 39 C1 D6 25 B5 4D AD 25 A9 72 63 25 4A D1 26 25 72 AB 2B 25 0A 14 5C 25 BA D2 1B 25
00 00 00 00 4C A7 03 24 00 00 00 00 00 00 00 00 00 00 00 00 00 00 00 00 00 00 00 00 00 00 00 00
00 00 00 00 00 00 00 00 00 00 00 00 9A E5 D9 26 00 00 00 00 A6 F2 8A 27 7E 75 28 2A 00 7E 03 2B
8C 92 81 2B 8E EE C4 2B C4 DB FA 2B 0C BB 11 2C BA A1 20 2C 48 99 25 2C A6 76 19 2C EF FD E4 2B
20 89 42 2B 00 00 00 00 1F DE 53 27 00 00 00 00 00 00 00 00 00 00 00 00 00 00 00 00 00 00 00 00
00 00 00 00 00 00 00 00 00 00 00 00 00 00 00 00 00 00 00 00 00 00 00 00 00 00 00 00 00 00 00 00
FD FF 39 28 00 00 00 00 A2 11 BF 27 25 D1 D6 29 F9 68 89 2A 4E 83 E7 2A E0 94 15 2B B5 6D 1F 2B
80 57 0E 2B 19 8F CF 2A 80 39 6E 2A 01 D9 CF 29 97 D6 18 29 B9 47 88 28 B5 69 43 28 BD FD 4D 28
83 72 61 28 34 C5 61 28 3A 8C 61 28 A2 5E 57 28 D1 8B 1F 28 0A CD 99 27 AF 5F C4 26 4E 7B 07 26
65 AF B5 25 FA 62 F8 25 09 E3 5C 26 D7 67 92 26 D2 6A 73 26 50 B0 B8 25 00 00 00 00 C5 05 00 24
00 00 00 00 00 00 00 00 71 DA 96 24 00 00 00 00 C2 91 0D 25 D6 53 58 26 83 5C 76 26 EE 2F 5E 26
32 F1 F6 25 00 00 00 00 8E DE 2A 24 00 00 00 00 BE F4 CF 23 00 00 00 00 69 79 3A 26 5E EA C5 26
F4 8B 8B 26 52 5B 27 25 00 00 00 00 09 D7 DE 22 00 00 00 00 00 00 00 00 00 00 00 00 00 00 00 00
00 00 00 00 00 00 00 00 00 00 00 00 00 00 00 00 00 00 00 00 00 00 00 00 00 00 00 00 00 00 00 00
00 00 00 00 00 00 00 00 00 00 00 00 00 00 00 00 00 00 00 00 B0 98 3D 1F 00 00 00 00 19 5C 31 1F
34 7E 3F 23 A5 BC 18 24 C3 C3 B2 24 19 F9 39 25 99 FC 8A 25 A1 01 79 25 A1 D9 0E 25 54 5E 73 24
F7 03 34 23 00 00 00 00 C6 66 8C 21 00 00 00 00 00 00 00 00 30 28 82 1F 31 63 E8 1E 33 13 D3 1F
00 00 00 00 00 00 00 00 2F F0 2A 22 00 00 00 00 5A 4E CB 22 CF CC 27 24 9F 49 45 25 76 93 D6 25
20 A7 BD 25 B9 7C 67 25 0E 40 1B 25 88 AB 05 25 7C 69 0C 25 5C 26 08 25 A5 8A 79 24 00 00 00 00
34 DE 13 24 00 00 00 00 00 00 00 00 00 00 00 00 00 00 00 00 00 00 00 00 00 00 00 00 00 00 00 00
00 00 00 00 00 00 00 00 00 00 00 00 00 00 00 00 00 00 00 00 00 00 00 00 00 00 00 00 00 00 00 00
