1E FC 8A BA DA 7C 88 BA F9 78 89 BA 2D 5A 8C BA 5D 8D 90 BA C1 8B 92 BA 78 DA 93 BA 88 13 00 00
00 00 00 00 00 00 00 00 7F D6 41 26 49 D5 D8 27 E7 D9 66 28 1D 00 6D 28 A3 BC D6 27 65 E0 92 25
00 00 00 00 41 82 91 24 00 00 00 00 2B E0 27 25 00 00 00 00 6B 04 36 26 84 83 8A 27 C3 B7 B9 27
6F 9F E6 26 00 00 00 00 FC E0 B5 25 00 00 00 00 00 00 00 00 00 00 00 00 F7 35 2A 23 00 00 00 00
53 4E 17 27 AC EA 3A 27 85 D9 0D 26 00 00 00 00 0C D5 7C 25 00 00 00 00 00 00 00 00 00 00 00 00
B9 3F 13 25 00 00 00 00 19 C1 BB 26 96 E7 07 27 31 2B B1 25 00 00 00 00 EE 52 69 25 00 00 00 00
00 00 00 00 00 00 00 00 D6 07 37 25 00 00 00 00 A7 3E D6 26 2B EF 23 27 F8 5E CB 25 00 00 00 00
0E 00 72 25 00 00 00 00 00 00 00 00 00 00 00 00 8C 38 F6 24 00 00 00 00 8E 88 DA 26 26 05 17 27
78 04 A3 25 00 00 00 00 C1 A7 53 25 00 00 00 00 00 00 00 00 00 00 00 00 17 B2 D2 24 00 00 00 00
4C 27 F3 26 B0 E7 25 27 58 D7 DA 25 00 00 00 00 27 A9 87 25 00 00 00 00 00 00 00 00 00 00 00 00
06 2D CD 24 00 00 00 00 B4 D2 C1 26 AB DB 0D 27 16 0D E6 25 00 00 00 00 3A EE 40 25 00 00 00 00
00 00 00 00 00 00 00 00 33 DD 4C 25 00 00 00 00 D2 10 9D 26 DB 6F 07 27 08 BB D7 25 00 00 00 00
77 8E 8A 25 00 00 00 00 00 00 00 00 00 00 00 00 A0 FC 3A 25 00 00 00 00 D0 9D CB 26 A1 AF 28 27
88 05 E6 25 00 00 00 00 CE B1 88 25 00 00 00 00 00 00 00 00 00 00 00 00 E6 6D D1 24 00 00 00 00
12 AA DB 26 96 8C 2C 27 48 09 35 26 00 00 00 00 FA EF B6 25 00 00 00 00 00 00 00 00 00 00 00 00
4F 56 48 25 00 00 00 00 62 A4 C9 26 5A 8A 1A 27 02 67 AF 25 00 00 00 00 83 81 61 25 00 00 00 00
00 00 00 00 00 00 00 00 29 86 47 25 00 00 00 00 72 4E ED 26 71 37 3B 27 A6 67 38 26 00 00 00 00
4D C9 8E 25 00 00 00 00 00 00 00 00 00 00 00 00 EF 52 8E 25 00 00 00 00 E8 D3 BB 26 61 FF 20 27
2F 4B C6 25 00 00 00 00 7F FB 8D 25 00 00 00 00 00 00 00 00 00 00 00 00 E6 FE 60 25 00 00 00 00
D2 BE 10 27 EC 29 71 27 D7 2C 74 26 00 00 00 00 FC 0F BB 25 00 00 00 00 00 00 00 00 00 00 00 00
03 11 98 25 00 00 00 00 2D FB DB 26 D0 8F 48 27 B4 03 3D 26 00 00 00 00 48 74 BC 25 00 00 00 00
00 00 00 00 00 00 00 00 3A 66 4D 25 00 00 00 00 3A F7 BE 26 25 07 26 27 E2 BC 08 26 00 00 00 00
72 15 9D 25 00 00 00 00 00 00 00 00 00 00 00 00 36 3F 2E 25 00 00 00 00 07 6F CA 26 57 1A 3B 27
A1 16 7B 26 00 00 00 00 DD D4 A7 25 00 00 00 00 00 00 00 00 00 00 00 00 E6 B3 C6 25 00 00 00 00
84 D3 BB 26 8A 2D 35 27 9D B7 1C 26 00 00 00 00 4E 89 87 25 00 00 00 00 00 00 00 00 00 00 00 00
6B 18 82 25 00 00 00 00 1B 8F BC 26 8B 3C 30 27 B6 D6 47 26 00 00 00 00 12 D1 AF 25 00 00 00 00
00 00 00 00 00 00 00 00 AE D3 79 25 00 00 00 00 D8 BB B9 26 97 F0 28 27 D7 34 3F 26 00 00 00 00
34 AD AA 25 00 00 00 00 00 00 00 00 00 00 00 00 AA BD 6F 25 00 00 00 00 CF DA B6 26 A1 D0 21 27
D5 B7 33 26 00 00 00 00 84 3C A6 25 00 00 00 00 00 00 00 00 00 00 00 00 C5 FF 97 25 00 00 00 00
74 09 C7 26 D6 86 39 27 23 38 6C 26 00 00 00 00 65 89 9A 25 00 00 00 00 00 00 00 00 21 7D 06 26
00 00 00 00 84 16 C8 26 7A 7F 24 28 F8 C4 80 28 D9 DB 3E 28 F6 9E 48 27 00 00 00 00 B3 B8 49 24
00 00 00 00 89 20 BC 24 00 00 00 00 99 EB 94 26 45 93 99 27 AB 22 A4 27 61 DD 8F 26 00 00 00 00
4A 01 02 26 00 00 00 00 00 00 00 00 00 00 00 00 5C 9D E4 23 00 00 00 00 3F 33 B9 22 5D 27 CA 23
00 00 00 00 7B E4 F4 24 00 00 00 00 00 00 00 00 00 00 00 00 00 00 00 00 00 00 00 00 00 00 00 00
00 00 00 00 00 00 00 00 00 00 00 00 00 00 00 00 00 00 00 00 00 00 00 00 00 00 00 00 00 00 00 00
F3 B5 85 25 00 00 00 00 05 FE 23 25 1C E8 31 27 08 77 18 27 58 1F 51 25 00 00 00 00 DB 5F B0 24
00 00 00 00 B0 B7 50 25 00 00 00 00 78 24 3A 26 A2 B6 B1 27 44 AA 01 28 DF 3E 8B 27 7E A4 C8 24
00 00 00 00 C8 2D 0C 24 00 00 00 00 B9 5C D0 24 00 00 00 00 FE E7 7F 25 8C F3 53 27 1E 1A 95 27
DF 71 F2 26 00 00 00 00 93 83 65 25 00 00 00 00 00 00 00 00 00 00 00 00 55 D5 25 25 00 00 00 00
8D B7 E2 26 DD 88 4D 27 A3 43 A6 26 00 00 00 00 B6 D0 98 25 00 00 00 00 00 00 00 00 00 00 00 00
00 00 00 00 00 00 00 00 00 00 00 00 00 00 00 00 00 00 00 00 00 00 00 00 00 00 00 00 00 00 00 00
9B 83 02 28 00 00 00 00 FA 77 DA 28 3A 20 D7 2A 84 68 96 2B 1A 47 03 2C 91 F7 2D 2C E1 BF 3C 2C
D0 03 33 2C 5E E1 1E 2C 08 81 0B 2C 95 86 EA 2B 17 2D 94 2B B9 CB 8A 2A 00 00 00 00 26 05 61 29
00 00 00 00 00 00 00 00 00 00 00 00 00 00 00 00 00 00 00 00 00 00 00 00 00 00 00 00 00 00 00 00
00 00 00 00 00 00 00 00 00 00 00 00 00 00 00 00 00 00 00 00 29 27 03 28 00 00 00 00 9B 6F 81 28
32 6E 5E 2A 1C 80 17 2B F8 62 66 2B 39 F9 78 2B FA 29 4B 2B 83 1C F3 2A A7 B4 4F 2A B7 3C 81 29
6F 4A 9D 28 2D 10 2F 28 BE F1 62 28 3D D4 FD 28 AB 90 7F 29 69 F5 AC 29 9B E2 8D 29 DF 72 DD 28
31 3B B5 26 00 00 00 00 F3 7F 43 25 00 00 00 00 6A 61 7B 25 00 00 00 00 0F 8A 59 27 B6 B4 32 28
55 32 28 28 E6 43 F4 26 00 00 00 00 CE 22 1D 26 00 00 00 00 00 00 00 00 44 8E E3 25 00 00 00 00
71 25 3D 26 82 FA B0 27 AE 24 9A 27 00 00 00 00 A5 FC 11 25 00 00 00 00 00 00 00 00 00 00 00 00
8E 11 EE 25 00 00 00 00 FD F7 1E 26 89 3C 80 27 84 49 6A 27 00 00 00 00 E0 A5 B0 24 00 00 00 00
00 00 00 00 00 00 00 00 24 86 16 26 00 00 00 00 93 A9 C3 26 6F 24 B8 27 95 70 84 27 00 00 00 00
BB B8 A2 25 00 00 00 00 00 00 00 00 00 00 00 00 C0 D2 B2 25 00 00 00 00 EE 2A E6 25 8E 52 4F 27
43 24 29 27 00 00 00 00 38 93 53 25 00 00 00 00 00 00 00 00 00 00 00 00 74 13 D8 25 00 00 00 00
75 D5 5C 26 7F B9 53 27 1B F5 12 27 00 00 00 00 F9 FE 16 25 00 00 00 00 00 00 00 00 00 00 00 00
14 6A 28 26 00 00 00 00 4F 47 9E 26 C0 27 99 27 2F CD 6B 27 2A 47 C3 24 00 00 00 00 43 35 50 24
00 00 00 00 74 03 F3 23 00 00 00 00 60 C3 54 24 4A 2C 95 27 31 6E 17 28 9C A3 EE 27 5F 31 99 26
00 00 00 00 3B A5 82 25 00 00 00 00 00 00 00 00 2A 98 8E 25 00 00 00 00 95 89 72 26 75 B0 11 27
BB 20 C8 25 00 00 00 00 75 26 E4 25 00 00 00 00 00 00 00 00 00 00 00 00 00 00 00 00 00 00 00 00
00 00 00 00 00 00 00 00 00 00 00 00 00 00 00 00 00 00 00 00 00 00 00 00 00 00 00 00 00 00 00 00
00 00 00 00 00 00 00 00 00 00 00 00 00 00 00 00 00 00 00 00 00 00 00 00 00 00 00 00 00 00 00 00
00 00 00 00 00 00 00 00 00 00 00 00 2F 11 12 26 00 00 00 00 B4 65 CA 25 D4 B7 5D 26 E6 B8 50 24
00 00 00 00 CC D4 3F 23 00 00 00 00 37 2C 91 24 00 00 00 00 F0 A6 53 27 10 56 6D 28 4C 31 C8 28
4A DA B7 28 5E 9B 27 28 89 43 D2 26 00 00 00 00 00 00 00 00 00 00 00 00 E3 AD 30 23 8E B6 34 27
03 DC 1C 28 01 AE 60 28 A4 0E 21 28 52 01 1D 27 00 00 00 00 7E AB D7 24 00 00 00 00 00 00 00 00
C9 55 A0 24 00 00 00 00 34 F8 16 27 3C 88 9D 27 E0 08 46 27 00 00 00 00 A7 03 A6 22 00 00 00 00
00 00 00 00 00 00 00 00 3D 3B 81 25 00 00 00 00 E7 B6 58 26 69 A3 2A 27 6E 1B ED 26 00 00 00 00
5B 41 50 24 00 00 00 00 00 00 00 00 00 00 00 00 D6 54 86 25 00 00 00 00 CB B4 B6 25 07 F1 BE 26
C0 28 92 26 00 00 00 00 E1 B8 1F 25 00 00 00 00 00 00 00 00 00 00 00 00 C4 1B AE 25 00 00 00 00
AB 81 FE 25 D3 49 F2 26 1B 97 99 26 00 00 00 00 0F 2D 0E 25 00 00 00 00 00 00 00 00 00 00 00 00
3D 3B 92 25 00 00 00 00 AE F1 FB 25 D3 D5 05 27 02 57 AA 26 00 00 00 00 B0 B2 56 25 00 00 00 00
00 00 00 00 00 00 00 00 CC AC AB 25 00 00 00 00 6D CB 10 26 D8 DE 01 27 E6 7A A2 26 00 00 00 00
EE 27 FE 24 00 00 00 00 00 00 00 00 00 00 00 00 50 0F 8E 25 00 00 00 00 1E 54 F0 25 A7 C2 EC 26
EA 07 B3 26 00 00 00 00 07 24 BA 24 00 00 00 00 00 00 00 00 00 00 00 00 65 17 52 25 00 00 00 00
81 B8 71 25 77 8C C0 26 BF 17 83 26 00 00 00 00 32 9F 40 25 00 00 00 00 00 00 00 00 00 00 00 00
10 EE 98 25 00 00 00 00 91 B6 F7 25 56 E9 E2 26 97 ED 90 26 00 00 00 00 DD 30 E1 24 00 00 00 00
00 00 00 00 00 00 00 00 0E 5A 95 25 00 00 00 00 B2 2C 07 26 CA E2 E5 26 87 3B A5 26 00 00 00 00
B8 C8 0A 25 00 00 00 00 00 00 00 00 00 00 00 00 63 95 A9 25 00 00 00 00 AA DA FD 25 E3 C5 ED 26
20 76 8B 26 00 00 00 00 10 77 11 25 00 00 00 00 00 00 00 00 00 00 00 00 0E 9D 8B 25 00 00 00 00
B9 3B D7 25 67 E1 EE 26 6A 2C B5 26 00 00 00 00 FA 16 77 24 00 00 00 00 00 00 00 00 00 00 00 00
99 76 54 25 00 00 00 00 35 44 41 25 6C 62 B8 26 A2 C3 8D 26 00 00 00 00 DA 22 FA 24 00 00 00 00
00 00 00 00 00 00 00 00 29 12 94 25 00 00 00 00 08 63 F8 25 55 9D EB 26 07 3B BB 26 00 00 00 00
1E 18 CA 24 00 00 00 00 00 00 00 00 00 00 00 00 E6 33 96 25 00 00 00 00 12 A9 CC 25 5E CA 05 27
84 1D C8 26 00 00 00 00 AD 4B 0F 25 00 00 00 00 00 00 00 00 00 00 00 00 77 BD 57 25 00 00 00 00
91 C8 8A 25 81 20 FB 26 75 78 D0 26 00 00 00 00 26 F6 75 24 00 00 00 00 00 00 00 00 00 00 00 00
A3 E9 83 25 00 00 00 00 B9 D6 9B 25 E6 3D C0 26 12 C9 8D 26 00 00 00 00 24 C7 3F 24 00 00 00 00
00 00 00 00 00 00 00 00 4F 7A 80 25 00 00 00 00 E2 17 8F 25 F5 F6 E5 26 8A 9B BC 26 00 00 00 00
63 C0 B6 24 00 00 00 00 00 00 00 00 00 00 00 00 A6 31 51 25 00 00 00 00 66 2F 85 25 9A DE FD 26
FF 78 E5 26 00 00 00 00 25 24 F0 24 00 00 00 00 00 00 00 00 00 00 00 00 9F 55 AA 25 00 00 00 00
38 4B 07 26 FB F7 07 27 D5 DA B1 26 00 00 00 00 0C 8E 03 25 00 00 00 00 00 00 00 00 00 00 00 00
AF E9 54 25 00 00 00 00 06 7B 8A 25 4D 63 DE 26 E9 97 B5 26 00 00 00 00 9C 1D A8 24 00 00 00 00
00 00 00 00 00 00 00 00 BC BF 3F 25 00 00 00 00 76 30 6F 25 E8 2E 0D 27 70 0F FB 26 62 46 C9 23
00 00 00 00 D1 FB B1 23 00 00 00 00 00 00 00 00 47 75 D2 25 00 00 00 00 46 58 86 27 69 DF 52 28
BF 98 82 28 DD 76 0A 28 22 8F 8E 26 00 00 00 00 EA ED 81 24 A5 B7 6D 22 00 00 00 00 D9 47 E8 23
1E 73 24 27 C6 6E 9E 27 BD 80 43 27 00 00 00 00 18 38 49 25 00 00 00 00 00 00 00 00 00 00 00 00
00 00 00 00 75 0E 1A 25 00 00 00 00 FA E8 3C 24 00 00 00 00 FE C6 07 25 00 00 00 00 00 00 00 00
00 00 00 00 00 00 00 00 00 00 00 00 00 00 00 00 00 00 00 00 00 00 00 00 00 00 00 00 00 00 00 00
00 00 00 00 00 00 00 00 00 00 00 00 00 00 00 00 00 00 00 00 61 3C 05 26 00 00 00 00 85 36 A1 26
17 F6 0C 27 8D 22 52 26 00 00 00 00 2E 7F 68 24 00 00 00 00 00 00 00 00 25 22 C9 24 00 00 00 00
FB 58 29 27 B2 44 D4 27 AC 32 C1 27 23 48 D9 26 00 00 00 00 26 9E 20 25 00 00 00 00 00 00 00 00
0B EB 39 25 00 00 00 00 12 77 B1 26 5A 92 5E 27 A1 78 35 27 E0 20 C9 25 00 00 00 00 CB 0E 07 25
00 00 00 00 00 00 00 00 C4 06 3D 25 00 00 00 00 AA F7 C3 25 D8 57 F3 26 F8 77 F1 26 66 B9 1F 25
00 00 00 00 06 20 DD 24 00 00 00 00 00 00 00 00 00 00 00 00 00 00 00 00 00 00 00 00 00 00 00 00
00 00 00 00 00 00 00 00 00 00 00 00 00 00 00 00 00 00 00 00 B3 83 45 28 00 00 00 00 B3 84 30 2A
4B BC 44 2B 2A 78 CD 2B CE 4D 1A 2C 4A 9E 3A 2C BC EE 3F 2C 6B 00 31 2C B1 BA 1B 2C 84 D5 06 2C
9E 72 CB 2B 78 7E 30 2B 00 00 00 00 3D BE 55 26 00 00 00 00 00 00 00 00 00 00 00 00 00 00 00 00
00 00 00 00 00 00 00 00 00 00 00 00 00 00 00 00 00 00 00 00 00 00 00 00 00 00 00 00 00 00 00 00
00 00 00 00 00 00 00 00 D5 54 B9 27 00 00 00 00 54 D8 B3 29 28 95 C5 2A 4D A4 3E 2B ED DE 6F 2B
41 71 62 2B 94 B7 21 2B EC C0 A8 2A 79 C9 00 2A BB F4 24 29 BE D5 88 28 5A 88 5D 28 CE 3B AD 28
A9 08 2B 29 44 73 88 29 8F 60 91 29 29 38 32 29 C1 5C 36 28 00 00 00 00 11 6B 17 25 00 00 00 00
77 F2 13 25 00 00 00 00 2C 8D 3C 26 AD 1C BA 27 B9 BB 1D 28 41 65 B2 27 00 00 00 00 25 D8 60 25
00 00 00 00 00 00 00 00 00 00 00 00 B5 05 BC 25 00 00 00 00 56 9B 0E 27 D1 63 98 27 D3 6C 07 27
00 00 00 00 F9 53 F3 25 00 00 00 00 00 00 00 00 00 00 00 00 D4 0B 68 25 00 00 00 00 A9 4C F0 26
AC 4E 5C 27 0C 7E A0 26 00 00 00 00 8A FE B0 25 00 00 00 00 00 00 00 00 00 00 00 00 6C 96 23 25
00 00 00 00 F0 E8 0A 27 8C 6E 59 27 D7 CE 79 26 00 00 00 00 30 5D B7 25 00 00 00 00 00 00 00 00
00 00 00 00 FB 0F 5B 25 00 00 00 00 8A 93 B3 26 1B FC 1B 27 36 D1 1A 26 00 00 00 00 78 31 89 25
00 00 00 00 00 00 00 00 00 00 00 00 91 81 4D 24 00 00 00 00 2F 35 DA 26 70 73 13 27 6F CE E7 25
00 00 00 00 D7 CE 6B 25 00 00 00 00 00 00 00 00 00 00 00 00 06 29 FD 24 00 00 00 00 0F 3D 18 27
95 63 7C 27 F7 8B E7 26 00 00 00 00 09 65 1F 25 00 00 00 00 00 00 00 00 D6 54 9A 25 00 00 00 00
6A BD FE 26 91 9A E2 27 1B EA 11 28 D0 A8 93 27 00 00 00 00 3F B4 2D 24 00 00 00 00 00 00 00 00
00 00 00 00 DE 19 99 23 00 00 00 00 8E BE A5 26 44 34 97 26 00 00 00 00 D6 95 D1 25 00 00 00 00
00 00 00 00 00 00 00 00 00 00 00 00 00 00 00 00 00 00 00 00 00 00 00 00 00 00 00 00 00 00 00 00
00 00 00 00 00 00 00 00 00 00 00 00 00 00 00 00 00 00 00 00 00 00 00 00 00 00 00 00 00 00 00 00
00 00 00 00 00 00 00 00 00 00 00 00 00 00 00 00 00 00 00 00 00 00 00 00 00 00 00 00 00 00 00 00
9E D0 67 25 00 00 00 00 BF B7 01 26 B5 1F CA 25 00 00 00 00 07 0C 2B 24 00 00 00 00 3B D5 7B 24
00 00 00 00 63 1A 4E 26 48 C8 11 28 60 E6 A8 28 90 F3 CA 28 C7 69 88 28 97 71 B6 27 AF 8C 16 26
00 00 00 00 00 00 00 00 00 00 00 00 ED EA 51 26 30 1B B6 27 16 4D 3B 28 91 CB 3C 28 9A B0 A7 27
9F 0D 94 25 00 00 00 00 9B E2 42 24 00 00 00 00 4A AA D6 24 00 00 00 00 83 00 7C 26 4D 68 5A 27
D0 C9 7E 27 CD DC AA 26 00 00 00 00 C9 16 84 25 00 00 00 00 00 00 00 00 BD 99 48 24 00 00 00 00
DB 85 62 24 9A 0A FC 26 44 66 25 27 EA 1B 2C 26 00 00 00 00 E2 B4 78 25 00 00 00 00 00 00 00 00
00 00 00 00 83 0F 3C 25 00 00 00 00 FA 4D 68 26 E9 72 C5 26 EB F1 96 25 00 00 00 00 B6 A5 42 25
00 00 00 00 00 00 00 00 00 00 00 00 1B EF B7 24 00 00 00 00 A6 E9 B9 26 B8 53 F3 26 F9 76 7F 25
00 00 00 00 2C A7 27 25 00 00 00 00 00 00 00 00 00 00 00 00 DC CC 84 23 00 00 00 00 4F 84 AE 26
A6 FB EB 26 DE B2 B2 25 00 00 00 00 6D 41 59 25 00 00 00 00 00 00 00 00 00 00 00 00 F8 7F CD 24
00 00 00 00 E9 45 96 26 B9 33 DC 26 85 A7 B2 25 00 00 00 00 BD BB 5A 25 00 00 00 00 00 00 00 00
00 00 00 00 8E 76 5D 24 00 00 00 00 79 ED 93 26 76 F0 F1 26 F1 12 34 26 00 00 00 00 3E 97 7D 25
00 00 00 00 00 00 00 00 00 00 00 00 CC 7D 0B 25 00 00 00 00 8E 58 90 26 EB 75 CB 26 96 FE AE 25
00 00 00 00 06 53 66 25 00 00 00 00 00 00 00 00 00 00 00 00 1A 9F 24 25 00 00 00 00 22 15 7A 26
1C B2 D0 26 A3 81 DA 25 00 00 00 00 40 D7 58 25 00 00 00 00 00 00 00 00 00 00 00 00 AB 30 27 25
00 00 00 00 D3 C0 A4 26 BB F7 EF 26 9F BD 00 26 00 00 00 00 4B 51 87 25 00 00 00 00 00 00 00 00
00 00 00 00 56 ED F3 24 00 00 00 00 27 C3 B5 26 48 FF 03 27 0A E7 04 26 00 00 00 00 E6 DF 89 25
00 00 00 00 00 00 00 00 00 00 00 00 98 F5 34 25 00 00 00 00 00 85 A1 26 9A A4 EA 26 76 51 EC 25
00 00 00 00 90 14 47 25 00 00 00 00 00 00 00 00 00 00 00 00 33 B3 5D 25 00 00 00 00 70 A3 9D 26
9A B0 EF 26 39 08 ED 25 00 00 00 00 51 B3 86 25 00 00 00 00 00 00 00 00 00 00 00 00 EA 59 72 25
00 00 00 00 41 2E 8F 26 B9 55 0E 27 33 D1 3E 26 00 00 00 00 8C 7A 96 25 00 00 00 00 00 00 00 00
00 00 00 00 1E 44 D2 24 00 00 00 00 72 20 B1 26 4A F6 11 27 39 81 43 26 00 00 00 00 2D 31 A7 25
00 00 00 00 00 00 00 00 00 00 00 00 E6 19 6A 25 00 00 00 00 D1 3F A8 26 01 F8 0C 27 26 74 2C 26
00 00 00 00 11 0B A5 25 00 00 00 00 00 00 00 00 00 00 00 00 EF 68 6F 25 00 00 00 00 BD 54 88 26
DA 79 F9 26 89 7C 1E 26 00 00 00 00 1C 1F 6B 25 00 00 00 00 00 00 00 00 00 00 00 00 3E E5 6C 25
00 00 00 00 A1 51 93 26 12 F8 FF 26 DB 1F 10 26 00 00 00 00 CF 22 9B 25 00 00 00 00 00 00 00 00
00 00 00 00 45 DC 3C 25 00 00 00 00 35 2D CB 26 A1 2C 1B 27 22 FE 24 26 00 00 00 00 6D CF 88 25
00 00 00 00 00 00 00 00 00 00 00 00 B6 8E 90 25 00 00 00 00 53 23 B3 26 07 14 29 27 E8 E2 7E 26
00 00 00 00 CD B6 BA 25 00 00 00 00 00 00 00 00 00 00 00 00 92 F5 90 25 00 00 00 00 A1 D9 8A 26
D5 98 15 27 C4 7A 66 26 00 00 00 00 58 B5 CF 25 00 00 00 00 00 00 00 00 00 00 00 00 02 CA 69 25
00 00 00 00 02 DD A2 26 28 FF 1C 27 31 EF 8E 26 00 00 00 00 40 0E A5 25 00 00 00 00 00 00 00 00
E8 31 0A 26 00 00 00 00 F5 3E A7 26 65 C4 27 28 DB 42 82 28 4E 2D 4D 28 4D EF 7E 27 00 00 00 00
7E 5A 86 24 00 00 00 00 F2 50 B1 24 00 00 00 00 39 6A 78 26 3F 6A 8E 27 5F 96 B0 27 F4 4E D4 26
00 00 00 00 23 90 17 26 00 00 00 00 00 00 00 00 00 00 00 00 17 32 BB 23 00 00 00 00 50 93 80 22
11 65 5E 24 00 00 00 00 DD 58 72 25 00 00 00 00 00 00 00 00 00 00 00 00 00 00 00 00 00 00 00 00
00 00 00 00 00 00 00 00 00 00 00 00 00 00 00 00 00 00 00 00 00 00 00 00 00 00 00 00 00 00 00 00
00 00 00 00 C7 88 06 26 00 00 00 00 A3 00 96 25 02 25 11 27 E5 01 03 27 7B 9B 41 25 00 00 00 00
DF 7C 99 24 00 00 00 00 9B 75 57 25 00 00 00 00 1C 64 5D 26 8E 93 9D 27 FE 68 E1 27 EB 00 84 27
CE D4 42 24 00 00 00 00 C8 7F AB 23 00 00 00 00 16 96 B7 24 00 00 00 00 66 85 2B 25 9E 3F 52 27
09 A8 AE 27 03 AA 3A 27 00 00 00 00 75 71 30 25 00 00 00 00 00 00 00 00 00 00 00 00 E5 68 42 25
00 00 00 00 13 11 CE 26 01 33 3E 27 63 BB C2 26 00 00 00 00 7D 82 49 25 00 00 00 00 00 00 00 00
00 00 00 00 00 00 00 00 00 00 00 00 00 00 00 00 00 00 00 00 00 00 00 00 00 00 00 00 00 00 00 00
00 00 00 00 C2 76 EE 27 00 00 00 00 86 DA B8 28 B9 E9 D8 2A 2D E0 96 2B 27 B8 02 2C AB 0F 2E 2C
6F 31 3E 2C 7D 0C 34 2C BD 6C 1E 2C 97 5D 0A 2C DF BB E9 2B 79 B9 95 2B 42 91 8D 2A 00 00 00 00
BA BA 61 29 00 00 00 00 00 00 00 00 00 00 00 00 00 00 00 00 00 00 00 00 00 00 00 00 00 00 00 00
00 00 00 00 00 00 00 00 00 00 00 00 00 00 00 00 00 00 00 00 00 00 00 00 72 05 0E 28 00 00 00 00
9D 60 82 28 EB CB 60 2A 40 CD 18 2B 78 1D 66 2B 6E 6A 76 2B 5E AD 4A 2B 8F 56 F7 2A 8C 36 57 2A
1D 93 8B 29 C3 13 B5 28 22 6E 49 28 A3 C6 71 28 1F 87 F4 28 82 52 71 29 7D BB A8 29 5C AB 8E 29
D4 E0 DE 28 A3 A7 95 26 00 00 00 00 A8 F1 31 25 00 00 00 00 F4 B6 88 25 00 00 00 00 AD 48 53 27
81 CD 2A 28 99 B3 2A 28 22 AA 03 27 00 00 00 00 AC FB 36 26 00 00 00 00 00 00 00 00 67 A9 03 26
00 00 00 00 92 68 4E 26 5D 2D AC 27 71 C3 9F 27 00 00 00 00 F4 D9 18 23 00 00 00 00 00 00 00 00
00 00 00 00 59 53 E9 25 00 00 00 00 12 C4 1C 26 8A 53 82 27 4F A3 76 27 43 8A 2A 24 00 00 00 00
64 DA 16 24 00 00 00 00 00 00 00 00 F2 F4 F3 25 00 00 00 00 E9 F8 7C 26 D1 F2 80 27 1B 0C 4D 27
00 00 00 00 5C 6F 17 25 00 00 00 00 00 00 00 00 00 00 00 00 D5 F6 AB 25 00 00 00 00 28 52 E8 25
0D 78 3B 27 7D B0 1D 27 00 00 00 00 50 39 0D 25 00 00 00 00 00 00 00 00 00 00 00 00 DD 3E CD 25
00 00 00 00 84 31 2D 26 F4 23 45 27 33 F5 0F 27 00 00 00 00 24 7C 50 25 00 00 00 00 00 00 00 00
00 00 00 00 89 E8 13 26 00 00 00 00 D8 01 96 26 97 B4 92 27 B2 6E 78 27 7D 1C A6 25 00 00 00 00
08 90 0E 25 00 00 00 00 00 00 00 00 E2 AD EA 23 00 00 00 00 6E B1 9D 27 E2 E7 1E 28 98 AD 00 28
69 C9 C7 26 00 00 00 00 E4 33 BA 25 00 00 00 00 00 00 00 00 5C 58 6B 25 00 00 00 00 CD 9A 86 26
F0 64 11 27 79 E1 10 26 00 00 00 00 75 43 21 26 00 00 00 00 00 00 00 00 00 00 00 00 00 00 00 00
00 00 00 00 00 00 00 00 00 00 00 00 00 00 00 00 00 00 00 00 00 00 00 00 00 00 00 00 00 00 00 00
00 00 00 00 00 00 00 00 00 00 00 00 00 00 00 00 00 00 00 00 00 00 00 00 00 00 00 00 00 00 00 00
00 00 00 00 00 00 00 00 00 00 00 00 00 00 00 00 40 6C 24 26 00 00 00 00 C5 1F F1 25 E0 3C 80 26
F9 CD F8 23 00 00 00 00 0F 6F 43 23 00 00 00 00 1F 16 10 25 00 00 00 00 24 BB 51 27 E5 80 73 28
1F 8B D6 28 39 72 CB 28 82 24 3B 28 AE 56 F0 26 00 00 00 00 00 00 00 00 00 00 00 00 EB 4A 03 24
F6 F6 29 27 3B 75 18 28 1F 10 67 28 C4 50 2B 28 88 AF 1D 27 00 00 00 00 B1 6F 40 25 00 00 00 00
00 00 00 00 1A 50 1C 24 00 00 00 00 E7 F8 3A 27 D9 4B B9 27 A3 E2 71 27 00 00 00 00 3F D2 6B 23
00 00 00 00 00 00 00 00 00 00 00 00 C5 A1 B7 25 00 00 00 00 61 44 83 26 89 FC 38 27 00 00 00 00
00 00 00 00 00 00 00 00 29 95 17 31 E6 26 AB 30 00 00 00 00 24 C4 9E 30 00 00 00 00 00 00 00 00
00 00 00 00 2B 7D 4C 30 00 00 00 00 07 A2 80 31 F1 C8 BC 31 0B 74 54 30 00 00 00 00 41 10 EC 2F
00 00 00 00 00 00 00 00 00 00 00 00 70 BB 8B 2F 00 00 00 00 AA 1E 11 31 49 5D 4C 31 B2 64 0C 30
00 00 00 00 A4 F0 80 2F 00 00 00 00 00 00 00 00 00 00 00 00 15 9E 04 2F 00 00 00 00 CA 08 86 30
E7 7F C0 30 F1 B0 8A 2F 00 00 00 00 BD 91 F9 2E 00 00 00 00 00 00 00 00 00 00 00 00 06 6B 88 2E
00 00 00 00 F8 E1 EC 2F B4 46 30 30 DD 0F 03 2F 00 00 00 00 65 32 6C 2E 00 00 00 00 00 00 00 00
00 00 00 00 8C 8F 0C 2E 00 00 00 00 20 78 51 2F C5 29 A3 2F A7 8B 80 2E 00 00 00 00 78 DA E2 2D
00 00 00 00 00 00 00 00 00 00 00 00 BA C8 8C 2D 00 00 00 00 86 1B BB 2E D3 A0 18 2F B1 7F 01 2E
00 00 00 00 5A 20 59 2D 00 00 00 00 00 00 00 00 00 00 00 00 93 0F 09 2D 00 00 00 00 CE C7 25 2E
AE 3B 8D 2E 62 5D 80 2D 00 00 00 00 E1 42 CE 2C 00 00 00 00 00 00 00 00 00 00 00 00 AE 9C 84 2C
00 00 00 00 CF FE 92 2D DD F6 02 2E 69 B7 00 2D 00 00 00 00 70 70 43 2C 00 00 00 00 00 00 00 00
00 00 00 00 10 A2 FF 2B 00 00 00 00 11 29 02 2D 51 AD 75 2D A1 9A 84 2C 00 00 00 00 F6 D0 B7 2B
00 00 00 00 00 00 00 00 00 00 00 00 8B 43 7A 2B 00 00 00 00 86 EE 5B 2C 58 FF E2 2C C4 1B 09 2C
00 00 00 00 E7 F4 2A 2B 00 00 00 00 00 00 00 00 00 00 00 00 93 5D EA 2A 00 00 00 00 3E 38 B5 2B
27 4C 4D 2C 7E 48 8A 2B 00 00 00 00 9B 18 99 2A 00 00 00 00 00 00 00 00 00 00 00 00 E2 6F 56 2A
00 00 00 00 82 76 0F 2B 2B 6A B7 2B B0 17 0C 2B 00 00 00 00 DD 3D 07 2A 00 00 00 00 00 00 00 00
00 00 00 00 68 DD C1 29 00 00 00 00 54 FB 62 2A 3A E1 25 2B 04 F6 8E 2A 00 00 00 00 09 57 65 29
00 00 00 00 00 00 00 00 00 00 00 00 9E B8 2B 29 00 00 00 00 DD 92 C5 29 DB 9B B5 2A 91 B3 64 2A
00 00 00 00 32 0E D2 27 00 00 00 00 00 00 00 00 00 00 00 00 53 44 58 28 00 00 00 00 11 33 9E 29
3B 32 4C 2A A7 8E F3 29 00 00 00 00 CE F7 36 27 00 00 00 00 00 00 00 00 00 00 00 00 4A 7F 15 26
00 00 00 00 BD 58 DE 25 B4 90 F5 28 FF 1A 96 28 00 00 00 00 19 E5 C3 27 00 00 00 00 00 00 00 00
00 00 00 00 00 00 00 00 B0 BD 35 27 00 00 00 00 E5 FF 09 27 74 13 E3 26 00 00 00 00 B2 F7 11 27
00 00 00 00 00 00 00 00 00 00 00 00 00 00 00 00 00 00 00 00 A4 77 10 26 00 00 00 00 39 98 45 27
00 1D 42 26 00 00 00 00 5F DB A3 25 00 00 00 00 00 00 00 00 90 C8 D7 23 00 00 00 00 72 82 39 24
5E EB C6 27 54 07 40 28 7B 53 DD 27 93 14 66 26 00 00 00 00 2B B2 32 25 00 00 00 00 00 00 00 00
14 06 31 25 00 00 00 00 8C 65 CF 26 EF 66 B3 27 EF 74 91 27 90 CF 8F 26 00 00 00 00 8B 7A 25 25
00 00 00 00 00 00 00 00 00 00 00 00 D3 4C E2 24 00 00 00 00 D7 C5 EF 26 38 DB 37 27 C8 47 93 26
00 00 00 00 C8 CC FC 24 00 00 00 00 00 00 00 00 00 00 00 00 33 EB DD 24 00 00 00 00 32 22 B9 23
00 00 00 00 D5 18 A7 25 00 00 00 00 00 00 00 00 00 00 00 00 00 00 00 00 00 00 00 00 60 BB 0E 28
00 00 00 00 76 C0 79 2A CF 89 58 2B 06 DA C5 2B B2 CA 09 2C F3 5B 22 2C 9F CA 29 2C 5F 2E 25 2C
A4 CC 1C 2C 54 8E 12 2C 0C 23 EC 2B 92 DD 59 2B CE 3A 05 28 00 00 00 00 95 95 D8 27 00 00 00 00
00 00 00 00 00 00 00 00 00 00 00 00 00 00 00 00 00 00 00 00 00 00 00 00 00 00 00 00 00 00 00 00
00 00 00 00 00 00 00 00 00 00 00 00 00 00 00 00 4A B3 F9 27 00 00 00 00 87 86 D7 29 8C A1 DD 2A
81 49 47 2B 1A 83 6D 2B FA FE 57 2B D3 6E 15 2B 8A 66 97 2A 36 D5 E6 29 1E E5 1F 29 58 4C 9B 28
A0 EA 8E 28 E6 17 E2 28 7C BD 4A 29 4D 41 92 29 98 A5 91 29 9B 10 24 29 9D F9 06 28 00 00 00 00
86 68 4E 25 00 00 00 00 16 85 15 25 00 00 00 00 DE E8 94 26 3D C8 C7 27 DF F6 17 28 0E D1 8D 27
00 00 00 00 FB 91 8F 25 00 00 00 00 00 00 00 00 00 00 00 00 D4 BE 70 25 00 00 00 00 DA 40 23 27
11 91 97 27 71 7B D9 26 00 00 00 00 BE 31 02 26 00 00 00 00 00 00 00 00 00 00 00 00 EA 61 69 25
00 00 00 00 C4 5E 0D 27 FE 9A 82 27 4C 26 88 26 00 00 00 00 9A E1 E4 25 00 00 00 00 00 00 00 00
E9 D8 01 23 00 00 00 00 7F 19 DE 22 BC 84 34 27 DB B5 7E 27 68 51 4C 26 00 00 00 00 82 49 D1 25
00 00 00 00 00 00 00 00 00 00 00 00 31 A3 2B 25 00 00 00 00 51 AE EE 26 DE DB 5A 27 10 62 88 26
00 00 00 00 E3 3E B6 25 00 00 00 00 00 00 00 00 00 00 00 00 63 94 0A 25 00 00 00 00 4E 52 E4 26
AD 99 3C 27 2A A5 F5 25 00 00 00 00 43 EC 9D 25 00 00 00 00 00 00 00 00 00 00 00 00 9A CB 80 25
00 00 00 00 F7 44 3E 27 47 53 AB 27 B6 02 11 27 00 00 00 00 29 A5 69 25 00 00 00 00 00 00 00 00
FC 62 76 25 00 00 00 00 8D FA CF 26 61 F3 DE 27 D4 05 17 28 24 87 8E 27 00 00 00 00 59 AB 1A 25
00 00 00 00 00 00 00 00 C0 76 88 24 00 00 00 00 5C 92 9B 24 2E 28 E5 26 01 16 E6 26 00 00 00 00
62 22 F4 25 00 00 00 00 00 00 00 00 00 00 00 00 00 00 00 00 00 00 00 00 00 00 00 00 00 00 00 00
00 00 00 00 00 00 00 00 00 00 00 00 00 00 00 00 00 00 00 00 00 00 00 00 00 00 00 00 00 00 00 00
00 00 00 00 00 00 00 00 00 00 00 00 00 00 00 00 00 00 00 00 00 00 00 00 00 00 00 00 00 00 00 00
00 00 00 00 00 00 00 00 0F 43 90 25 00 00 00 00 A0 BC 58 26 96 B6 1B 26 00 00 00 00 38 D0 33 24
00 00 00 00 20 7B 22 24 00 00 00 00 A0 AB BE 25 46 C4 1D 28 6C EC C5 28 A3 45 EA 28 D1 4A 90 28
22 28 99 27 A5 75 6B 25 00 00 00 00 00 00 00 00 00 00 00 00 A0 56 20 26 21 8B BA 27 B8 10 54 28
B7 F9 6A 28 6C 40 E6 27 5F C7 99 25 00 00 00 00 D5 13 8A 24 00 00 00 00 6D 8A 1B 25 00 00 00 00
A5 1A 28 26 84 E1 78 27 F9 26 AC 27 AA 08 09 27 00 00 00 00 25 75 A8 25 00 00 00 00 00 00 00 00
00 00 00 00 E5 A1 44 24 00 00 00 00 CB EA F0 26 4E DE 42 27 FF 43 8A 26 00 00 00 00 6E 42 A5 25
00 00 00 00 00 00 00 00 00 00 00 00 55 7D 55 25 00 00 00 00 93 83 D9 26 15 1E 27 27 2E 3A F0 25
00 00 00 00 2B 01 9C 25 00 00 00 00 00 00 00 00 00 00 00 00 E7 27 19 25 00 00 00 00 A6 0C D8 26
F5 BB 22 27 42 EA 18 26 00 00 00 00 9E 34 C0 25 00 00 00 00 00 00 00 00 00 00 00 00 63 6A 20 25
00 00 00 00 99 73 B2 26 5C 16 17 27 F9 45 19 26 00 00 00 00 2C 4C A4 25 00 00 00 00 00 00 00 00
00 00 00 00 72 4E DA 24 00 00 00 00 90 97 D4 26 10 4B 21 27 C9 26 1A 26 00 00 00 00 3E A6 9E 25
00 00 00 00 00 00 00 00 00 00 00 00 70 9C 5C 25 00 00 00 00 3A DF 9C 26 25 2A 1A 27 EE B4 39 26
00 00 00 00 57 E4 A6 25 00 00 00 00 00 00 00 00 00 00 00 00 30 79 36 25 00 00 00 00 1F 78 9F 26
2D FA 03 27 EF 3D F8 25 00 00 00 00 B9 15 93 25 00 00 00 00 00 00 00 00 00 00 00 00 56 42 27 25
00 00 00 00 AC EB A3 26 56 2C 15 27 78 BF 2E 26 00 00 00 00 1E 44 A0 25 00 00 00 00 00 00 00 00
00 00 00 00 87 CA 2C 25 00 00 00 00 AF 3D AC 26 A4 EB 20 27 8F 83 4C 26 00 00 00 00 EE 74 B3 25
00 00 00 00 00 00 00 00 00 00 00 00 37 20 5F 25 00 00 00 00 6E D4 94 26 AF 7E 0F 27 C6 C3 1C 26
00 00 00 00 5C 48 9B 25 00 00 00 00 00 00 00 00 00 00 00 00 C1 14 57 25 00 00 00 00 32 3E 9E 26
E4 D2 17 27 A0 AD 67 26 00 00 00 00 1E F3 9A 25 00 00 00 00 00 00 00 00 00 00 00 00 61 F1 7C 25
00 00 00 00 B5 3D 8F 26 2A 4C 0A 27 BF 39 3A 26 00 00 00 00 26 63 B2 25 00 00 00 00 00 00 00 00
00 00 00 00 E2 6A 1B 25 00 00 00 00 E8 F5 6B 26 22 FB EF 26 CA C2 18 26 00 00 00 00 FC 34 93 25
00 00 00 00 00 00 00 00 00 00 00 00 15 2F 42 25 00 00 00 00 06 27 96 26 F1 70 18 27 0B 71 26 26
00 00 00 00 C7 AF 93 25 00 00 00 00 00 00 00 00 00 00 00 00 53 58 43 25 00 00 00 00 6D 4B 99 26
C1 02 19 27 AF 9A 57 26 00 00 00 00 4F F6 94 25 00 00 00 00 00 00 00 00 00 00 00 00 CF 31 68 25
00 00 00 00 32 24 81 26 E0 08 EF 26 EA 80 2B 26 00 00 00 00 5B 66 71 25 00 00 00 00 00 00 00 00
00 00 00 00 DB 69 90 25 00 00 00 00 DC 80 81 26 8A B6 01 27 88 6F 45 26 00 00 00 00 AF 01 A0 25
00 00 00 00 00 00 00 00 00 00 00 00 97 9D 78 25 00 00 00 00 A3 78 78 26 C6 25 03 27 8B 1C 4B 26
00 00 00 00 83 CC B6 25 00 00 00 00 00 00 00 00 00 00 00 00 3F D2 36 25 00 00 00 00 E6 1C 8C 26
3F BF 04 27 2A DE 44 26 00 00 00 00 F6 57 90 25 00 00 00 00 00 00 00 00 00 00 00 00 0B 27 51 25
00 00 00 00 D4 5F 57 26 DE 59 DE 26 67 E4 25 26 00 00 00 00 60 96 98 25 00 00 00 00 00 00 00 00
00 00 00 00 53 C0 1D 25 00 00 00 00 17 D3 6D 26 EE 1D F5 26 F8 7C 64 26 00 00 00 00 18 7A 49 25
00 00 00 00 00 00 00 00 04 4F 80 25 00 00 00 00 AF D9 1F 26 F7 17 00 28 91 B6 6F 28 6C 63 41 28
35 FF 61 27 00 00 00 00 CF 5E 18 23 00 00 00 00 35 35 52 24 00 00 00 00 80 C9 8F 26 FF 45 88 27
6D D3 99 27 8C E9 B2 26 00 00 00 00 98 8B 06 26 00 00 00 00 00 00 00 00 00 00 00 00 00 00 00 00
E1 BF 48 24 00 00 00 00 ED D3 44 23 00 00 00 00 47 D2 11 25 00 00 00 00 00 00 00 00 00 00 00 00
00 00 00 00 00 00 00 00 00 00 00 00 00 00 00 00 00 00 00 00 00 00 00 00 00 00 00 00 00 00 00 00
00 00 00 00 00 00 00 00 00 00 00 00 11 80 96 24 00 00 00 00 D3 EF 08 24 FD 30 E6 26 F8 E3 EE 26
58 6B 8E 25 00 00 00 00 EB 36 92 24 00 00 00 00 EE BC EE 24 00 00 00 00 09 9F 19 26 56 72 90 27
B9 B4 E6 27 5A 92 9A 27 74 2F E4 25 00 00 00 00 1F 38 09 25 00 00 00 00 25 AB AD 24 00 00 00 00
A1 4B 2A 25 4C BF 2A 27 88 AD 94 27 1B 79 2E 27 00 00 00 00 0E EB B5 24 00 00 00 00 00 00 00 00
00 00 00 00 09 D9 3B 25 00 00 00 00 F7 9E A4 26 D9 9E 29 27 F4 89 91 26 00 00 00 00 81 F3 93 25
00 00 00 00 00 00 00 00 00 00 00 00 00 00 00 00 00 00 00 00 00 00 00 00 00 00 00 00 00 00 00 00
00 00 00 00 00 00 00 00 00 00 00 00 78 1A CD 27 00 00 00 00 E3 81 92 28 8C 3B CB 2A E4 20 91 2B
BE 2F 00 2C 8A 3C 2D 2C 01 87 3F 2C BD 5B 37 2C 93 F1 22 2C C8 13 0F 2C 88 07 F2 2B BC 93 9C 2B
85 BE A0 2A 00 00 00 00 1C 80 53 29 00 00 00 00 00 00 00 00 00 00 00 00 00 00 00 00 00 00 00 00
00 00 00 00 00 00 00 00 00 00 00 00 00 00 00 00 00 00 00 00 00 00 00 00 00 00 00 00 00 00 00 00
93 F1 BB 27 00 00 00 00 0F 55 0D 28 AA D5 45 2A A5 5D 12 2B 01 4C 68 2B 38 4F 80 2B 6A 21 54 2B
B1 0D FF 2A 5B BC 57 2A E0 51 84 29 6E 90 A1 28 C0 7D 33 28 A6 BA 63 28 EF D4 F6 28 53 34 79 29
D7 EE AE 29 4C B7 94 29 A0 A3 E9 28 C2 8E A4 26 00 00 00 00 62 17 3D 25 00 00 00 00 A7 C7 8D 25
00 00 00 00 F1 56 67 27 94 0F 3E 28 3B 24 38 28 0B E9 F3 26 00 00 00 00 72 7F 2E 26 00 00 00 00
00 00 00 00 55 22 CD 25 00 00 00 00 8B CB 0B 26 3F 35 B5 27 CE 9A C1 27 C6 98 B7 25 00 00 00 00
AC B5 77 25 00 00 00 00 00 00 00 00 7E 99 84 25 00 00 00 00 2E 5A 9C 25 EF 83 8D 27 8C 9C 8D 27
00 00 00 00 5F 88 6B 21 00 00 00 00 00 00 00 00 00 00 00 00 2C 0A 16 26 00 00 00 00 97 0E 97 26
77 F8 A3 27 2A 12 85 27 00 00 00 00 7A B4 ED 24 00 00 00 00 00 00 00 00 00 00 00 00 7C 65 C4 25
00 00 00 00 B9 77 EC 25 6D B2 4C 27 C0 E3 19 27 00 00 00 00 D3 BF 5D 25 00 00 00 00 00 00 00 00
00 00 00 00 75 58 BC 25 00 00 00 00 13 11 27 26 96 7D 4D 27 74 1D 22 27 00 00 00 00 D3 BA 87 25
00 00 00 00 00 00 00 00 00 00 00 00 FE 67 D1 25 00 00 00 00 81 BD 31 26 79 8B 90 27 A5 1D 93 27
6F 1C AA 25 00 00 00 00 C2 83 DE 24 00 00 00 00 00 00 00 00 0A C4 DD 21 00 00 00 00 48 CF 90 27
B2 DC 1F 28 32 17 0A 28 E5 20 D6 26 00 00 00 00 DC D5 AD 25 00 00 00 00 00 00 00 00 C2 4B 8F 25
00 00 00 00 FF 79 54 26 DB 8E 21 27 6E C7 66 26 00 00 00 00 B4 BC 53 26 00 00 00 00 00 00 00 00
00 00 00 00 00 00 00 00 00 00 00 00 00 00 00 00 00 00 00 00 00 00 00 00 00 00 00 00 00 00 00 00
00 00 00 00 00 00 00 00 00 00 00 00 00 00 00 00 00 00 00 00 00 00 00 00 00 00 00 00 00 00 00 00
00 00 00 00 00 00 00 00 00 00 00 00 00 00 00 00 00 00 00 00 00 00 00 00 A1 0F 18 26 00 00 00 00
46 E2 CB 25 9A 96 92 26 00 00 00 00 30 E3 03 23 00 00 00 00 00 00 00 00 B0 BF 19 25 00 00 00 00
5A 77 68 27 8E 78 80 28 0E C8 DC 28 DA 6D CD 28 3D 04 31 28 5A 72 BE 26 00 00 00 00 14 7C 53 1D
95 BD 9D 1D 00 00 00 00 7E 25 0D 27 E5 E1 11 28 58 B2 72 28 68 27 3B 28 73 5B 32 27 00 00 00 00
C3 67 3E 25 00 00 00 00 00 00 00 00 56 74 8E 24 00 00 00 00 D3 01 1C 27 C9 18 B4 27 7F B3 83 27
22 17 0A 24 00 00 00 00 FA 39 98 23 00 00 00 00 00 00 00 00 F7 30 9A 25 00 00 00 00 71 1D 2B 26
5F 66 3A 27 C4 F1 16 27 B9 58 84 24 00 00 00 00 E6 7C 66 24 00 00 00 00 00 00 00 00 4C B4 8B 25
00 00 00 00 7A D9 BD 25 08 AF 06 27 03 73 E5 26 00 00 00 00 79 14 3A 25 00 00 00 00 00 00 00 00
00 00 00 00 FA B2 9F 25 00 00 00 00 3C 17 C2 25 DA 8D 05 27 79 71 CD 26 00 00 00 00 45 37 36 25
00 00 00 00 00 00 00 00 00 00 00 00 CD 42 8E 25 00 00 00 00 8A 74 E7 25 08 7E 15 27 A0 49 F8 26
00 00 00 00 B6 DC 24 25 00 00 00 00 00 00 00 00 00 00 00 00 72 A1 B1 25 00 00 00 00 A1 F3 06 26
AF 4B 29 27 C1 A0 EF 26 00 00 00 00 D6 3F 6E 25 00 00 00 00 00 00 00 00 00 00 00 00 D5 3C 8C 25
00 00 00 00 30 80 B3 25 E2 CC 2C 27 2F B6 19 27 00 00 00 00 EA 80 26 24 00 00 00 00 00 00 00 00
00 00 00 00 10 63 B1 25 00 00 00 00 7C E4 D8 25 D1 C4 25 27 2F 43 04 27 00 00 00 00 5B F4 21 25
00 00 00 00 00 00 00 00 00 00 00 00 EB 56 8D 25 00 00 00 00 19 2E B2 25 0E 4D 1C 27 6A 2D EF 26
00 00 00 00 02 7B 41 25 00 00 00 00 00 00 00 00 00 00 00 00 93 9E BE 25 00 00 00 00 D7 EF 0D 26
E0 97 24 27 7F 7F 00 27 00 00 00 00 A2 F3 87 25 00 00 00 00 00 00 00 00 00 00 00 00 4A 84 AA 25
00 00 00 00 16 0F E4 25 C0 1D 20 27 EC 7D 08 27 00 00 00 00 04 11 FB 24 00 00 00 00 00 00 00 00
00 00 00 00 C7 E3 A6 25 00 00 00 00 12 3A E3 25 55 92 33 27 E6 21 0F 27 00 00 00 00 9E 3D 9B 23
00 00 00 00 00 00 00 00 00 00 00 00 3D 6B 63 25 00 00 00 00 63 BE 82 25 2C 70 15 27 6C BB EE 26
00 00 00 00 91 99 24 25 00 00 00 00 00 00 00 00 00 00 00 00 69 2C 46 25 00 00 00 00 27 77 57 25
B6 D6 20 27 50 5E 0F 27 00 00 00 00 7F 80 C1 24 00 00 00 00 00 00 00 00 00 00 00 00 25 8A 6A 25
00 00 00 00 2A 2A 80 25 1F 10 1C 27 14 6E 10 27 00 00 00 00 BD 82 23 25 00 00 00 00 00 00 00 00
00 00 00 00 09 B6 23 25 00 00 00 00 5D 13 27 25 E6 27 F2 26 EC F6 DA 26 00 00 00 00 86 DF 16 25
00 00 00 00 00 00 00 00 00 00 00 00 D8 EF 4F 25 00 00 00 00 C3 EA 81 25 FF CD 14 27 BC 61 12 27
8F 97 36 24 00 00 00 00 1B 85 11 24 00 00 00 00 00 00 00 00 52 74 44 25 00 00 00 00 12 55 4D 25
0D E5 09 27 34 69 FC 26 00 00 00 00 FB 96 11 25 00 00 00 00 00 00 00 00 00 00 00 00 78 96 86 25
00 00 00 00 50 19 9B 25 8C 9C 0F 27 01 3F 09 27 00 00 00 00 A9 F5 F4 24 00 00 00 00 00 00 00 00
00 00 00 00 A8 AE 93 25 00 00 00 00 F8 0B AF 25 70 2B 1B 27 48 D8 FE 26 00 00 00 00 C7 D3 C5 24
00 00 00 00 00 00 00 00 00 00 00 00 92 92 41 25 00 00 00 00 E6 4B 3D 25 5B 73 E9 26 36 BD F5 26
00 00 00 00 7F B9 F1 23 00 00 00 00 00 00 00 00 00 00 00 00 9A 16 5F 25 00 00 00 00 5B A6 69 25
D1 F3 03 27 16 DF 0E 27 26 C5 1A 25 00 00 00 00 F3 C6 E6 24 00 00 00 00 00 00 00 00 BC 79 F2 25
00 00 00 00 74 A4 89 27 8F 44 55 28 8A 8A 7F 28 AD 32 0A 28 20 E6 80 26 00 00 00 00 DA B5 A1 24
00 00 00 00 13 4E 38 24 00 00 00 00 7B 7B 1B 27 0E 80 C0 27 13 99 94 27 4C EF 67 23 00 00 00 00
B9 32 60 23 00 00 00 00 00 00 00 00 00 00 00 00 8C 6F 51 25 00 00 00 00 5A 03 A7 24 00 00 00 00
5D 96 38 25 00 00 00 00 00 00 00 00 00 00 00 00 00 00 00 00 00 00 00 00 00 00 00 00 00 00 00 00
00 00 00 00 00 00 00 00 00 00 00 00 00 00 00 00 00 00 00 00 00 00 00 00 00 00 00 00 00 00 00 00
FD 19 3D 26 00 00 00 00 4C 13 C5 26 D2 3F 5C 27 83 C0 8B 26 00 00 00 00 58 68 17 25 00 00 00 00
00 00 00 00 93 1D 65 25 00 00 00 00 04 76 25 27 F1 93 EF 27 8A 0D F7 27 D6 23 25 27 00 00 00 00
7D 6D 2D 25 00 00 00 00 00 00 00 00 D6 CE 54 25 00 00 00 00 A9 34 9D 26 0A FB 8D 27 C5 D2 88 27
41 A4 2B 26 00 00 00 00 5C 38 83 25 00 00 00 00 00 00 00 00 C5 F6 12 25 00 00 00 00 5F 16 45 25
55 6D 0C 27 7C 98 2B 27 5C 48 64 25 00 00 00 00 71 2F 1E 25 00 00 00 00 00 00 00 00 00 00 00 00
00 00 00 00 00 00 00 00 00 00 00 00 00 00 00 00 00 00 00 00 00 00 00 00 00 00 00 00 00 00 00 00
F6 B1 61 28 00 00 00 00 CC 98 0B 2A 34 3B 35 2B 3B 68 C7 2B C3 8C 18 2C 4B 34 39 2C 4C 41 3E 2C
67 A7 2E 2C 75 9A 18 2C 71 38 04 2C 19 0F CE 2B 1A B2 47 2B EC BB 24 29 00 00 00 00 1E 51 DC 28
00 00 00 00 00 00 00 00 00 00 00 00 00 00 00 00 00 00 00 00 00 00 00 00 00 00 00 00 00 00 00 00
00 00 00 00 00 00 00 00 00 00 00 00 00 00 00 00 00 00 00 00 53 C8 01 28 00 00 00 00 43 3E 87 29
0C C3 B4 2A F4 6C 40 2B 16 69 7F 2B 92 58 77 2B A3 DF 31 2B 9D 24 B5 2A 36 33 00 2A 9B E6 0F 29
61 45 57 28 3D 0D 30 28 11 D8 99 28 41 F7 2D 29 3C 90 97 29 CC F0 A7 29 98 2A 47 29 18 16 2F 28
00 00 00 00 A0 50 93 25 00 00 00 00 EA B4 1E 25 00 00 00 00 1D DA 1E 26 4A 50 F0 27 85 46 4B 28
25 4D CD 27 00 00 00 00 0A E2 A7 25 00 00 00 00 00 00 00 00 00 00 00 00 8A AD 16 26 00 00 00 00
8F E0 34 27 C2 58 D7 27 55 37 3C 27 00 00 00 00 E9 B6 1A 26 00 00 00 00 00 00 00 00 00 00 00 00
9D 5F 04 26 00 00 00 00 7F 86 21 27 FF 68 B7 27 2E 23 0C 27 00 00 00 00 45 74 ED 25 00 00 00 00
00 00 00 00 00 00 00 00 8D F9 5D 25 00 00 00 00 84 7B 3B 27 04 69 9F 27 7F 27 C3 26 00 00 00 00
FB D5 08 26 00 00 00 00 00 00 00 00 00 00 00 00 D9 F4 D4 25 00 00 00 00 11 8F E5 26 3F AA 78 27
70 95 95 26 00 00 00 00 4E D7 EA 25 00 00 00 00 00 00 00 00 00 00 00 00 AD 6F 7D 25 00 00 00 00
21 77 13 27 EF A5 78 27 DD 45 73 26 00 00 00 00 56 92 D0 25 00 00 00 00 00 00 00 00 00 00 00 00
2C 5B A9 25 00 00 00 00 9C 12 50 27 0B C9 B9 27 7E 21 10 27 00 00 00 00 84 0B 6E 25 00 00 00 00
00 00 00 00 AD A0 AF 25 00 00 00 00 4B 50 C7 26 F9 5D F5 27 B1 B8 22 28 62 03 9C 27 00 00 00 00
FC 62 9D 24 00 00 00 00 00 00 00 00 00 00 00 00 CD 0A 90 24 00 00 00 00 D5 87 F7 26 19 D0 FF 26
00 00 00 00 24 E6 FA 25 00 00 00 00 00 00 00 00 00 00 00 00 00 00 00 00 00 00 00 00 00 00 00 00
00 00 00 00 00 00 00 00 00 00 00 00 00 00 00 00 00 00 00 00 00 00 00 00 00 00 00 00 00 00 00 00
00 00 00 00 00 00 00 00 00 00 00 00 00 00 00 00 00 00 00 00 00 00 00 00 00 00 00 00 00 00 00 00
00 00 00 00 00 00 00 00 00 00 00 00 40 17 E2 25 00 00 00 00 28 14 B7 26 40 2F 69 26 00 00 00 00
32 34 68 24 00 00 00 00 B8 61 5C 23 00 00 00 00 98 74 C9 24 E3 DC 08 28 66 EE BF 28 39 97 F7 28
DD 01 A1 28 39 CA A4 27 06 47 A5 23 00 00 00 00 00 00 00 00 00 00 00 00 6D 58 8A 25 B4 39 A7 27
ED 9D 59 28 9E F1 81 28 82 68 06 28 6A 21 E1 25 00 00 00 00 37 22 D4 24 00 00 00 00 87 C0 2F 25
00 00 00 00 D5 71 10 26 F8 1D 93 27 C0 A2 C3 27 2A A8 05 27 00 00 00 00 E2 B6 AC 25 00 00 00 00
00 00 00 00 00 00 00 00 51 5D DE 24 00 00 00 00 65 CC 21 27 DC 34 77 27 E4 4F A1 26 00 00 00 00
F5 1C C4 25 00 00 00 00 00 00 00 00 00 00 00 00 0B 28 B1 25 00 00 00 00 10 7E F6 26 EC 2A 3C 27
DC 98 1F 26 00 00 00 00 F0 44 AC 25 00 00 00 00 00 00 00 00 00 00 00 00 79 11 5A 25 00 00 00 00
52 20 E4 26 B3 7D 31 27 9F BA 30 26 00 00 00 00 F6 A4 C0 25 00 00 00 00 00 00 00 00 00 00 00 00
E7 CD 8C 25 00 00 00 00 08 B3 F2 26 91 B6 4B 27 1F 68 4D 26 00 00 00 00 1A E9 B9 25 00 00 00 00
00 00 00 00 00 00 00 00 E8 3B 8D 25 00 00 00 00 38 82 DB 26 F9 C2 3C 27 42 1F 49 26 00 00 00 00
74 24 B3 25 00 00 00 00 00 00 00 00 00 00 00 00 1B C3 8D 25 00 00 00 00 C6 7E DA 26 E9 18 48 27
EB 27 5F 26 00 00 00 00 65 41 A2 25 00 00 00 00 00 00 00 00 00 00 00 00 F0 26 A1 25 00 00 00 00
E3 5A AC 26 2C 8A 1D 27 DA A6 50 26 00 00 00 00 B9 91 CF 25 00 00 00 00 00 00 00 00 00 00 00 00
59 8F 88 25 00 00 00 00 8B 5B EC 26 91 61 4A 27 4A 77 5E 26 00 00 00 00 EA 65 CC 25 00 00 00 00
00 00 00 00 00 00 00 00 8A 3D AD 25 00 00 00 00 8C 49 C7 26 C8 2B 40 27 6E 0A 59 26 00 00 00 00
7D 7B C2 25 00 00 00 00 00 00 00 00 00 00 00 00 01 E5 9E 25 00 00 00 00 18 A1 C1 26 B6 FC 49 27
70 2B 8B 26 00 00 00 00 03 B3 CE 25 00 00 00 00 00 00 00 00 00 00 00 00 FF 3E A6 25 00 00 00 00
D6 F9 C7 26 00 39 3D 27 3B 43 83 26 00 00 00 00 3A 10 A8 25 00 00 00 00 00 00 00 00 00 00 00 00
4E 65 BC 25 00 00 00 00 68 AE B2 26 74 50 33 27 13 C4 58 26 00 00 00 00 0A 8E B6 25 00 00 00 00
00 00 00 00 00 00 00 00 D6 1F 99 25 00 00 00 00 B0 B1 C5 26 7F C7 34 27 C4 32 7A 26 00 00 00 00
E7 A4 C2 25 00 00 00 00 00 00 00 00 00 00 00 00 85 E4 B7 25 00 00 00 00 C8 5C D1 26 48 0F 3E 27
1F F9 5F 26 00 00 00 00 E1 88 B2 25 00 00 00 00 00 00 00 00 00 00 00 00 E6 2C CF 25 00 00 00 00
CB B6 BF 26 07 4E 3D 27 A1 32 89 26 00 00 00 00 41 21 B9 25 00 00 00 00 00 00 00 00 00 00 00 00
1C 2C D2 25 00 00 00 00 E8 20 BB 26 75 0A 37 27 91 72 85 26 00 00 00 00 3C 65 58 25 00 00 00 00
00 00 00 00 00 00 00 00 81 43 DF 25 00 00 00 00 A1 7F A9 26 9A 90 1B 27 FE C2 49 26 00 00 00 00
85 BC 90 25 00 00 00 00 00 00 00 00 00 00 00 00 12 DB C0 25 00 00 00 00 71 E5 A9 26 12 37 28 27
92 1F 41 26 00 00 00 00 F5 23 A8 25 00 00 00 00 00 00 00 00 00 00 00 00 28 91 AD 25 00 00 00 00
52 6D 92 26 BE F5 1D 27 1C EA 7D 26 00 00 00 00 14 48 92 25 00 00 00 00 00 00 00 00 00 00 00 00
48 0C B3 25 00 00 00 00 B0 59 9E 26 DB A7 2F 27 DC BB 9D 26 00 00 00 00 C0 5D BF 25 00 00 00 00
00 00 00 00 00 00 00 00 C3 42 A9 25 00 00 00 00 46 8D A3 26 4F F1 1D 27 1A 5A 95 26 00 00 00 00
B7 E4 88 25 00 00 00 00 00 00 00 00 C8 CF 48 25 00 00 00 00 79 78 B4 25 45 1E 01 28 1E A3 7B 28
BC AC 5C 28 86 2C 93 27 00 00 00 00 04 AD 40 23 00 00 00 00 18 87 AB 24 00 00 00 00 27 BD 68 26
C1 F3 A2 27 BF 89 C9 27 D5 A2 E9 26 00 00 00 00 94 5A 1B 26 00 00 00 00 00 00 00 00 00 00 00 00
00 00 00 00 00 46 85 24 00 00 00 00 30 E3 65 24 00 00 00 00 75 3A 92 25 00 00 00 00 00 00 00 00
00 00 00 00 00 00 00 00 00 00 00 00 00 00 00 00 00 00 00 00 00 00 00 00 00 00 00 00 00 00 00 00
00 00 00 00 00 00 00 00 00 00 00 00 00 00 00 00 00 00 00 00 70 BB BB 22 00 00 00 00 BC 82 13 27
CC C8 13 27 CB B7 58 25 00 00 00 00 73 F2 B7 24 00 00 00 00 FD 81 0E 25 00 00 00 00 DE 79 CD 25
04 3C AD 27 33 AD 07 28 30 6A A6 27 68 55 FA 25 00 00 00 00 B4 26 1B 25 00 00 00 00 00 00 00 00
B5 BB 0C 24 00 00 00 00 85 79 46 27 79 1D B0 27 EA 14 44 27 00 00 00 00 50 F4 32 25 00 00 00 00
00 00 00 00 00 00 00 00 ED 56 AC 25 00 00 00 00 B7 11 D1 26 18 C5 66 27 F0 FD EE 26 00 00 00 00
D5 B6 8C 25 00 00 00 00 00 00 00 00 00 00 00 00 00 00 00 00 00 00 00 00 00 00 00 00 00 00 00 00
00 00 00 00 00 00 00 00 00 00 00 00 00 00 00 00 5C 14 41 27 00 00 00 00 90 46 FC 27 F6 C4 BB 2A
12 33 8E 2B 45 FE FE 2B 89 99 2C 2C 5B D0 3E 2C D2 9F 36 2C F6 0E 22 2C 9A F2 0D 2C F6 39 F1 2B
0E 64 A0 2B E9 C4 B3 2A 00 00 00 00 8B 59 44 29 00 00 00 00 00 00 00 00 00 00 00 00 00 00 00 00
00 00 00 00 00 00 00 00 00 00 00 00 00 00 00 00 00 00 00 00 00 00 00 00 00 00 00 00 00 00 00 00
00 00 00 00 44 BC B8 27 00 00 00 00 53 0F F9 27 D9 3E 40 2A 4C D1 0E 2B DE 2F 62 2B 58 E9 79 2B
90 42 52 2B 27 91 02 2B BF 74 62 2A 79 01 8A 29 8F 3A 9C 28 9E 61 1D 28 3D A5 3F 28 3D 42 DB 28
23 A4 73 29 6E 72 B5 29 8C F6 9E 29 EB 13 04 29 60 D6 25 27 00 00 00 00 4F C7 8F 25 00 00 00 00
51 91 97 25 00 00 00 00 08 AC 3D 27 C8 80 37 28 D0 87 45 28 B5 32 36 27 00 00 00 00 0B CA 43 26
00 00 00 00 00 00 00 00 ED CF A9 25 00 00 00 00 12 5C C8 25 1F DC 93 27 31 25 96 27 FD 34 F9 24
00 00 00 00 B3 29 B7 24 00 00 00 00 00 00 00 00 6D CA A4 25 00 00 00 00 C2 B7 AE 25 CC EA 62 27
C4 32 5C 27 BE C2 2A 23 00 00 00 00 F3 EC 13 23 00 00 00 00 00 00 00 00 45 69 0D 26 00 00 00 00
12 89 8D 26 81 B1 8E 27 5B B6 66 27 00 00 00 00 AC F1 B2 24 00 00 00 00 00 00 00 00 00 00 00 00
86 06 96 25 00 00 00 00 18 E2 AE 25 A2 7A 36 27 29 6E 21 27 00 00 00 00 B3 D7 66 24 00 00 00 00
00 00 00 00 00 00 00 00 AF C8 E2 25 00 00 00 00 4F 96 27 26 EA 0B 45 27 97 96 27 27 00 00 00 00
76 6D F0 24 00 00 00 00 00 00 00 00 00 00 00 00 4A C7 04 26 00 00 00 00 C3 6E 5A 26 8A 63 A0 27
4E D4 98 27 A9 19 1E 26 00 00 00 00 5C CE 35 25 00 00 00 00 00 00 00 00 7C AB 68 25 00 00 00 00
FA B7 90 27 F3 11 32 28 DD 99 21 28 52 9F 09 27 00 00 00 00 78 E2 CF 25 00 00 00 00 00 00 00 00
F3 3C A4 25 00 00 00 00 B6 D2 4B 26 1B CA 2A 27 52 02 71 26 00 00 00 00 B6 17 4A 26 00 00 00 00
00 00 00 00 00 00 00 00 00 00 00 00 00 00 00 00 00 00 00 00 00 00 00 00 00 00 00 00 00 00 00 00
00 00 00 00 00 00 00 00 00 00 00 00 00 00 00 00 00 00 00 00 00 00 00 00 00 00 00 00 00 00 00 00
00 00 00 00 00 00 00 00 00 00 00 00 00 00 00 00 00 00 00 00 00 00 00 00 00 00 00 00 3B D9 15 26
00 00 00 00 E1 E4 B7 25 2E 11 90 26 F9 CB 81 24 00 00 00 00 58 C3 96 23 00 00 00 00 25 58 00 25
00 00 00 00 20 24 3D 27 4A BC 79 28 33 E1 E1 28 BC 7E D2 28 1C C4 41 28 45 67 0A 27 00 00 00 00
21 E5 81 22 D7 24 57 22 00 00 00 00 1C 21 BF 26 B0 24 01 28 0C 3B 61 28 F8 BC 3B 28 F1 B3 5D 27
00 00 00 00 F9 95 1D 25 00 00 00 00 00 00 00 00 59 74 9F 24 00 00 00 00 A7 95 22 27 93 57 B2 27
9D 57 82 27 0C 18 A2 25 00 00 00 00 EA 0A 21 25 00 00 00 00 00 00 00 00 B0 3A BA 25 00 00 00 00
22 26 4C 26 30 8E 43 27 14 60 1B 27 B2 B6 E1 23 00 00 00 00 7A E4 BF 23 00 00 00 00 00 00 00 00
07 FE 9B 25 00 00 00 00 47 CE A0 25 D8 4C 01 27 E2 85 D8 26 00 00 00 00 65 28 BB 24 00 00 00 00
00 00 00 00 00 00 00 00 13 5E 63 25 00 00 00 00 51 4C 72 25 89 5A 03 27 38 53 E2 26 00 00 00 00
09 BD 3E 25 00 00 00 00 00 00 00 00 00 00 00 00 FE 3C B3 25 00 00 00 00 21 1A 00 26 E1 1D 16 27
1F FA 04 27 00 00 00 00 A4 60 F2 24 00 00 00 00 00 00 00 00 00 00 00 00 DD 2E AE 25 00 00 00 00
78 62 D7 25 7B 4D 16 27 54 FF E1 26 00 00 00 00 C6 5C D0 24 00 00 00 00 00 00 00 00 00 00 00 00
82 22 B1 25 00 00 00 00 F2 6D D7 25 B3 92 1A 27 72 7D FA 26 00 00 00 00 23 1F C1 22 00 00 00 00
00 00 00 00 00 00 00 00 20 39 8D 25 00 00 00 00 14 0D 85 25 C4 86 CE 26 AD 68 AA 26 00 00 00 00
91 C1 07 25 00 00 00 00 00 00 00 00 00 00 00 00 35 E5 9D 25 00 00 00 00 8A E7 BB 25 73 21 04 27
9A 9C DA 26 00 00 00 00 04 16 BA 24 00 00 00 00 00 00 00 00 00 00 00 00 28 C1 AB 25 00 00 00 00
1F A7 E5 25 85 1D 24 27 26 DC 02 27 00 00 00 00 78 A6 86 24 00 00 00 00 00 00 00 00 00 00 00 00
BA 59 6C 25 00 00 00 00 97 F9 8C 25 86 7A 16 27 39 9A 05 27 00 00 00 00 E4 B3 66 24 00 00 00 00
00 00 00 00 00 00 00 00 BF C8 9C 25 00 00 00 00 CF 8F AD 25 6F 3B 10 27 AC 81 E7 26 00 00 00 00
E5 CE 09 23 00 00 00 00 00 00 00 00 00 00 00 00 82 96 86 25 00 00 00 00 55 CC 81 25 31 1B 12 27
77 BC F0 26 00 00 00 00 B1 76 CB 24 00 00 00 00 00 00 00 00 00 00 00 00 32 E6 99 25 00 00 00 00
73 DC A6 25 AE 45 26 27 FE 6E 0F 27 00 00 00 00 1D F0 55 24 00 00 00 00 00 00 00 00 00 00 00 00
C3 FF 6E 25 00 00 00 00 07 15 83 25 18 FB F8 26 FA 06 EE 26 00 00 00 00 13 2C 56 24 00 00 00 00
00 00 00 00 00 00 00 00 08 3A 6C 25 00 00 00 00 F4 00 70 25 A0 CA 04 27 25 62 03 27 00 00 00 00
39 0B 9F 24 00 00 00 00 00 00 00 00 00 00 00 00 75 11 47 25 00 00 00 00 95 EE 48 25 FB D2 1C 27
82 7E 22 27 02 37 13 25 00 00 00 00 B5 AC F7 24 00 00 00 00 00 00 00 00 9B 39 24 25 00 00 00 00
68 EA 11 25 96 09 17 27 C7 E2 16 27 00 00 00 00 03 DF A3 24 00 00 00 00 00 00 00 00 00 00 00 00
5A B1 75 25 00 00 00 00 2B 8A 80 25 B7 78 29 27 24 FA 2A 27 C0 4B D3 24 00 00 00 00 CC E0 A6 24
00 00 00 00 00 00 00 00 4A E4 0B 25 00 00 00 00 D5 D3 E0 24 A4 62 F6 26 FE 4A F1 26 AB 98 6F 24
00 00 00 00 E3 E9 71 24 00 00 00 00 00 00 00 00 C1 C4 63 25 00 00 00 00 BF 10 51 25 D5 83 0D 27
8A D9 03 27 58 1F 16 24 00 00 00 00 7E 51 18 24 00 00 00 00 00 00 00 00 CE 75 8D 25 00 00 00 00
C2 81 89 25 1D E5 18 27 2C D9 0C 27 81 4F 2B 25 00 00 00 00 E7 1D FB 24 00 00 00 00 00 00 00 00
49 A7 1E 26 00 00 00 00 31 2E 78 27 29 70 5E 28 DA 95 8A 28 A6 B6 15 28 AE C8 9B 26 00 00 00 00
DB 6E C4 24 00 00 00 00 1F C6 52 24 00 00 00 00 DB 08 14 27 89 7E A8 27 4A 3D 80 27 A9 AD 8B 24
00 00 00 00 07 5C 7C 24 00 00 00 00 00 00 00 00 00 00 00 00 01 1F 63 25 00 00 00 00 A3 C5 B0 24
00 00 00 00 F2 0B B2 24 00 00 00 00 00 00 00 00 00 00 00 00 00 00 00 00 00 00 00 00 00 00 00 00
00 00 00 00 00 00 00 00 00 00 00 00 00 00 00 00 00 00 00 00 00 00 00 00 00 00 00 00 00 00 00 00
00 00 00 00 D4 10 38 26 00 00 00 00 5A C3 AF 26 3D C2 36 27 E4 28 9C 26 00 00 00 00 B6 45 9B 24
00 00 00 00 00 00 00 00 61 13 52 25 00 00 00 00 0D C0 F1 26 62 B2 D6 27 81 CE 00 28 4A B2 47 27
00 00 00 00 E4 5B 28 25 00 00 00 00 00 00 00 00 3A 5B 8B 25 00 00 00 00 87 78 74 26 99 6A 92 27
18 64 9D 27 B9 F4 7D 26 00 00 00 00 61 99 8B 25 00 00 00 00 00 00 00 00 31 9C 54 25 00 00 00 00
7D 83 A1 25 DC 1F 3D 27 78 25 44 27 5F E0 90 25 00 00 00 00 BD AC 4E 25 00 00 00 00 00 00 00 00
00 00 00 00 BA 4F 53 22 11 E0 01 21 63 29 8E 21 00 00 00 00 00 00 00 00 00 00 00 00 00 00 00 00
00 00 00 00 A6 A2 7E 28 00 00 00 00 16 23 F0 29 9F 58 31 2B CB B4 C8 2B 91 43 1A 2C 7F A0 3A 2C
7E 68 3E 2C 98 0C 2D 2C D3 D6 15 2C BD EF 01 2C 80 57 CE 2B 9A 49 50 2B B8 C8 6A 29 00 00 00 00
47 92 08 29 00 00 00 00 00 00 00 00 00 00 00 00 00 00 00 00 00 00 00 00 00 00 00 00 00 00 00 00
00 00 00 00 00 00 00 00 00 00 00 00 00 00 00 00 00 00 00 00 00 00 00 00 AC 88 14 28 00 00 00 00
1D 53 76 29 EA FC AD 2A 49 89 3A 2B 09 D9 78 2B 4F 44 73 2B 77 63 32 2B E8 45 BB 2A 9C DF 06 2A
C6 F7 12 29 84 AF 4D 28 61 61 21 28 D3 82 8F 28 93 87 29 29 F9 CB 97 29 32 7E AD 29 A2 4F 5F 29
39 8D 63 28 00 00 00 00 15 09 B8 25 00 00 00 00 8B DF E6 24 00 00 00 00 7A 05 AB 25 8E E1 D2 27
E7 B3 3F 28 C4 02 DD 27 00 00 00 00 DC EE 8C 24 00 00 00 00 00 00 00 00 00 00 00 00 B2 9F 08 26
00 00 00 00 3A 2F 2D 27 50 9A BE 27 4D D6 2C 27 00 00 00 00 D0 DD 04 26 00 00 00 00 00 00 00 00
00 00 00 00 4A 86 03 26 00 00 00 00 73 D0 2A 27 19 09 AE 27 08 80 01 27 00 00 00 00 D2 3B EA 25
00 00 00 00 00 00 00 00 00 00 00 00 E8 08 AC 25 00 00 00 00 CD A5 27 27 85 5F A3 27 E6 AE F5 26
00 00 00 00 E9 81 0E 26 00 00 00 00 00 00 00 00 00 00 00 00 6E A4 DD 25 00 00 00 00 A1 3F B4 26
C5 60 59 27 5D 21 B2 26 00 00 00 00 9A 39 E6 25 00 00 00 00 00 00 00 00 00 00 00 00 BF C9 37 25
00 00 00 00 7D 20 14 27 F0 D9 55 27 8B 1A 55 26 00 00 00 00 8B C7 BA 25 00 00 00 00 00 00 00 00
00 00 00 00 01 A8 D0 25 00 00 00 00 FF 07 3E 27 DE AA C8 27 FC 5E 48 27 00 00 00 00 86 CD 87 25
00 00 00 00 00 00 00 00 93 F6 CA 25 00 00 00 00 90 82 C4 26 40 12 09 28 91 FC 3D 28 EF 96 BE 27
00 00 00 00 D0 93 80 24 00 00 00 00 00 00 00 00 00 00 00 00 AC 04 DA 24 00 00 00 00 E2 51 DF 26
40 CE 0F 27 00 00 00 00 81 7C 9B 25 00 00 00 00 00 00 00 00 00 00 00 00 00 00 00 00 00 00 00 00
00 00 00 00 00 00 00 00 00 00 00 00 00 00 00 00 00 00 00 00 00 00 00 00 00 00 00 00 00 00 00 00
00 00 00 00 00 00 00 00 00 00 00 00 00 00 00 00 00 00 00 00 00 00 00 00 00 00 00 00 00 00 00 00
00 00 00 00 00 00 00 00 00 00 00 00 00 00 00 00 0D D2 BB 25 00 00 00 00 22 57 8C 26 FD F1 4F 26
00 00 00 00 17 E8 A5 24 00 00 00 00 9F CF 28 23 00 00 00 00 26 EF 78 24 A8 5F 07 28 02 94 BE 28
0B F1 F6 28 A9 7B A7 28 E9 9C C3 27 CD 15 77 25 00 00 00 00 00 00 00 00 00 00 00 00 55 9F 6B 25
73 39 A1 27 2D 71 53 28 1F 51 79 28 41 E4 03 28 DF F3 1A 26 00 00 00 00 FF 73 01 25 00 00 00 00
41 57 12 25 00 00 00 00 2C 8A CB 25 31 98 6D 27 60 9D B5 27 55 80 21 27 00 00 00 00 6A 17 96 25
00 00 00 00 00 00 00 00 00 00 00 00 33 AE 88 24 00 00 00 00 9D 96 04 27 A6 58 45 27 3F 84 7D 26
00 00 00 00 5B 2A A3 25 00 00 00 00 00 00 00 00 00 00 00 00 F7 68 86 25 00 00 00 00 A3 D7 8E 26
A5 FE 1E 27 B1 2D 4E 26 00 00 00 00 60 42 BA 25 00 00 00 00 00 00 00 00 00 00 00 00 C9 12 80 25
00 00 00 00 7F EB AB 26 18 3C 29 27 F8 4E 61 26 00 00 00 00 A9 9B CD 25 00 00 00 00 00 00 00 00
00 00 00 00 3A A6 49 25 00 00 00 00 79 21 BA 26 AE 51 2A 27 C8 2D 64 26 00 00 00 00 6A 4E C9 25
00 00 00 00 00 00 00 00 00 00 00 00 0A 42 43 25 00 00 00 00 86 E5 D2 26 34 87 31 27 0B A2 43 26
00 00 00 00 0B 00 BB 25 00 00 00 00 00 00 00 00 00 00 00 00 5E 25 86 25 00 00 00 00 31 FD B8 26
34 B2 30 27 AB 29 89 26 00 00 00 00 20 17 96 25 00 00 00 00 00 00 00 00 00 00 00 00 BD D7 C9 25
00 00 00 00 08 A7 AB 26 A4 4F 1F 27 CF 12 5B 26 00 00 00 00 CB A7 A8 25 00 00 00 00 00 00 00 00
00 00 00 00 FD A8 A0 25 00 00 00 00 5B 9A C5 26 25 D9 31 27 27 73 63 26 00 00 00 00 E5 0D C8 25
00 00 00 00 00 00 00 00 00 00 00 00 FD 8F B5 25 00 00 00 00 F9 2D C6 26 42 8B 57 27 E7 D2 A5 26
00 00 00 00 B0 57 DB 25 00 00 00 00 00 00 00 00 00 00 00 00 CF 13 BC 25 00 00 00 00 A3 47 C7 26
67 7B 44 27 F4 EA 9E 26 00 00 00 00 FD 3D F6 25 00 00 00 00 00 00 00 00 00 00 00 00 B9 5F C1 25
00 00 00 00 A3 99 E1 26 AE E6 54 27 DE E0 B4 26 00 00 00 00 90 58 92 25 00 00 00 00 00 00 00 00
00 00 00 00 FF DA DC 25 00 00 00 00 C9 30 8D 26 AD 8A 2B 27 7F 25 80 26 00 00 00 00 BB 70 C9 25
00 00 00 00 00 00 00 00 00 00 00 00 2B FE D9 25 00 00 00 00 7D 2E CA 26 D1 3C 3D 27 40 AA 7A 26
00 00 00 00 72 13 BE 25 00 00 00 00 00 00 00 00 00 00 00 00 B9 62 C1 25 00 00 00 00 9B 08 B2 26
01 54 3F 27 BD 35 95 26 00 00 00 00 70 B0 C5 25 00 00 00 00 00 00 00 00 00 00 00 00 8D A0 A4 25
00 00 00 00 AF 2F BF 26 8E D7 31 27 71 FA 8F 26 00 00 00 00 F5 BC B0 25 00 00 00 00 00 00 00 00
00 00 00 00 C0 26 B3 25 00 00 00 00 69 D7 92 26 78 7B 30 27 7E 13 BF 26 00 00 00 00 1C FD 91 25
00 00 00 00 00 00 00 00 00 00 00 00 8F E8 DD 25 00 00 00 00 F4 15 9D 26 C2 2F 37 27 E0 72 90 26
00 00 00 00 51 20 CF 25 00 00 00 00 00 00 00 00 00 00 00 00 BC 04 D5 25 00 00 00 00 51 26 AB 26
18 A4 3B 27 43 6A A7 26 00 00 00 00 1C 9A AD 25 00 00 00 00 00 00 00 00 00 00 00 00 CE C8 D6 25
00 00 00 00 07 28 95 26 B0 01 44 27 5E 6D BA 26 00 00 00 00 FC 6D E1 25 00 00 00 00 00 00 00 00
00 00 00 00 ED 8B D0 25 00 00 00 00 C2 97 B0 26 CE C8 47 27 C1 35 B0 26 00 00 00 00 89 36 C5 25
00 00 00 00 00 00 00 00 00 00 00 00 54 A7 D7 25 00 00 00 00 B0 39 AB 26 37 09 33 27 BE 96 8A 26
00 00 00 00 46 EC 88 25 00 00 00 00 00 00 00 00 82 FC 24 25 00 00 00 00 E2 A8 8B 25 3A FF 01 28
DF C9 84 28 C2 C1 76 28 3E 6B B3 27 00 00 00 00 4D CE 95 23 00 00 00 00 58 17 B9 24 00 00 00 00
5A AF 23 26 38 23 78 27 32 FE AC 27 E6 3B 13 27 00 00 00 00 0B 4B 10 26 00 00 00 00 00 00 00 00
00 00 00 00 00 00 00 00 04 68 40 24 00 00 00 00 62 49 9B 24 00 00 00 00 51 C6 7E 25 00 00 00 00
00 00 00 00 00 00 00 00 00 00 00 00 00 00 00 00 00 00 00 00 00 00 00 00 00 00 00 00 00 00 00 00
00 00 00 00 00 00 00 00 00 00 00 00 00 00 00 00 00 00 00 00 9C CC AC 25 00 00 00 00 EE 45 27 25
60 90 1F 27 1A 71 22 27 E0 F9 D3 25 00 00 00 00 9D 8D FF 24 00 00 00 00 02 04 FC 24 00 00 00 00
12 22 BF 25 84 F4 96 27 8F 47 F3 27 99 33 9F 27 D0 ED 10 26 00 00 00 00 12 83 2A 25 00 00 00 00
00 00 00 00 5C 50 16 25 00 00 00 00 03 54 1C 27 27 53 96 27 D4 2D 39 27 00 00 00 00 85 61 22 23
00 00 00 00 00 00 00 00 00 00 00 00 B0 57 79 25 00 00 00 00 BA AE BB 26 4D 53 46 27 E3 AF E6 26
00 00 00 00 1A F4 58 25 00 00 00 00 00 00 00 00 00 00 00 00 00 00 00 00 00 00 00 00 00 00 00 00
00 00 00 00 00 00 00 00 00 00 00 00 00 00 00 00 00 00 00 00 00 00 00 00 0F 2E 02 26 00 00 00 00
ED 70 AE 2A D9 FC 87 2B 31 9A F6 2B 35 A8 29 2C DD D3 3E 2C C9 9D 37 2C 43 49 21 2C 85 12 0C 2C
3A 68 F1 2B 09 BA A7 2B 3A FC CD 2A 00 00 00 00 65 69 39 29 00 00 00 00 00 00 00 00 00 00 00 00
00 00 00 00 00 00 00 00 00 00 00 00 00 00 00 00 00 00 00 00 00 00 00 00 00 00 00 00 00 00 00 00
00 00 00 00 00 00 00 00 C5 37 2E 26 00 00 00 00 38 C1 3E 26 31 62 2C 2A E2 74 0C 2B 70 7E 66 2B
B2 51 82 2B F0 73 5E 2B 04 26 0A 2B 34 F4 6C 2A 99 00 90 29 FF 56 A6 28 58 37 29 28 65 0A 49 28
69 A8 D9 28 31 FA 68 29 1D 53 AE 29 AB 56 9F 29 1C C0 0D 29 C5 B2 36 27 00 00 00 00 DE 9D CA 25
00 00 00 00 FA 13 D8 25 00 00 00 00 11 93 30 27 FF C5 2F 28 33 B6 3C 28 6E 11 45 27 00 00 00 00
71 8F 2A 26 00 00 00 00 00 00 00 00 87 3B B0 25 00 00 00 00 BC 77 C8 25 6E 97 99 27 3B BA AA 27
12 20 03 26 00 00 00 00 D9 BD BA 25 00 00 00 00 00 00 00 00 5C 6A 83 25 00 00 00 00 E5 EA 69 25
6E EC 61 27 BF 60 7A 27 66 C7 B1 25 00 00 00 00 40 5A 6D 25 00 00 00 00 00 00 00 00 48 FB 05 26
00 00 00 00 23 B0 72 26 22 90 96 27 CC 34 89 27 91 AA 7B 24 00 00 00 00 0F 31 64 24 00 00 00 00
00 00 00 00 24 10 02 25 00 00 00 00 0D 11 DF 24 C4 D0 3B 27 E4 97 48 27 00 00 00 00 BE 2F FB 23
00 00 00 00 00 00 00 00 00 00 00 00 B8 D9 AB 25 00 00 00 00 3C 5D 04 26 4E 54 45 27 F8 F0 24 27
00 00 00 00 CF 03 8C 24 00 00 00 00 00 00 00 00 00 00 00 00 01 B3 FB 25 00 00 00 00 35 6B 31 26
14 7B 8C 27 88 4A 9E 27 35 63 45 26 00 00 00 00 B9 BC 81 25 00 00 00 00 00 00 00 00 E1 DD 8C 25
00 00 00 00 EC 88 8B 27 D5 2F 27 28 4C 6F 1A 28 61 8A 1D 27 00 00 00 00 27 50 C5 25 00 00 00 00
00 00 00 00 E0 3C 87 25 00 00 00 00 F4 79 1F 26 0B 65 1D 27 92 57 87 26 00 00 00 00 50 B9 62 26
00 00 00 00 00 00 00 00 00 00 00 00 00 00 00 00 00 00 00 00 00 00 00 00 00 00 00 00 00 00 00 00
00 00 00 00 00 00 00 00 00 00 00 00 00 00 00 00 00 00 00 00 00 00 00 00 00 00 00 00 00 00 00 00
00 00 00 00 00 00 00 00 00 00 00 00 00 00 00 00 00 00 00 00 00 00 00 00 00 00 00 00 00 00 00 00
1E 9F 14 26 00 00 00 00 BE 66 A8 25 07 1C AD 26 68 6D 60 25 00 00 00 00 23 EF 7C 24 00 00 00 00
18 C3 34 25 00 00 00 00 82 BD 0F 27 03 D6 66 28 52 0B DB 28 CB F4 DD 28 1E CE 5B 28 AA 11 06 27
00 00 00 00 B8 30 9D 23 0A 6D 95 23 00 00 00 00 0A 1E D1 26 D8 7B 16 28 E8 50 85 28 28 CA 5D 28
66 0D 82 27 00 00 00 00 C3 06 34 25 00 00 00 00 00 00 00 00 1E F8 81 25 00 00 00 00 09 4B 03 27
9F EA BF 27 54 05 A9 27 7A B2 36 26 00 00 00 00 0D E8 95 25 00 00 00 00 00 00 00 00 35 9D AF 25
00 00 00 00 BB A3 39 26 59 10 3F 27 09 C2 27 27 F2 48 B8 24 00 00 00 00 A1 FC A6 24 00 00 00 00
00 00 00 00 71 C7 9A 25 00 00 00 00 85 90 B2 25 84 6A 26 27 8D 20 0E 27 00 00 00 00 71 6D EF 24
00 00 00 00 00 00 00 00 00 00 00 00 38 AE 88 25 00 00 00 00 F7 17 87 25 3C 5E 16 27 EB 21 14 27
C3 3E 60 22 00 00 00 00 81 F2 7C 22 00 00 00 00 00 00 00 00 FA 33 7E 25 00 00 00 00 CA BB 88 25
BF 3E 2F 27 AE 64 1B 27 00 00 00 00 99 76 16 25 00 00 00 00 00 00 00 00 00 00 00 00 6F AC CD 25
00 00 00 00 8D 1B 03 26 CF AD 24 27 F6 33 04 27 00 00 00 00 57 8A 0E 25 00 00 00 00 00 00 00 00
00 00 00 00 EC E0 C4 25 00 00 00 00 EB 47 F3 25 E0 FC 2B 27 B5 61 1B 27 59 F5 87 24 00 00 00 00
D4 95 82 24 00 00 00 00 00 00 00 00 6B 11 3B 25 00 00 00 00 75 7A 22 25 A2 EF 07 27 D7 F0 07 27
00 00 00 00 55 46 39 24 00 00 00 00 00 00 00 00 00 00 00 00 5E F8 90 25 00 00 00 00 DC FD C5 25
26 EB 33 27 75 74 1A 27 00 00 00 00 0C 2A D3 24 00 00 00 00 00 00 00 00 00 00 00 00 C9 C0 6B 25
00 00 00 00 96 9E 70 25 5A 0D 16 27 27 1F 0F 27 00 00 00 00 E3 11 91 23 00 00 00 00 00 00 00 00
00 00 00 00 93 49 26 25 00 00 00 00 86 30 0B 25 5C 18 06 27 51 D1 14 27 00 00 00 00 7F 48 D6 23
00 00 00 00 00 00 00 00 00 00 00 00 08 90 6C 25 00 00 00 00 69 F7 64 25 15 3E 17 27 F0 F5 28 27
3C E7 43 25 00 00 00 00 E9 66 1A 25 00 00 00 00 00 00 00 00 D8 3E 1B 25 00 00 00 00 86 93 06 25
56 C7 F6 26 EC 5F FE 26 00 00 00 00 0F 3E 7D 24 00 00 00 00 00 00 00 00 00 00 00 00 BA BB 5F 25
00 00 00 00 91 CC 78 25 8A 06 0B 27 A5 84 01 27 00 00 00 00 EC 98 4E 23 00 00 00 00 00 00 00 00
00 00 00 00 F4 2A 32 25 00 00 00 00 88 35 22 25 21 49 FD 26 2E B8 05 27 00 00 00 00 35 76 4A 23
00 00 00 00 00 00 00 00 00 00 00 00 D4 4C 65 25 00 00 00 00 0E D6 60 25 32 13 0C 27 1F 7F 12 27
00 8F A8 24 00 00 00 00 E8 05 92 24 00 00 00 00 00 00 00 00 00 00 00 00 4A FF F4 23 00 00 00 00
B9 63 F4 26 96 CD 0F 27 FE 6B 16 25 00 00 00 00 0B 8A E0 24 00 00 00 00 00 00 00 00 F1 A1 31 24
00 00 00 00 69 0E 0E 24 6A 32 FD 26 2C EC FB 26 77 9E A1 23 00 00 00 00 22 01 A9 23 00 00 00 00
00 00 00 00 5E 41 15 25 00 00 00 00 21 C0 04 25 DA 5C 09 27 43 BD 1B 27 05 09 11 25 00 00 00 00
DD 4F 01 25 00 00 00 00 00 00 00 00 61 83 2F 25 00 00 00 00 B9 E8 23 25 0B 3E EE 26 28 75 09 27
D6 42 81 25 00 00 00 00 B8 F4 4A 25 00 00 00 00 00 00 00 00 00 00 00 00 81 4E 33 24 00 00 00 00
85 A3 00 27 3C EB 14 27 A1 5B 2E 25 00 00 00 00 45 7C 0E 25 00 00 00 00 00 00 00 00 3A 0E 70 24
00 00 00 00 B4 A0 5A 24 A9 B5 09 27 8E 62 13 27 6C 74 55 25 00 00 00 00 1B 1F 25 25 00 00 00 00
00 00 00 00 E4 1D 26 26 00 00 00 00 B1 6C 60 27 17 6F 4C 28 C5 09 82 28 D2 C7 18 28 B8 F0 C2 26
00 00 00 00 7E 99 A5 24 00 00 00 00 32 2D E8 23 00 00 00 00 20 0F 1D 27 C4 32 BB 27 93 5B 9D 27
3E D1 02 26 00 00 00 00 37 1A C3 25 00 00 00 00 00 00 00 00 00 00 00 00 BB 5A 40 25 00 00 00 00
B7 A2 7D 24 00 00 00 00 48 B1 0D 24 00 00 00 00 00 00 00 00 00 00 00 00 00 00 00 00 00 00 00 00
00 00 00 00 00 00 00 00 00 00 00 00 00 00 00 00 00 00 00 00 00 00 00 00 00 00 00 00 00 00 00 00
00 00 00 00 00 00 00 00 D9 F1 24 26 00 00 00 00 23 75 75 26 89 52 2A 27 96 2F AC 26 00 00 00 00
62 24 CD 24 00 00 00 00 00 00 00 00 3F 62 67 25 00 00 00 00 81 50 E2 26 3A B7 D6 27 5D A4 02 28
0C 83 4E 27 00 00 00 00 10 14 34 25 00 00 00 00 00 00 00 00 8F E7 87 25 00 00 00 00 92 15 88 26
C2 56 82 27 5B 46 90 27 1C B2 9E 26 00 00 00 00 EE 12 A9 25 00 00 00 00 00 00 00 00 42 19 C8 24
00 00 00 00 A9 33 E8 24 FF 78 1A 27 43 06 4F 27 A3 FE 1D 26 00 00 00 00 F1 2D 9E 25 00 00 00 00
00 00 00 00 00 00 00 00 00 00 00 00 00 00 00 00 00 00 00 00 00 00 00 00 00 00 00 00 00 00 00 00
00 00 00 00 00 00 00 00 D2 97 70 28 00 00 00 00 3D F8 D5 29 34 69 22 2B A5 C0 BC 2B 83 61 15 2C
FD 06 38 2C BD 8E 3C 2C 9B 86 2B 2C 9D 94 15 2C 2D E4 03 2C 95 C9 D7 2B E0 71 67 2B B3 79 B1 29
00 00 00 00 D1 CF 33 29 00 00 00 00 00 00 00 00 00 00 00 00 00 00 00 00 00 00 00 00 00 00 00 00
00 00 00 00 00 00 00 00 00 00 00 00 00 00 00 00 00 00 00 00 00 00 00 00 00 00 00 00 0F B7 24 28
00 00 00 00 5E 03 5F 29 6F 64 A8 2A B1 5C 37 2B D8 86 78 2B A6 35 77 2B 06 CA 37 2B 97 E7 C3 2A
71 F9 12 2A 3D C6 29 29 DC 25 6B 28 7F 69 28 28 FF 10 85 28 E7 5B 16 29 BC 22 8B 29 9B 26 A9 29
03 3A 65 29 87 A5 77 28 00 00 00 00 47 21 2E 25 00 00 00 00 D1 01 E3 24 00 00 00 00 E7 5D BD 25
9D FD BA 27 2D A2 39 28 65 64 ED 27 00 00 00 00 1F EA D2 24 00 00 00 00 00 00 00 00 00 00 00 00
F8 D7 21 26 00 00 00 00 5B CB 10 27 37 1C C3 27 37 B8 43 27 00 00 00 00 72 F4 0E 26 00 00 00 00
00 00 00 00 00 00 00 00 F3 6C F1 25 00 00 00 00 B2 27 D2 26 01 DC 96 27 40 8D 18 27 00 00 00 00
CE EA B4 25 00 00 00 00 00 00 00 00 00 00 00 00 63 9D B8 25 00 00 00 00 68 26 1B 27 67 AC 9F 27
E4 C0 08 27 00 00 00 00 FD 6D 06 26 00 00 00 00 00 00 00 00 00 00 00 00 4F 89 CF 25 00 00 00 00
97 43 A1 26 F0 E5 4D 27 33 7F B7 26 00 00 00 00 19 50 D5 25 00 00 00 00 00 00 00 00 00 00 00 00
96 04 A5 25 00 00 00 00 EE 1F DC 26 18 C6 63 27 6C 07 98 26 00 00 00 00 B4 FA DB 25 00 00 00 00
00 00 00 00 00 00 00 00 5C 2D A1 25 00 00 00 00 A4 83 0D 27 BE B3 99 27 DC 95 25 27 00 00 00 00
F7 15 32 25 00 00 00 00 00 00 00 00 D8 99 9F 25 00 00 00 00 A0 25 A0 26 F5 F5 DC 27 05 04 25 28
57 C4 B5 27 00 00 00 00 AA 56 0B 24 00 00 00 00 00 00 00 00 00 00 00 00 A0 92 4F 24 00 00 00 00
1F 77 C1 26 E2 62 F1 26 00 00 00 00 9C 88 17 25 00 00 00 00 00 00 00 00 00 00 00 00 00 00 00 00
00 00 00 00 00 00 00 00 00 00 00 00 00 00 00 00 00 00 00 00 00 00 00 00 00 00 00 00 00 00 00 00
00 00 00 00 00 00 00 00 00 00 00 00 00 00 00 00 00 00 00 00 00 00 00 00 00 00 00 00 00 00 00 00
00 00 00 00 00 00 00 00 00 00 00 00 00 00 00 00 00 00 00 00 8C 5C E1 25 00 00 00 00 56 19 55 26
DA 79 63 26 00 00 00 00 A2 F9 B1 23 00 00 00 00 00 00 00 00 D8 69 7B 23 00 00 00 00 CB 91 B8 27
CA 5A 95 28 4A 94 DC 28 1F 19 A6 28 07 72 D4 27 3C FC E6 25 00 00 00 00 00 00 00 00 00 00 00 00
B7 02 A9 25 8E 42 8B 27 15 C1 39 28 9D 56 72 28 97 6E 14 28 4E 1E 89 26 00 00 00 00 B9 53 2C 25
00 00 00 00 20 F6 0A 25 00 00 00 00 28 5D DA 25 C4 8E 5E 27 F1 0F AC 27 21 91 27 27 00 00 00 00
E2 66 92 25 00 00 00 00 00 00 00 00 00 00 00 00 0C F5 F5 24 00 00 00 00 BD 0B E8 26 A1 3A 4F 27
40 76 B9 26 00 00 00 00 E7 EC 8F 25 00 00 00 00 00 00 00 00 00 00 00 00 6B 4D A7 25 00 00 00 00
25 97 86 26 F9 D2 13 27 47 97 2D 26 00 00 00 00 0A B0 A1 25 00 00 00 00 00 00 00 00 00 00 00 00
15 89 92 25 00 00 00 00 41 59 9F 26 36 44 1D 27 FC D0 59 26 00 00 00 00 2A 0F CB 25 00 00 00 00
