00 00 00 00 00 00 10 44 00 00 00 00 00 00 80 43 00 00 A0 44 00 00 00 00 00 00 00 00 00 00 FC 43
00 00 00 00 00 00 D8 44 00 00 00 00 00 00 00 00 00 00 10 44 00 00 00 00 00 00 D8 44 00 00 00 00
00 00 D8 43 00 00 00 00 00 00 B4 43 00 00 E1 44 00 00 00 00 00 00 00 00 00 00 FC 43 00 00 00 00
00 00 BD 44 00 00 00 00 00 00 FC 43 00 00 00 00 00 00 D8 43 00 00 A2 44 00 00 00 00 00 00 00 00
00 00 00 00 00 00 00 00 00 00 C0 44 00 00 00 00 00 00 70 44 00 00 00 00 00 00 58 44 00 00 D8 44
00 00 00 00 00 00 00 00 00 00 00 00 00 00 00 00 00 00 07 45 00 00 00 00 00 00 70 44 00 00 00 00
00 00 58 44 00 00 D8 44 00 00 00 00 00 00 80 43 00 00 00 00 00 00 D8 43 00 00 07 45 00 00 00 00
00 00 48 44 00 00 00 00 00 00 58 44 00 00 22 45 00 00 00 00 00 00 C6 44 00 00 00 00 00 00 BD 44
00 00 FC 44 00 00 00 00 00 00 58 44 00 00 00 00 00 00 BD 44 00 00 3D 45 00 00 00 00 00 00 C6 44
00 00 00 00 00 00 F3 44 00 00 F3 44 00 00 00 00 00 00 34 44 00 00 00 00 00 00 07 45 00 00 34 45
00 00 00 00 00 00 20 44 00 00 00 00 00 00 DC 44 00 00 25 45 00 00 00 00 00 00 34 44 00 00 00 00
00 00 16 45 00 00 C8 44 00 00 00 00 00 00 00 00 00 00 00 00 00 00 00 00 00 00 22 45 00 00 00 00
00 00 28 43 00 00 00 00 00 00 10 44 00 00 10 44 00 00 00 00 00 00 00 00 00 00 00 00 00 00 00 00
00 00 0C 45 00 00 00 00 00 00 00 00 00 00 00 00 00 00 00 00 00 00 8C 44 00 00 00 00 00 00 B4 44
00 00 00 00 00 00 70 44 00 00 70 44 00 00 00 00 00 00 60 43 00 00 00 00 00 00 10 43 00 00 58 44
00 00 00 00 00 00 F0 44 00 00 00 00 00 00 20 44 00 00 20 44 00 00 00 00 00 00 00 44 00 00 00 00
00 00 0C 44 00 00 AF 44 00 00 00 00 00 00 20 44 00 00 00 00 00 00 F0 43 00 00 70 44 00 00 00 00
00 00 00 44 00 00 00 00 00 00 40 44 00 00 C0 44 00 00 00 00 00 00 E0 43 00 00 00 00 00 00 28 44
00 00 A8 44 00 00 00 00 00 00 40 44 00 00 00 00 00 00 7C 44 00 00 A8 44 00 00 00 00 00 00 60 43
00 00 00 00 00 00 8C 43 00 00 8C 44 00 00 00 00 00 00 40 44 00 00 00 00 00 00 93 44 00 00 44 44
00 00 00 00 00 00 40 43 00 00 00 00 00 00 28 44 00 00 D2 44 00 00 00 00 00 00 34 44 00 00 00 00
00 00 28 44 00 00 7C 44 00 00 00 00 00 00 A8 43 00 00 00 00 00 00 44 44 00 00 44 44 00 00 00 00
00 00 A8 43 00 00 00 00 00 00 34 44 00 00 34 44 00 00 00 00 00 00 FC 43 00 00 00 00 00 00 93 44
00 00 93 44 00 00 00 00 00 00 A8 43 00 00 00 00 00 00 10 44 00 00 10 44 00 00 00 00 00 00 A8 43
00 00 00 00 00 00 58 44 00 00 58 44 00 00 00 00 00 00 10 44 00 00 00 00 00 00 93 44 00 00 93 44
00 00 00 00 00 00 10 44 00 00 00 00 00 00 93 44 00 00 93 44 00 00 00 00 00 00 10 44 00 00 00 00
00 00 93 44 00 00 93 44 00 00 00 00 00 00 10 44 00 00 00 00 00 00 58 44 00 00 10 44 00 00 00 00
00 00 A8 43 00 00 00 00 00 00 93 44 00 00 93 44 00 00 00 00 00 00 10 44 00 00 00 00 00 00 93 44
00 00 93 44 00 00 00 00 00 00 FC 43 00 00 00 00 00 00 7C 44 00 00 28 44 00 00 00 00 00 00 E0 43
00 00 00 00 00 00 A8 44 00 00 7C 44 00 00 00 00 00 00 FC 43 00 00 00 00 00 00 7C 44 00 00 7C 44
00 00 00 00 00 00 FC 43 00 00 00 00 00 00 7C 44 00 00 7C 44 00 00 00 00 00 00 40 44 00 00 00 00
00 00 A8 44 00 00 28 44 00 00 00 00 00 00 E0 43 00 00 00 00 00 00 A8 44 00 00 28 44 00 00 00 00
00 00 A8 43 00 00 00 00 00 00 7C 44 00 00 A8 43 00 00 00 00 00 00 60 43 00 00 00 00 00 00 C0 44
00 00 40 44 00 00 00 00 00 00 00 44 00 00 00 00 00 00 C0 44 00 00 40 44 00 00 00 00 00 00 00 44
00 00 00 00 00 00 8C 44 00 00 0C 44 00 00 00 00 00 00 00 44 00 00 00 00 00 00 C0 44 00 00 40 44
00 00 00 00 00 00 E0 43 00 00 00 00 00 00 A0 44 00 00 A0 43 00 00 00 00 00 00 60 43 00 00 00 00
00 00 8C 44 00 00 0C 44 00 00 00 00 00 00 E0 43 00 00 00 00 00 00 A0 44 00 00 A0 43 00 00 00 00
00 00 60 43 00 00 00 00 00 00 8C 44 00 00 0C 44 00 00 00 00 00 00 00 44 00 00 00 00 00 00 A0 44
00 00 A0 43 00 00 00 00 00 00 80 43 00 00 00 00 00 00 A0 44 00 00 00 00 00 00 00 00 00 00 00 00
00 00 00 00 00 00 C8 44 00 00 A0 43 00 00 00 00 00 00 60 43 00 00 00 00 00 00 A0 44 00 00 A0 43
00 00 00 00 00 00 80 43 00 00 00 00 00 00 A0 44 00 00 A0 43 00 00 00 00 00 00 A0 43 00 00 00 00
00 00 C8 44 00 00 A0 43 00 00 00 00 00 00 8C 43 00 00 00 00 00 00 A0 44 00 00 00 00 00 00 00 00
00 00 00 00 00 00 00 00 00 00 C8 44 00 00 A0 43 00 00 00 00 00 00 8C 43 00 00 00 00 00 00 C8 44
00 00 A0 43 00 00 00 00 00 00 8C 43 00 00 00 00 00 00 C8 44 00 00 A0 43 00 00 00 00 00 00 8C 43
00 00 00 00 00 00 8C 44 00 00 60 43 00 00 00 00 00 00 E0 43 00 00 00 00 00 00 FC 44 00 00 90 43
00 00 00 00 00 00 20 44 00 00 00 00 00 00 D8 44 00 00 00 00 00 00 10 44 00 00 00 00 00 00 00 00
00 00 0C 45 00 00 00 00 00 00 20 44 00 00 00 00 00 00 00 00 00 00 16 45 00 00 00 00 00 00 0C 44
00 00 00 00 00 00 00 00 00 00 F0 44 00 00 00 00 00 00 96 44 00 00 00 00 00 00 00 00 00 00 FA 44
00 00 00 00 00 00 F0 43 00 00 00 00 00 00 00 00 00 00 C8 44 00 00 00 00 00 00 96 44 00 00 00 00
00 00 00 00 00 00 FA 44 00 00 00 00 00 00 0C 44 00 00 00 00 00 00 00 00 00 00 52 44 00 00 00 00
00 00 00 00 00 00 00 00 00 00 00 00 00 00 44 44 00 00 00 00 00 00 A8 43 00 00 00 00 00 00 00 00
00 00 90 44 00 00 00 00 00 00 00 00 00 00 00 00 00 00 00 00 00 00 A8 44 00 00 00 00 00 00 00 00
00 00 00 00 00 00 00 00 00 00 70 44 00 00 00 00 00 00 E0 43 00 00 00 00 00 00 00 00 00 00 90 44
00 00 00 00 00 00 C0 43 00 00 00 00 00 00 00 00 00 00 A2 44 00 00 00 00 00 00 FC 43 00 00 00 00
00 00 00 00 00 00 A2 44 00 00 00 00 00 00 58 44 00 00 00 00 00 00 00 00 00 00 B4 44 00 00 00 00
00 00 34 44 00 00 00 00 00 00 00 00 00 00 00 00 00 00 00 00 00 00 00 00 00 00 5D 45 00 20 0A 46
00 00 00 00 00 00 00 00 00 00 00 00 00 A0 87 47 00 50 B0 47 00 00 00 00 00 00 B6 45 00 00 44 45
00 00 00 00 00 00 00 00 00 80 95 45 00 00 00 00 00 00 00 00 00 00 00 00 00 00 00 00 00 00 00 00
00 00 00 00 00 00 00 00 00 00 00 00 00 00 00 00 00 00 00 00 00 00 00 00 00 00 70 44 00 00 00 00
00 00 C0 43 00 00 00 00 00 00 00 00 00 00 00 00 00 00 84 45 00 00 04 45 00 00 00 00 00 00 00 00
00 00 00 00 00 80 7D 45 00 80 7D 45 00 00 00 00 00 00 F0 42 00 00 48 43 00 00 00 00 00 00 00 00
00 00 0C 44 00 00 E0 42 00 00 00 00 00 00 5C 44 00 00 DC 44 00 00 00 00 00 00 00 44 00 00 80 44
00 00 00 00 00 00 00 00 00 00 87 44 00 00 00 00 00 00 22 44 00 00 00 00 00 00 00 00 00 00 10 44
00 00 00 00 00 00 70 44 00 00 00 00 00 00 00 00 00 00 8C 44 00 00 00 00 00 00 D2 44 00 00 00 00
00 00 00 00 00 00 60 44 00 00 00 00 00 00 90 44 00 00 00 00 00 00 00 00 00 00 00 00 00 00 00 00
00 00 B4 44 00 00 00 00 00 00 00 00 00 00 40 44 00 00 00 00 00 00 60 44 00 00 00 00 00 00 FC 43
00 00 00 00 00 00 B4 43 00 00 E1 44 00 00 00 00 00 00 00 00 00 00 D8 43 00 00 00 00 00 00 FC 44
00 00 00 00 00 00 00 00 00 00 00 00 00 00 00 00 00 00 E1 44 00 00 00 00 00 00 00 00 00 00 20 44
00 00 00 00 00 00 0C 45 00 00 00 00 00 00 FC 43 00 00 00 00 00 00 F0 43 00 00 16 45 00 00 00 00
00 00 A0 43 00 00 00 00 00 00 D8 43 00 00 07 45 00 00 00 00 00 00 B4 43 00 00 00 00 00 00 B4 43
00 00 07 45 00 00 00 00 00 00 70 44 00 00 00 00 00 00 58 44 00 00 22 45 00 00 00 00 00 00 84 44
00 00 00 00 00 00 70 44 00 00 52 45 00 00 00 00 00 00 9A 44 00 00 00 00 00 00 A0 44 00 00 20 45
00 00 00 00 00 00 20 44 00 00 00 00 00 00 A0 44 00 00 20 45 00 00 00 00 00 00 00 00 00 00 00 00
00 00 00 00 00 00 04 45 00 00 00 00 00 00 D8 43 00 00 00 00 00 00 B4 44 00 00 B4 44 00 00 00 00
00 00 00 00 00 00 00 00 00 00 00 00 00 00 22 45 00 00 00 00 00 00 00 00 00 00 00 00 00 00 00 00
00 00 A0 44 00 00 00 00 00 00 00 00 00 00 F0 43 00 00 00 00 00 00 F0 44 00 00 00 00 00 00 00 00
00 00 00 00 00 00 00 00 00 00 A8 44 00 00 00 00 00 00 B4 44 00 00 00 00 00 00 D8 43 00 00 34 44
00 00 00 00 00 00 00 00 00 00 00 00 00 00 00 00 00 00 93 44 00 00 00 00 00 00 D2 44 00 00 00 00
00 00 10 44 00 00 40 44 00 00 00 00 00 00 60 43 00 00 00 00 00 00 60 43 00 00 8C 44 00 00 00 00
00 00 20 44 00 00 00 00 00 00 E0 43 00 00 8C 44 00 00 00 00 00 00 20 44 00 00 00 00 00 00 20 44
00 00 A0 44 00 00 00 00 00 00 40 43 00 00 00 00 00 00 8C 43 00 00 AF 44 00 00 00 00 00 00 34 44
00 00 00 00 00 00 40 44 00 00 C0 44 00 00 00 00 00 00 60 43 00 00 00 00 00 00 A0 43 00 00 C8 44
00 00 00 00 00 00 20 44 00 00 00 00 00 00 40 44 00 00 C0 44 00 00 00 00 00 00 60 43 00 00 00 00
00 00 A0 43 00 00 C8 44 00 00 00 00 00 00 8C 43 00 00 00 00 00 00 8C 43 00 00 52 44 00 00 00 00
00 00 A8 43 00 00 00 00 00 00 40 44 00 00 C0 44 00 00 00 00 00 00 00 44 00 00 00 00 00 00 40 44
00 00 C0 44 00 00 00 00 00 00 00 44 00 00 00 00 00 00 40 44 00 00 C0 44 00 00 00 00 00 00 40 44
00 00 00 00 00 00 7C 44 00 00 A8 44 00 00 00 00 00 00 00 44 00 00 00 00 00 00 40 44 00 00 90 44
00 00 00 00 00 00 A8 43 00 00 00 00 00 00 28 44 00 00 7C 44 00 00 00 00 00 00 C0 43 00 00 00 00
00 00 28 44 00 00 7C 44 00 00 00 00 00 00 C0 43 00 00 00 00 00 00 40 44 00 00 C0 44 00 00 00 00
00 00 40 44 00 00 00 00 00 00 93 44 00 00 93 44 00 00 00 00 00 00 A8 43 00 00 00 00 00 00 28 44
00 00 A8 44 00 00 00 00 00 00 E0 43 00 00 00 00 00 00 10 44 00 00 58 44 00 00 00 00 00 00 10 44
00 00 00 00 00 00 93 44 00 00 93 44 00 00 00 00 00 00 10 44 00 00 00 00 00 00 93 44 00 00 93 44
00 00 00 00 00 00 10 44 00 00 00 00 00 00 93 44 00 00 93 44 00 00 00 00 00 00 10 44 00 00 00 00
00 00 7C 44 00 00 A8 44 00 00 00 00 00 00 00 44 00 00 00 00 00 00 60 44 00 00 A8 44 00 00 00 00
00 00 10 44 00 00 00 00 00 00 93 44 00 00 44 44 00 00 00 00 00 00 A8 43 00 00 00 00 00 00 58 44
00 00 10 44 00 00 00 00 00 00 E0 43 00 00 00 00 00 00 A8 44 00 00 7C 44 00 00 00 00 00 00 10 44
00 00 00 00 00 00 58 44 00 00 10 44 00 00 00 00 00 00 A8 43 00 00 00 00 00 00 93 44 00 00 93 44
00 00 00 00 00 00 10 44 00 00 00 00 00 00 93 44 00 00 93 44 00 00 00 00 00 00 10 44 00 00 00 00
00 00 93 44 00 00 93 44 00 00 00 00 00 00 FC 43 00 00 00 00 00 00 7C 44 00 00 28 44 00 00 00 00
00 00 E0 43 00 00 00 00 00 00 A8 44 00 00 28 44 00 00 00 00 00 00 E0 43 00 00 00 00 00 00 8C 44
00 00 0C 44 00 00 00 00 00 00 C0 43 00 00 00 00 00 00 7C 44 00 00 28 44 00 00 00 00 00 00 00 44
00 00 00 00 00 00 C0 44 00 00 40 44 00 00 00 00 00 00 C0 43 00 00 00 00 00 00 7C 44 00 00 28 44
00 00 00 00 00 00 C0 43 00 00 00 00 00 00 7C 44 00 00 A8 43 00 00 00 00 00 00 60 43 00 00 00 00
00 00 A8 44 00 00 28 44 00 00 00 00 00 00 E0 43 00 00 00 00 00 00 8C 44 00 00 8C 43 00 00 00 00
00 00 60 43 00 00 00 00 00 00 8C 44 00 00 0C 44 00 00 00 00 00 00 00 44 00 00 00 00 00 00 C0 44
00 00 40 44 00 00 00 00 00 00 00 44 00 00 00 00 00 00 A0 44 00 00 A0 43 00 00 00 00 00 00 28 43
00 00 00 00 00 00 52 44 00 00 8C 43 00 00 00 00 00 00 A0 43 00 00 00 00 00 00 AF 44 00 00 8C 43
00 00 00 00 00 00 C0 43 00 00 00 00 00 00 A8 44 00 00 E0 43 00 00 00 00 00 00 7C 44 00 00 00 00
00 00 FC 44 00 00 00 00 00 00 00 00 00 00 00 00 00 00 00 00 00 00 07 45 00 00 00 00 00 00 00 00
00 00 00 00 00 00 00 00 00 00 E1 44 00 00 00 00 00 00 00 00 00 00 00 00 00 00 00 00 00 00 16 45
00 00 00 00 00 00 F0 43 00 00 00 00 00 00 00 00 00 00 0C 45 00 00 00 00 00 00 00 00 00 00 00 00
00 00 00 00 00 00 D8 44 00 00 00 00 00 00 B4 43 00 00 00 00 00 00 00 00 00 00 B4 44 00 00 00 00
00 00 00 00 00 00 00 00 00 00 00 00 00 00 C8 44 00 00 20 44 00 00 00 00 00 00 40 44 00 00 00 00
00 00 90 44 00 00 00 00 00 00 00 00 00 00 00 00 00 00 00 00 00 00 90 44 00 00 40 43 00 00 00 00
00 00 C0 43 00 00 00 00 00 00 7C 44 00 00 00 00 00 00 00 00 00 00 00 00 00 00 00 00 00 00 A0 44
00 00 80 43 00 00 00 00 00 00 A0 43 00 00 00 00 00 00 A0 44 00 00 00 00 00 00 00 00 00 00 00 00
00 00 00 00 00 00 B4 44 00 00 00 00 00 00 FC 43 00 00 00 00 00 00 00 00 00 00 D8 44 00 00 00 00
00 00 B4 43 00 00 00 00 00 00 00 00 00 00 80 44 00 00 00 00 00 00 20 44 00 00 00 00 00 00 00 00
00 00 00 00 00 00 00 00 00 00 00 00 00 40 BF 45 00 40 BF 45 00 00 00 00 00 00 00 00 00 00 00 00
00 B0 9A 47 00 A0 8C 47 00 00 00 00 00 00 87 45 00 00 73 45 00 00 00 00 00 00 00 00 00 00 1C 46
00 00 00 00 00 00 00 00 00 00 00 00 00 00 00 00 00 00 00 00 00 00 00 00 00 00 00 00 00 00 00 00
00 00 00 00 00 00 00 00 00 00 00 00 00 00 10 44 00 00 00 00 00 00 E0 43 00 00 00 00 00 00 00 00
00 00 00 00 00 00 96 45 00 00 70 44 00 00 00 00 00 00 00 00 00 00 00 00 00 00 A9 45 00 80 7D 45
00 00 00 00 00 00 70 43 00 00 A0 43 00 00 00 00 00 00 00 00 00 00 52 44 00 00 FC 43 00 00 00 00
00 00 25 45 00 00 00 00 00 00 00 00 00 00 00 00 00 00 40 44 00 00 00 00 00 00 00 00 00 00 87 44
00 00 00 00 00 00 00 00 00 00 00 00 00 00 00 00 00 00 00 44 00 00 00 00 00 00 40 44 00 00 00 00
00 00 00 00 00 00 B4 44 00 00 00 00 00 00 8C 44 00 00 00 00 00 00 00 00 00 00 58 44 00 00 00 00
00 00 D8 44 00 00 00 00 00 00 00 00 00 00 A2 44 00 00 00 00 00 00 87 44 00 00 00 00 00 00 00 00
00 00 7C 44 00 00 00 00 00 00 10 44 00 00 00 00 00 00 00 00 00 00 20 44 00 00 00 00 00 00 C8 44
00 00 00 00 00 00 00 00 00 00 70 44 00 00 00 00 00 00 A0 44 00 00 00 00 00 00 00 00 00 00 00 00
00 00 00 00 00 00 F0 44 00 00 00 00 00 00 00 00 00 00 FC 43 00 00 00 00 00 00 D8 44 00 00 00 00
00 00 00 00 00 00 00 00 00 00 00 00 00 00 16 45 00 00 00 00 00 00 00 00 00 00 20 44 00 00 00 00
00 00 0C 45 00 00 00 00 00 00 00 00 00 00 00 00 00 00 00 00 00 00 FC 44 00 00 00 00 00 00 00 00
00 00 00 00 00 00 00 00 00 00 16 45 00 00 00 00 00 00 00 00 00 00 00 00 00 00 00 00 00 00 2F 45
00 00 00 00 00 00 1A 44 00 00 00 00 00 00 1A 44 00 00 67 45 00 00 00 00 00 00 84 44 00 00 00 00
00 00 8C 44 00 00 2F 45 00 00 00 00 00 00 00 00 00 00 00 00 00 00 00 00 00 00 40 45 00 00 00 00
00 00 00 00 00 00 40 44 00 00 00 00 00 00 10 45 00 00 00 00 00 00 00 00 00 00 40 44 00 00 00 00
00 00 28 45 00 00 00 00 00 00 00 00 00 00 0C 44 00 00 00 00 00 00 B4 44 00 00 00 00 00 00 00 00
00 00 48 44 00 00 00 00 00 00 FA 44 00 00 00 00 00 00 00 00 00 00 70 44 00 00 00 00 00 00 60 44
00 00 00 00 00 00 7C 44 00 00 00 00 00 00 A8 43 00 00 7C 44 00 00 00 00 00 00 A8 43 00 00 00 00
00 00 C0 42 00 00 28 44 00 00 00 00 00 00 D2 44 00 00 00 00 00 00 28 44 00 00 8C 44 00 00 00 00
00 00 00 00 00 00 00 00 00 00 00 00 00 00 C0 44 00 00 00 00 00 00 C0 43 00 00 00 00 00 00 60 43
00 00 8C 44 00 00 00 00 00 00 00 00 00 00 00 00 00 00 00 00 00 00 A0 44 00 00 00 00 00 00 00 00
00 00 00 00 00 00 00 00 00 00 90 44 00 00 00 00 00 00 C0 43 00 00 00 00 00 00 A0 43 00 00 A0 44
00 00 00 00 00 00 00 00 00 00 00 00 00 00 00 00 00 00 A0 44 00 00 00 00 00 00 20 44 00 00 00 00
00 00 0C 44 00 00 52 44 00 00 00 00 00 00 00 00 00 00 00 00 00 00 00 00 00 00 A0 44 00 00 00 00
00 00 20 44 00 00 00 00 00 00 20 44 00 00 A0 44 00 00 00 00 00 00 40 43 00 00 00 00 00 00 A0 43
00 00 C8 44 00 00 00 00 00 00 8C 43 00 00 00 00 00 00 A0 43 00 00 C8 44 00 00 00 00 00 00 8C 43
00 00 00 00 00 00 A0 43 00 00 C8 44 00 00 00 00 00 00 8C 43 00 00 00 00 00 00 A0 43 00 00 C8 44
00 00 00 00 00 00 8C 43 00 00 00 00 00 00 C0 43 00 00 C0 44 00 00 00 00 00 00 E0 43 00 00 00 00
00 00 0C 44 00 00 AF 44 00 00 00 00 00 00 8C 43 00 00 00 00 00 00 8C 43 00 00 8C 44 00 00 00 00
00 00 60 43 00 00 00 00 00 00 8C 43 00 00 52 44 00 00 00 00 00 00 A8 43 00 00 00 00 00 00 28 44
00 00 7C 44 00 00 00 00 00 00 28 43 00 00 00 00 00 00 8C 43 00 00 8C 44 00 00 00 00 00 00 00 44
00 00 00 00 00 00 40 44 00 00 C0 44 00 00 00 00 00 00 40 44 00 00 00 00 00 00 7C 44 00 00 7C 44
00 00 00 00 00 00 A8 43 00 00 00 00 00 00 0C 44 00 00 8C 44 00 00 00 00 00 00 60 43 00 00 00 00
00 00 C0 43 00 00 C0 44 00 00 00 00 00 00 00 44 00 00 00 00 00 00 0C 44 00 00 52 44 00 00 00 00
00 00 A8 43 00 00 00 00 00 00 28 44 00 00 7C 44 00 00 00 00 00 00 C0 43 00 00 00 00 00 00 40 44
00 00 C0 44 00 00 00 00 00 00 40 44 00 00 00 00 00 00 7C 44 00 00 7C 44 00 00 00 00 00 00 FC 43
00 00 00 00 00 00 7C 44 00 00 7C 44 00 00 00 00 00 00 A8 43 00 00 00 00 00 00 40 44 00 00 C0 44
00 00 00 00 00 00 E0 43 00 00 00 00 00 00 F0 43 00 00 70 44 00 00 00 00 00 00 E0 43 00 00 00 00
00 00 10 44 00 00 10 44 00 00 00 00 00 00 A8 43 00 00 00 00 00 00 93 44 00 00 93 44 00 00 00 00
00 00 10 44 00 00 00 00 00 00 93 44 00 00 93 44 00 00 00 00 00 00 10 44 00 00 00 00 00 00 58 44
00 00 10 44 00 00 00 00 00 00 A8 43 00 00 00 00 00 00 93 44 00 00 93 44 00 00 00 00 00 00 10 44
00 00 00 00 00 00 7C 44 00 00 28 44 00 00 00 00 00 00 A8 43 00 00 00 00 00 00 7C 44 00 00 7C 44
00 00 00 00 00 00 FC 43 00 00 00 00 00 00 7C 44 00 00 7C 44 00 00 00 00 00 00 10 44 00 00 00 00
00 00 58 44 00 00 10 44 00 00 00 00 00 00 A8 43 00 00 00 00 00 00 7C 44 00 00 28 44 00 00 00 00
00 00 C0 43 00 00 00 00 00 00 7C 44 00 00 28 44 00 00 00 00 00 00 C0 43 00 00 00 00 00 00 7C 44
00 00 28 44 00 00 00 00 00 00 A8 43 00 00 00 00 00 00 7C 44 00 00 7C 44 00 00 00 00 00 00 FC 43
00 00 00 00 00 00 7C 44 00 00 7C 44 00 00 00 00 00 00 40 44 00 00 00 00 00 00 C0 44 00 00 40 44
00 00 00 00 00 00 00 44 00 00 00 00 00 00 8C 44 00 00 0C 44 00 00 00 00 00 00 20 44 00 00 00 00
00 00 AF 44 00 00 52 44 00 00 00 00 00 00 A2 44 00 00 00 00 00 00 C0 44 00 00 80 43 00 00 00 00
00 00 B4 43 00 00 00 00 00 00 07 45 00 00 00 00 00 00 00 00 00 00 00 00 00 00 00 00 00 00 07 45
00 00 00 00 00 00 00 00 00 00 00 00 00 00 00 00 00 00 07 45 00 00 00 00 00 00 D8 43 00 00 00 00
00 00 00 00 00 00 F0 44 00 00 00 00 00 00 00 00 00 00 00 00 00 00 00 00 00 00 E1 44 00 00 00 00
00 00 B4 43 00 00 00 00 00 00 00 00 00 00 90 44 00 00 C0 43 00 00 00 00 00 00 8C 43 00 00 00 00
00 00 C8 44 00 00 20 44 00 00 00 00 00 00 7C 44 00 00 00 00 00 00 E0 44 00 00 80 43 00 00 00 00
00 00 60 43 00 00 00 00 00 00 8C 44 00 00 0C 44 00 00 00 00 00 00 20 44 00 00 00 00 00 00 8C 44
00 00 60 43 00 00 00 00 00 00 60 43 00 00 00 00 00 00 8C 44 00 00 8C 43 00 00 00 00 00 00 8C 43
00 00 00 00 00 00 8C 44 00 00 60 43 00 00 00 00 00 00 8C 43 00 00 00 00 00 00 A0 44 00 00 80 43
00 00 00 00 00 00 60 43 00 00 00 00 00 00 80 44 00 00 00 00 00 00 A0 43 00 00 00 00 00 00 00 00
00 00 A2 44 00 00 00 00 00 00 D8 43 00 00 00 00 00 00 00 00 00 00 00 00 00 00 00 00 00 00 00 00
