DC 63 B3 3E 45 60 B3 3E D9 5F B3 3E 03 5E B3 3E 76 54 B3 3E BF 55 B3 3E 86 5E B3 3E 88 13 00 00
00 00 00 00 00 00 00 00 E9 3F E0 2B 00 00 00 00 14 72 38 2D 67 28 80 2E 63 F5 E3 2E 3B 75 F0 2E
73 2E B5 2E 00 35 53 2E 3A EF C7 2D 46 23 21 2D 0F 14 56 2C 1A 01 20 2B 00 00 00 00 26 61 08 29
00 00 00 00 00 00 00 00 00 00 00 00 00 00 00 00 00 00 00 00 00 00 00 00 00 00 00 00 00 00 00 00
00 00 00 00 00 00 00 00 00 00 00 00 00 00 00 00 00 00 00 00 00 00 00 00 00 00 00 00 00 00 00 00
00 00 00 00 00 00 00 00 00 00 00 00 00 00 00 00 00 00 00 00 00 00 00 00 00 00 00 00 00 00 00 00
00 00 00 00 C8 F1 FC 26 00 00 00 00 07 90 79 27 0D 11 BE 28 A4 12 19 28 AA C2 76 25 00 00 00 00
01 42 BE 24 00 00 00 00 00 00 00 00 00 00 00 00 00 00 00 00 00 00 00 00 00 00 00 00 00 00 00 00
00 00 00 00 00 00 00 00 00 00 00 00 00 00 00 00 00 00 00 00 00 00 00 00 20 C8 C3 27 00 00 00 00
00 00 00 00 99 99 44 25 00 00 00 00 00 00 00 00 00 00 00 00 00 00 00 00 79 0E 04 25 00 00 00 00
F2 16 AC 26 58 92 DE 29 99 2C 0F 2A B4 84 61 29 3B A0 9E 26 00 00 00 00 94 F3 06 27 00 00 00 00
00 00 00 00 00 00 00 00 17 DB 1E 29 00 00 00 00 57 85 D8 29 56 A2 85 29 00 00 00 00 7F E5 A2 28
00 00 00 00 00 00 00 00 00 00 00 00 19 E3 C4 27 00 00 00 00 BE 7C 0B 28 CF 8F 9E 2A 1A 28 F5 2A
B7 A1 C5 2A 7F D7 4D 2A 8E C3 56 29 00 00 00 00 15 D8 B3 26 B1 A5 23 26 00 00 00 00 B3 9E 80 28
DF B9 31 29 77 31 ED 27 00 00 00 00 DD 40 B1 25 00 00 00 00 00 00 00 00 00 00 00 00 00 00 00 00
98 5E D6 28 00 00 00 00 00 00 00 00 97 58 88 27 00 00 00 00 00 00 00 00 00 00 00 00 00 00 00 00
00 00 00 00 53 05 2B 29 00 00 00 00 BA 70 96 29 38 21 28 2A 77 42 8B 29 5B D9 9A 28 1C FC AF 27
00 00 00 00 D5 0A 90 25 00 00 00 00 19 A0 CC 26 00 00 00 00 04 C5 79 28 DF 5E 4A 29 BD 08 2D 29
A6 4E BF 28 98 2C 4D 28 52 89 91 27 00 00 00 00 00 00 00 00 00 00 00 00 D8 CE A6 28 54 12 EC 29
EC BC 0B 2A D1 65 CD 29 7A B7 82 29 F0 64 9A 28 00 00 00 00 EB E1 A3 26 C7 15 1A 26 00 00 00 00
87 AA 78 28 C7 94 0E 2A 45 86 C9 29 00 00 00 00 C7 92 95 27 00 00 00 00 00 00 00 00 00 00 00 00
00 00 00 00 00 00 00 00 ED E8 9B 27 00 00 00 00 56 17 2D 27 A3 87 01 29 BC C9 11 29 73 B6 34 28
00 00 00 00 11 01 D2 27 00 00 00 00 00 00 00 00 A7 24 4C 27 00 00 00 00 00 00 00 00 39 E0 30 27
00 00 00 00 00 00 00 00 00 00 00 00 00 00 00 00 00 00 00 00 00 00 00 00 00 00 00 00 00 00 00 00
00 00 00 00 00 00 00 00 00 00 00 00 00 00 00 00 00 00 00 00 00 00 00 00 00 00 00 00 00 00 00 00
2F D4 54 28 00 00 00 00 28 4C 27 29 34 E0 89 28 AB 3C 29 26 00 00 00 00 D7 EF C1 25 00 00 00 00
FB 1D AF 27 00 00 00 00 E5 8E F3 29 01 D5 1D 2B 87 0D 53 2B 4A 8A EA 2A EA 2E C8 29 D0 E0 EF 26
00 00 00 00 F2 EA D1 25 00 00 00 00 C1 29 62 27 00 00 00 00 8C 7F 0F 29 F0 BD A3 28 68 05 27 27
00 00 00 00 C9 CB E7 26 00 00 00 00 00 00 00 00 00 00 00 00 00 00 00 00 00 00 00 00 00 00 00 00
00 00 00 00 00 00 00 00 00 00 00 00 00 00 00 00 00 00 00 00 00 00 00 00 00 00 00 00 48 F3 16 28
00 00 00 00 BA B6 C2 28 E8 50 B5 29 5A DF BD 29 65 AF D9 28 00 00 00 00 6A CD 04 27 00 00 00 00
3D CC B2 27 00 00 00 00 E7 18 23 29 6F B1 0A 2A 16 60 96 29 56 D3 02 29 32 79 AA 28 67 DF 82 28
5F 2A 1E 27 00 00 00 00 FC 2C 08 26 D4 35 FC 26 00 00 00 00 44 61 04 29 B9 0A 73 29 00 00 00 00
E4 D4 93 28 00 00 00 00 00 00 00 00 00 00 00 00 00 00 00 00 00 00 00 00 00 00 00 00 00 00 00 00
00 00 00 00 00 00 00 00 00 00 00 00 00 00 00 00 00 00 00 00 00 00 00 00 00 00 00 00 48 58 93 28
00 00 00 00 08 3E 93 2A 8D 8B 15 2B 32 02 C1 2A 85 A8 D7 29 25 B3 89 27 00 00 00 00 CB 76 DF 26
00 00 00 00 C8 D1 83 27 00 00 00 00 E8 CC 8A 28 25 76 74 27 00 00 00 00 B8 55 91 26 00 00 00 00
00 00 00 00 00 00 00 00 00 00 00 00 C5 3C 5F 27 00 00 00 00 08 8B C8 29 0D 60 66 2A A2 37 4E 2A
92 4C 7F 29 00 00 00 00 A0 D5 0B 28 00 00 00 00 00 00 00 00 09 83 93 27 00 00 00 00 88 5F E3 24
00 00 00 00 01 44 1F 26 00 00 00 00 00 00 00 00 00 00 00 00 00 00 00 00 89 99 9A 27 00 00 00 00
29 1B AE 28 E2 67 07 2A A5 4E 18 2A BD 9D CA 29 14 32 69 29 04 C6 E5 28 A4 F0 28 28 E5 3F CE 27
7D 1F 32 28 11 47 18 29 87 6F 74 29 00 00 00 00 A9 35 CE 27 00 00 00 00 00 00 00 00 00 00 00 00
00 00 00 00 00 00 00 00 66 8B CC 28 00 00 00 00 8C FA 2B 29 C7 69 5C 2A D8 9F C4 29 00 00 00 00
1D DD 91 28 00 00 00 00 00 00 00 00 00 00 00 00 00 00 00 00 9C E7 56 28 00 00 00 00 BC 95 2A 27
F3 D2 02 26 00 00 00 00 FB 29 9C 24 00 00 00 00 00 00 00 00 80 72 8C 26 00 00 00 00 02 1B 77 28
B3 A7 F0 29 95 5B 06 2A 5A 32 34 29 00 00 00 00 A1 86 10 27 00 00 00 00 00 00 00 00 00 00 00 00
00 00 00 00 72 71 A6 27 00 00 00 00 32 42 13 26 25 CC 26 27 B9 09 4E 26 00 00 00 00 EF AE C3 26
00 00 00 00 DF 49 6F 27 00 00 00 00 5F 65 F1 28 F6 8B C2 2A FF B1 1F 2B 56 47 DB 2A 2A 7D 22 2A
7A 7E 06 29 00 00 00 00 8A F2 94 27 00 00 00 00 00 00 00 00 72 7E 48 27 00 00 00 00 CB 49 93 26
70 58 54 26 00 00 00 00 E7 9B 9A 26 00 00 00 00 00 00 00 00 00 00 00 00 00 00 00 00 79 99 83 25
00 00 00 00 B3 05 CA 26 00 00 00 00 50 42 34 27 00 00 00 00 00 00 00 00 00 00 00 00 00 00 00 00
00 00 00 00 63 79 68 28 00 00 00 00 E0 D2 07 28 E7 C4 6A 29 59 6A 56 29 29 FB 86 28 00 00 00 00
0B CD B1 27 00 00 00 00 00 00 00 00 00 00 00 00 00 00 00 00 00 00 00 00 00 00 00 00 00 00 00 00
00 00 00 00 00 00 00 00 00 00 00 00 79 8C 3A 27 00 00 00 00 14 9E 48 28 99 1A 03 2B 85 03 35 2B
A4 24 DD 2A 4B 8E 16 2A 22 FA F5 27 00 00 00 00 95 F9 BC 27 00 00 00 00 00 00 00 00 00 00 00 00
00 00 00 00 00 00 00 00 00 00 00 00 00 00 00 00 00 00 00 00 00 00 00 00 00 00 00 00 00 00 00 00
55 C0 5B 28 00 00 00 00 E3 65 90 28 BB 0C 62 29 00 00 00 00 59 8F 9E 24 00 00 00 00 00 00 00 00
00 00 00 00 00 00 00 00 4E B8 BD 28 00 00 00 00 01 05 0C 29 71 61 74 29 00 00 00 00 2F 68 A5 26
00 00 00 00 00 00 00 00 00 00 00 00 00 00 00 00 77 9A 90 28 00 00 00 00 8A AD B9 29 31 D5 4D 2A
DB 24 3D 29 00 00 00 00 8C 3E 55 28 00 00 00 00 00 00 00 00 00 00 00 00 00 00 00 00 00 00 00 00
00 00 00 00 00 00 00 00 00 00 00 00 00 00 00 00 00 00 00 00 00 00 00 00 00 00 00 00 00 00 00 00
34 0F 9C 2A 00 00 00 00 CD F9 24 2E 24 5C C7 2E 26 DF D7 2E 4A 34 96 2E 17 50 20 2E 8A 5B 8E 2D
91 7F D0 2C 04 EA E3 2B 80 CD 55 2A 00 00 00 00 57 40 4D 29 00 00 00 00 00 00 00 00 00 00 00 00
00 00 00 00 00 00 00 00 00 00 00 00 00 00 00 00 00 00 00 00 00 00 00 00 00 00 00 00 00 00 00 00
00 00 00 00 00 00 00 00 00 00 00 00 00 00 00 00 00 00 00 00 00 00 00 00 00 00 00 00 00 00 00 00
00 00 00 00 00 00 00 00 00 00 00 00 00 00 00 00 00 00 00 00 00 00 00 00 00 00 00 00 40 CB 3B 27
00 00 00 00 03 EC CB 27 08 D4 EE 28 8C FC 2F 28 75 3C C5 27 CD DF 22 28 94 F9 01 29 CB 7D D4 28
C9 6D 7A 26 28 22 B0 25 EE 63 39 26 89 BB A0 28 A0 DC C8 28 3A F3 F2 24 D5 5F FC 22 C4 DE 77 22
3D 3D 74 24 00 00 00 00 CF C5 65 26 00 00 00 00 00 00 00 00 83 15 B0 25 4F 19 10 25 E8 36 0A 27
00 00 00 00 00 00 00 00 00 00 00 00 00 00 00 00 00 00 00 00 00 00 00 00 00 00 00 00 6C 53 68 28
00 00 00 00 B8 7C F4 26 00 00 00 00 E8 E8 0E 27 00 00 00 00 00 00 00 00 00 00 00 00 00 00 00 00
A7 AC FB 27 00 00 00 00 4C 29 20 28 68 84 1E 27 00 00 00 00 7A 7C 47 26 00 00 00 00 6C 83 0D 26
00 00 00 00 A9 12 94 27 D4 3C B9 28 CE 94 29 29 2B 11 00 29 8E BD 0F 27 00 00 00 00 2F 8A D1 26
00 00 00 00 00 00 00 00 00 00 00 00 00 00 00 00 78 D0 5C 28 00 00 00 00 15 11 5E 2A FD 9D CA 2A
0F 30 91 2A 6B 7E D0 29 00 00 00 00 D7 09 38 26 00 00 00 00 1E 90 3F 26 00 00 00 00 1D 00 6D 26
BC 55 E6 28 7F CC 10 28 00 00 00 00 17 46 07 24 00 00 00 00 00 00 00 00 00 00 00 00 F0 D8 64 27
00 00 00 00 84 8E FF 26 3D F0 7C 26 00 00 00 00 AE 50 99 25 00 00 00 00 00 00 00 00 32 7F D4 25
00 00 00 00 9F 0D BB 28 D5 C1 42 2A F2 94 9B 2A CA 77 39 2A 11 66 EF 28 00 00 00 00 AF 28 1A 27
00 00 00 00 00 00 00 00 7B 0A 8B 27 00 00 00 00 7E BF 4A 29 58 E9 11 2B 8B AF 82 2B 67 6A 46 2B
70 E4 A3 2A 49 B2 54 29 00 00 00 00 80 6B 55 28 00 00 00 00 00 00 00 00 E7 AF 25 28 00 00 00 00
E2 84 35 28 B0 B9 10 28 00 00 00 00 C2 2B 3B 28 00 00 00 00 00 00 00 00 00 00 00 00 00 00 00 00
7F 36 6B 28 00 00 00 00 00 00 00 00 03 4A 84 26 00 00 00 00 00 00 00 00 00 00 00 00 00 00 00 00
00 00 00 00 9B E6 20 28 00 00 00 00 12 41 93 29 7F 66 19 2A F5 BD B7 29 40 E7 AA 28 00 00 00 00
07 A2 76 24 00 00 00 00 1B 54 25 26 00 00 00 00 4F 9D 5C 28 CC D7 D6 29 1F 45 9C 29 00 00 00 00
8F C6 B2 28 00 00 00 00 00 00 00 00 00 00 00 00 00 00 00 00 00 00 00 00 91 42 36 28 00 00 00 00
00 00 00 00 0C 6B BC 26 00 00 00 00 00 00 00 00 00 00 00 00 03 AF 32 25 00 00 00 00 4A C7 46 27
4C C6 DE 29 64 6F B0 2A 11 BA E2 2A FE FA A5 2A C1 7A 18 2A 7B 7A CF 28 00 00 00 00 95 AA 3D 28
00 00 00 00 00 00 00 00 33 9F 3A 28 00 00 00 00 C5 83 11 28 93 DC E7 25 00 00 00 00 62 68 30 26
00 00 00 00 00 00 00 00 00 00 00 00 15 33 3B 28 00 00 00 00 F7 91 2A 26 00 00 00 00 01 BB 88 27
00 00 00 00 00 00 00 00 00 00 00 00 00 00 00 00 00 00 00 00 00 00 00 00 03 66 6F 28 00 00 00 00
39 C7 53 27 00 00 00 00 C3 1F DB 25 1B EF A1 24 BD 40 B6 22 7D 54 54 22 B0 47 42 24 00 00 00 00
1F 01 E3 29 64 1E 15 2B F8 FE 4F 2B 40 5C 11 2B FB A4 60 2A 5B 42 17 29 00 00 00 00 A7 3E 58 25
00 00 00 00 8B E8 EA 23 00 00 00 00 00 41 08 24 7B 6C 04 26 00 00 00 00 A6 9E C7 24 00 00 00 00
00 00 00 00 00 00 00 00 00 00 00 00 00 00 00 00 5F B3 D8 27 00 00 00 00 DA 45 04 29 97 20 22 28
00 00 00 00 46 3A BB 27 00 00 00 00 00 00 00 00 00 00 00 00 E8 D1 81 28 00 00 00 00 69 00 AB 27
00 00 00 00 1B 74 42 28 00 00 00 00 00 00 00 00 00 00 00 00 00 00 00 00 75 1C B9 27 00 00 00 00
B5 45 2E 28 40 33 E4 29 CA 08 97 29 8D 99 0A 28 00 00 00 00 4F 28 E3 27 00 00 00 00 00 00 00 00
00 00 00 00 71 44 18 29 00 00 00 00 BF 40 14 29 E0 97 A6 29 5A 17 37 29 26 9E A7 28 E2 36 94 27
00 00 00 00 F5 A2 8C 27 C2 77 D7 26 00 00 00 00 C8 2C 92 27 3E 41 E4 28 8C 82 15 26 00 00 00 00
00 00 00 00 00 00 00 00 00 00 00 00 22 C6 CA 24 00 00 00 00 3A C0 E2 25 00 00 00 00 0E 04 07 23
00 00 00 00 FA E4 D1 24 00 00 00 00 00 00 00 00 00 00 00 00 00 00 00 00 00 00 00 00 D0 12 A5 28
00 00 00 00 FD 38 28 2A 94 77 A7 29 00 00 00 00 58 E5 62 28 00 00 00 00 00 00 00 00 00 00 00 00
00 00 00 00 00 00 00 00 00 00 00 00 00 00 00 00 00 00 00 00 00 00 00 00 00 00 00 00 00 00 00 00
00 00 00 00 00 00 00 00 00 00 00 00 24 83 B1 28 00 00 00 00 CE 4D C9 29 34 4D 95 2A 89 B4 91 2A
DA E1 20 2A E7 D1 BF 28 00 00 00 00 35 09 38 28 00 00 00 00 00 00 00 00 39 73 A1 26 00 00 00 00
00 00 00 00 E4 7E 25 25 00 00 00 00 00 00 00 00 00 00 00 00 00 00 00 00 6A E3 90 28 00 00 00 00
90 0E E7 2A 38 B6 8C 2B 4A 1B 8F 2B DC 13 37 2B A3 AB B6 2A 36 AC 1B 2A D2 FA 65 29 7C 03 F5 28
F8 31 1A 29 D3 52 CD 29 CE F9 87 2A E1 51 AC 2A 00 1F 04 2A 00 00 00 00 C7 A6 09 29 00 00 00 00
00 00 00 00 00 00 00 00 00 00 00 00 00 00 00 00 00 00 00 00 73 F3 39 27 00 00 00 00 00 00 00 00
00 5A 36 27 00 00 00 00 00 00 00 00 00 00 00 00 F2 57 07 26 00 00 00 00 D8 5D 2D 28 00 00 00 00
AE 23 2E 26 00 00 00 00 00 00 00 00 00 00 00 00 00 00 00 00 00 00 00 00 A0 9B AF 26 00 00 00 00
AB 6A 5C 29 BB B5 A0 29 00 27 26 29 6B 89 30 28 94 9D 94 26 00 00 00 00 DB DA F0 26 00 00 00 00
00 00 00 00 00 00 00 00 CB 70 FB 26 00 00 00 00 F8 1E 97 25 77 C5 AD 25 00 00 00 00 98 7B FA 25
00 00 00 00 0F 1C 8C 27 00 00 00 00 C4 AA A8 29 D1 0B F4 2A 95 9E 2C 2B C9 1E D0 2A 12 85 B7 29
00 00 00 00 68 56 CD 27 00 00 00 00 00 00 00 00 1C 4D EF 27 00 00 00 00 4E E3 07 28 AC EC 75 27
00 00 00 00 61 08 C5 27 00 00 00 00 00 00 00 00 00 00 00 00 00 00 00 00 00 00 00 00 45 88 8F 27
00 00 00 00 7D 04 E7 28 54 B3 8E 28 00 00 00 00 FB 12 73 26 00 00 00 00 00 00 00 00 00 00 00 00
00 00 00 00 6A B7 F9 25 04 73 B3 24 D1 B5 0E 26 00 00 00 00 00 00 00 00 00 00 00 00 00 00 00 00
00 00 00 00 00 00 00 00 00 00 00 00 00 00 00 00 00 00 00 00 00 00 00 00 00 00 00 00 00 00 00 00
00 00 00 00 00 00 00 00 00 00 00 00 00 00 00 00 00 00 00 00 00 00 00 00 12 39 85 2B 00 00 00 00
D7 91 68 2D 9F 2C 83 2E 98 8C F2 2E 36 94 07 2F 14 1B CE 2E A3 4F 73 2E E7 EB FE 2D 7C 35 6B 2D
53 8A 8F 2C B2 19 7D 29 00 00 00 00 A6 DC 3D 29 00 00 00 00 00 00 00 00 00 00 00 00 00 00 00 00
00 00 00 00 00 00 00 00 00 00 00 00 00 00 00 00 00 00 00 00 00 00 00 00 00 00 00 00 00 00 00 00
00 00 00 00 00 00 00 00 00 00 00 00 00 00 00 00 00 00 00 00 00 00 00 00 00 00 00 00 00 00 00 00
00 00 00 00 00 00 00 00 00 00 00 00 00 00 00 00 6D B8 8C 26 00 00 00 00 14 32 80 2A C0 CC B7 2A
E9 E6 35 2A 4F FD F7 28 5B 59 A7 24 00 00 00 00 B1 49 58 23 63 AB 8A 26 00 00 00 00 C2 5B 5A 29
A0 D3 98 2A B4 DB A4 2A 5C 4B B1 29 00 00 00 00 0A E9 13 29 00 00 00 00 00 00 00 00 00 00 00 00
00 00 00 00 00 00 00 00 00 00 00 00 00 00 00 00 00 00 00 00 00 00 00 00 00 00 00 00 00 00 00 00
16 E7 8F 25 00 00 00 00 4F 6A 05 28 C2 40 76 29 A9 3B 16 2A 6F D8 1B 2A 01 EF 2D 29 00 00 00 00
98 8F 50 27 00 00 00 00 00 00 00 00 3D F4 21 25 00 00 00 00 AB 49 BD 24 67 AB EF 27 00 00 00 00
8B C1 FE 25 00 00 00 00 00 00 00 00 00 00 00 00 00 00 00 00 00 00 00 00 D5 70 DC 27 00 00 00 00
DE 7E F1 29 D9 3C 37 2A B7 97 9D 29 85 89 E3 27 00 00 00 00 C2 91 99 26 00 00 00 00 C4 EB 2D 27
00 00 00 00 B5 64 BB 28 75 17 36 29 00 00 00 00 82 E3 0C 25 00 00 00 00 00 00 00 00 00 00 00 00
00 00 00 00 41 56 BE 27 00 00 00 00 C5 FE 63 2A CE D3 08 2B 87 82 EA 2A A0 6B 2C 2A 99 56 0B 28
00 00 00 00 18 58 1F 27 00 00 00 00 D4 75 B5 27 00 00 00 00 BB 82 A0 28 2B 1B 18 2A 98 69 FF 29
DC F4 D6 28 00 00 00 00 8B 63 16 27 00 00 00 00 00 00 00 00 00 00 00 00 63 D9 EB 28 00 00 00 00
F7 6A 0B 29 E2 94 1C 29 C2 70 8D 28 B4 07 98 27 00 00 00 00 A2 62 56 26 00 00 00 00 10 75 90 26
00 00 00 00 D6 B2 C1 26 DF FB 91 24 00 00 00 00 C0 1A 89 25 00 00 00 00 00 00 00 00 00 00 00 00
00 00 00 00 00 00 00 00 40 C2 A3 28 00 00 00 00 34 18 E2 28 96 95 1C 2A 36 5C F0 29 40 4E 58 28
00 00 00 00 2E B8 DC 25 6B 37 30 26 00 00 00 00 C2 16 CD 28 8C 81 0F 2A 7C 52 2D 2A B0 24 14 29
00 00 00 00 F2 82 A9 28 00 00 00 00 00 00 00 00 00 00 00 00 00 00 00 00 00 00 00 00 7A F1 C3 25
00 00 00 00 AE 35 11 29 9D 1D CF 28 11 E3 FC 27 00 00 00 00 E7 E4 03 26 00 00 00 00 00 00 00 00
6C 7C CC 24 09 CF 7D 24 69 EE 5B 26 00 00 00 00 00 00 00 00 00 00 00 00 00 00 00 00 00 00 00 00
B6 63 6E 27 00 00 00 00 FB 74 4F 28 15 C9 3A 2A 76 0A 85 2A E4 94 D8 29 00 00 00 00 5D 56 9F 28
00 00 00 00 00 00 00 00 00 00 00 00 34 BE 11 29 00 00 00 00 E0 26 79 29 9B 29 16 2A 52 D0 C4 29
77 F6 03 29 BB 93 7C 27 00 00 00 00 FA 33 58 26 00 00 00 00 39 F6 77 26 00 00 00 00 A6 77 83 27
C5 42 F1 28 44 92 C1 28 68 2D FA 26 00 00 00 00 98 D3 20 26 00 00 00 00 00 00 00 00 AF BC 6E 26
00 00 00 00 86 DB 00 29 88 79 13 29 68 C1 8C 27 00 00 00 00 BA F5 BA 26 00 00 00 00 00 00 00 00
00 00 00 00 E3 CC D1 27 00 00 00 00 88 1E D8 25 00 00 00 00 F6 6C 85 27 00 00 00 00 00 00 00 00
00 00 00 00 00 00 00 00 00 00 00 00 CC 56 4E 28 00 00 00 00 27 43 A1 28 95 6E 8B 29 7A 0A 64 29
D2 F5 BD 28 84 25 5F 27 00 00 00 00 B6 F9 AD 26 00 00 00 00 F3 CB 25 27 00 00 00 00 E9 61 4A 29
E9 22 BD 29 20 37 86 29 B1 AE AC 28 00 00 00 00 90 EB DE 26 00 00 00 00 00 00 00 00 20 6D 0D 28
00 00 00 00 EF 3C 12 29 AB A3 77 29 17 3A B9 28 00 00 00 00 B2 E0 59 27 00 00 00 00 00 00 00 00
00 00 00 00 00 00 00 00 00 00 00 00 00 00 00 00 00 00 00 00 00 00 00 00 00 00 00 00 00 00 00 00
00 00 00 00 00 00 00 00 00 00 00 00 0E A7 B9 26 00 00 00 00 1C 4A D3 26 31 AA 4F 28 3E B3 A3 28
7E CE 79 28 4B 9E E4 26 00 00 00 00 C5 69 71 24 2F 4C 98 25 00 00 00 00 82 92 30 29 99 6E 1A 2A
E4 BA B7 29 00 00 00 00 BC 51 AA 28 00 00 00 00 00 00 00 00 00 00 00 00 00 00 00 00 55 88 96 27
00 00 00 00 0C 7A 2B 28 90 1F 0D 28 00 00 00 00 53 9A BC 25 00 00 00 00 00 00 00 00 00 00 00 00
00 00 00 00 00 00 00 00 C6 16 D7 25 00 00 00 00 30 68 C2 25 8F A3 B0 28 00 00 00 00 BD 01 56 28
00 00 00 00 00 00 00 00 00 00 00 00 2E 1F E1 28 00 00 00 00 98 84 9A 2A 5C CB 00 2B E2 3E 82 2A
65 07 A8 28 00 00 00 00 9D B1 1C 28 00 00 00 00 00 00 00 00 00 00 00 00 2C 91 D1 26 00 00 00 00
D0 A5 E5 27 2C 27 91 28 C2 33 98 28 8B 10 C6 27 00 00 00 00 00 00 00 00 00 00 00 00 D9 CF F0 27
E9 FE CC 28 A8 02 BD 28 45 9C 4F 28 41 09 0D 25 00 00 00 00 95 6F 21 26 00 00 00 00 00 00 00 00
00 00 00 00 4A 5A 21 29 00 00 00 00 39 DC F7 29 35 A3 49 2A 10 4F F3 29 73 D4 30 29 14 35 0A 28
3D 60 D8 25 AA 91 43 25 47 7E 2F 26 AD 77 AB 28 93 41 DB 29 38 3E CE 29 E9 4F 7C 28 00 00 00 00
17 8A E3 27 00 00 00 00 00 00 00 00 00 00 00 00 00 00 00 00 00 00 00 00 00 00 00 00 00 00 00 00
00 00 00 00 00 00 00 00 00 00 00 00 00 00 00 00 00 00 00 00 00 00 00 00 3F E2 B0 28 00 00 00 00
F5 39 53 29 80 F6 ED 2A 97 BB 24 2B 86 5B F5 2A DB AA 78 2A 0D 64 B2 29 00 C8 D6 28 D1 C0 71 28
7C 18 BF 28 23 6D 96 29 91 2D 2B 2A 1D 99 23 2A C2 37 58 29 00 00 00 00 E1 60 5D 27 00 00 00 00
00 00 00 00 00 00 00 00 00 00 00 00 00 00 00 00 00 00 00 00 00 00 00 00 00 00 00 00 00 00 00 00
00 00 00 00 00 00 00 00 00 00 00 00 3F 22 A4 25 00 00 00 00 37 90 3A 28 C0 46 BC 28 50 4B CA 27
00 00 00 00 D6 84 77 26 00 00 00 00 00 00 00 00 4E 72 70 24 00 00 00 00 1A BA 02 26 D7 9A A0 29
19 AA 96 2A 7B 2E C4 2A D3 7D 53 2A 83 70 AF 28 00 00 00 00 33 6D 63 28 00 00 00 00 00 00 00 00
00 00 00 00 50 25 29 28 00 00 00 00 48 0F D9 27 26 E9 46 28 4D 53 9B 27 00 00 00 00 8A A9 9E 26
00 00 00 00 00 00 00 00 82 F8 5F 28 00 00 00 00 3A E4 B4 29 5E E2 27 2A 4B E8 C4 29 8F A8 98 28
00 00 00 00 D4 D0 30 27 00 00 00 00 00 00 00 00 CC 5C B4 27 00 00 00 00 86 82 DA 27 5D A5 48 27
00 00 00 00 4A 25 0C 28 00 00 00 00 00 00 00 00 00 00 00 00 00 00 00 00 00 00 00 00 00 00 00 00
00 00 00 00 00 00 00 00 00 00 00 00 00 00 00 00 00 00 00 00 00 00 00 00 6F 94 DA 2B 00 00 00 00
53 71 26 2D 97 7C 93 2E 50 00 13 2F 47 CD 1A 2F A0 B9 CD 2E ED 5F 44 2E A2 C5 8E 2D A4 40 84 2C
D4 A1 38 29 00 00 00 00 3D ED 4D 28 00 00 00 00 00 00 00 00 00 00 00 00 00 00 00 00 00 00 00 00
00 00 00 00 00 00 00 00 00 00 00 00 00 00 00 00 00 00 00 00 00 00 00 00 00 00 00 00 AA A1 6D 25
00 00 00 00 A3 AA 3A 23 46 37 28 25 00 00 00 00 FC 7B 50 25 00 00 00 00 3A 07 A2 26 00 00 00 00
0D 23 25 29 20 70 FA 29 28 42 12 2A 95 2D 9B 29 00 00 00 00 3C 9F 4E 28 00 00 00 00 00 00 00 00
00 00 00 00 2A DA B4 27 00 00 00 00 69 CD 0E 27 40 92 19 29 07 94 3B 29 C5 9D CD 28 B0 5C 8E 27
B2 B4 03 25 DA D3 59 24 6E FA 2C 25 ED 86 9E 27 E1 30 60 28 F3 50 AA 27 00 00 00 00 1C 78 F0 27
00 00 00 00 00 00 00 00 00 00 00 00 00 00 00 00 06 A9 85 28 00 00 00 00 AF BF 8A 28 F0 51 66 28
D0 1A 03 27 00 00 00 00 19 38 B3 25 00 00 00 00 00 00 00 00 00 00 00 00 00 00 00 00 00 00 00 00
00 00 00 00 00 00 00 00 00 00 00 00 00 00 00 00 00 00 00 00 00 00 00 00 00 00 00 00 00 00 00 00
00 00 00 00 00 00 00 00 62 3A 0D 26 00 00 00 00 62 C8 B7 27 57 8A 2A 28 EE 95 81 28 78 87 38 28
F5 82 57 25 FB 0E E5 24 C0 C7 D9 25 7B C4 9B 29 5B 03 FA 2A C8 2C 3F 2B D1 1F 09 2B 35 82 69 2A
E3 25 17 29 00 00 00 00 27 56 68 27 00 00 00 00 B2 E9 2B 26 00 00 00 00 00 00 00 00 EC D5 75 26
00 00 00 00 00 00 00 00 00 00 00 00 00 00 00 00 00 00 00 00 A6 27 30 28 00 00 00 00 DF FF 90 29
70 C3 4C 2A 0F 79 10 2A 19 78 81 27 00 00 00 00 11 20 0F 27 00 00 00 00 00 00 00 00 F1 42 91 28
00 00 00 00 33 9B 31 29 F5 FC 47 2A 47 E4 11 2A 3A CB 41 29 DE 32 71 28 54 24 45 27 00 00 00 00
13 A2 91 27 00 00 00 00 00 00 00 00 51 18 3D 27 00 00 00 00 18 1A CE 27 00 00 00 00 20 18 98 25
00 00 00 00 00 00 00 00 00 00 00 00 64 8E 47 28 00 00 00 00 3C AA CF 29 5C BC 08 2B F0 28 1C 2B
88 AE 83 2A 02 39 07 28 00 00 00 00 0D 08 6C 27 00 00 00 00 D7 CC DC 27 00 00 00 00 CE 91 1B 28
4E 0D D9 29 0A 0B CB 29 61 33 29 29 3D 97 0F 28 00 00 00 00 B8 F8 83 26 00 00 00 00 00 00 00 00
3A 86 1B 27 00 00 00 00 00 00 00 00 48 49 3B 26 00 00 00 00 00 00 00 00 00 00 00 00 00 00 00 00
00 00 00 00 00 00 00 00 00 00 00 00 00 00 00 00 00 00 00 00 0E 65 91 21 00 00 00 00 4F FC 23 24
87 6F DE 26 6A CE 8E 27 3B 42 64 28 CC 0F 8C 29 9D E7 8B 2A 81 82 06 2B 65 CB 01 2B 6F 3D 94 2A
CA 12 DC 29 8E 72 9C 28 00 00 00 00 8C 50 B5 26 00 00 00 00 AB A3 A8 26 00 00 00 00 70 12 9D 27
B5 55 21 28 00 00 00 00 E7 AA 41 26 00 00 00 00 00 00 00 00 00 00 00 00 00 00 00 00 00 00 00 00
45 9C C4 27 00 00 00 00 15 26 A1 26 00 00 00 00 13 63 AD 27 00 00 00 00 00 00 00 00 00 00 00 00
00 00 00 00 00 00 00 00 00 00 00 00 00 00 00 00 00 00 00 00 00 00 00 00 00 00 00 00 00 00 00 00
00 00 00 00 00 00 00 00 00 00 00 00 98 BC E0 25 00 00 00 00 C9 23 82 25 E7 41 15 28 F6 EB 6A 27
F2 EA 73 26 EF 37 CA 25 B0 83 B5 24 00 00 00 00 BF 03 CC 22 7D E5 58 24 00 00 00 00 48 A5 1A 29
8F 8C 1C 2A E4 41 58 2A 96 F6 0F 2A BF 7F 5F 29 CB C8 50 28 52 CF 74 27 C8 F4 95 27 20 8F B9 28
49 81 2F 2A 20 AD 02 2B 5D 84 1B 2B C0 15 A6 2A 97 20 80 29 00 00 00 00 D9 D6 98 27 00 00 00 00
00 00 00 00 D5 83 13 27 00 00 00 00 00 00 00 00 2B 2E A8 26 00 00 00 00 00 00 00 00 00 00 00 00
00 00 00 00 00 00 00 00 00 00 00 00 00 00 00 00 CE 1D 15 27 00 00 00 00 32 70 AF 25 00 00 00 00
E2 AB 64 26 00 00 00 00 00 00 00 00 00 00 00 00 1E 80 73 27 00 00 00 00 69 E8 2C 29 99 ED BA 29
34 3B 2A 29 59 B5 61 27 00 00 00 00 8C 61 85 25 00 00 00 00 00 00 00 00 31 B0 85 27 00 00 00 00
F9 A2 26 29 CD 70 8C 2A 00 42 BF 2A 03 93 66 2A AD 30 49 29 00 00 00 00 44 0C DC 27 00 00 00 00
00 00 00 00 B4 8D 86 28 00 00 00 00 39 3C 63 29 12 41 96 29 2D 49 DA 26 00 00 00 00 D6 04 B8 26
00 00 00 00 00 00 00 00 00 00 00 00 00 00 00 00 00 00 00 00 00 00 00 00 00 00 00 00 00 00 00 00
00 00 00 00 00 00 00 00 00 00 00 00 00 00 00 00 00 00 00 00 4E B5 A6 28 00 00 00 00 EF A2 A7 28
F2 E5 89 29 96 6B 99 28 00 00 00 00 13 2C 82 27 00 00 00 00 00 00 00 00 00 00 00 00 B3 43 34 29
00 00 00 00 C2 65 CB 2A 0F 1A E5 29 00 00 00 00 3B 49 7E 2A 00 00 00 00 00 00 00 00 00 00 00 00
E5 1B 2D 2B 00 00 00 00 C2 B4 7F 2B 31 BF 93 2C 9F BB 38 2C 00 00 00 00 05 E5 27 2A 00 00 00 00
00 00 00 00 00 00 00 00 0F 67 8A 28 00 00 00 00 3E 9C 65 2C 44 56 A2 2C 82 5C 34 2C CE D4 58 2A
00 00 00 00 4D B8 27 2A 00 00 00 00 00 00 00 00 76 4C A5 2A 00 00 00 00 2C 83 EC 2A 59 0D 7B 2B
74 04 37 2A 00 00 00 00 D1 1D B4 29 00 00 00 00 00 00 00 00 00 00 00 00 A1 7E C8 29 00 00 00 00
E0 4F 8D 29 B3 90 24 2B F7 5F BE 2A 00 00 00 00 B7 E9 61 29 00 00 00 00 00 00 00 00 99 0F A9 29
00 00 00 00 49 E4 37 2A A9 72 92 2B E9 5A 9F 2B 69 40 FC 2A 00 00 00 00 E6 D4 8B 28 00 00 00 00
00 00 00 00 00 00 00 00 E5 08 47 29 00 00 00 00 A1 4B E0 29 26 9C A4 2A CF E7 34 2A 00 00 00 00
2B B5 2B 28 00 00 00 00 00 00 00 00 00 00 00 00 72 88 23 29 00 00 00 00 32 50 E3 29 0C BD 37 2A
AB 1C EC 28 00 00 00 00 CB 4C B4 28 00 00 00 00 00 00 00 00 88 2B 88 29 00 00 00 00 18 6B 1A 2A
26 AE 54 2B E0 29 9A 2B 23 45 67 2B CA 86 99 2A 00 00 00 00 C5 42 13 28 00 00 00 00 00 00 00 00
31 CD 4C 28 00 00 00 00 4D FB 0C 27 00 00 00 00 54 F9 5C 27 00 00 00 00 00 00 00 00 00 00 00 00
00 00 00 00 00 00 00 00 00 00 00 00 00 00 00 00 00 00 00 00 00 00 00 00 00 00 00 00 00 00 00 00
00 00 00 00 00 00 00 00 00 00 00 00 00 00 00 00 00 00 00 00 8B 55 14 2C 00 00 00 00 87 8B 5D 2D
3F 53 9C 2E 83 2B 0A 2F 45 31 14 2F C3 69 EA 2E C4 26 9B 2E 43 CF 3D 2E 1E 6D CE 2D EF 67 17 2D
72 B6 47 2B 00 00 00 00 C6 1E 6F 2A 00 00 00 00 00 00 00 00 00 00 00 00 00 00 00 00 00 00 00 00
00 00 00 00 00 00 00 00 00 00 00 00 00 00 00 00 00 00 00 00 00 00 00 00 00 00 00 00 00 00 00 00
00 00 00 00 00 00 00 00 00 00 00 00 00 00 00 00 00 00 00 00 00 00 00 00 00 00 00 00 00 00 00 00
00 00 00 00 00 00 00 00 00 00 00 00 59 E5 0A 28 00 00 00 00 22 0D A7 27 7E 51 4A 2A 2B 7F C2 29
00 00 00 00 72 37 C4 28 00 00 00 00 00 00 00 00 00 00 00 00 D5 A6 B7 28 00 00 00 00 A6 3B 91 29
74 02 E9 29 93 9F 21 29 00 00 00 00 0C 04 28 27 00 00 00 00 00 00 00 00 2A A8 4D 27 00 00 00 00
51 47 90 28 98 BD E1 29 B6 99 87 29 00 00 00 00 35 24 E5 26 00 00 00 00 00 00 00 00 00 00 00 00
00 00 00 00 93 D8 76 28 00 00 00 00 F7 DE 42 28 43 3D 15 29 85 6A D4 28 20 A3 22 28 3E 43 93 26
00 00 00 00 00 00 00 00 00 00 00 00 E7 A8 AE 25 F9 82 59 2A 29 94 00 2B FE 63 F0 2A F4 9D 7F 2A
0F 3F A1 29 95 90 00 28 00 00 00 00 C8 1C BD 26 00 00 00 00 E3 A2 1D 27 00 00 00 00 A0 0A 8B 28
00 00 00 00 11 4D 40 28 00 00 00 00 00 00 00 00 00 00 00 00 00 00 00 00 00 00 00 00 DA CF 60 28
00 00 00 00 22 AE 29 29 3D 28 7C 29 E5 85 A0 28 00 00 00 00 34 20 7F 28 00 00 00 00 00 00 00 00
00 00 00 00 00 00 00 00 91 77 FC 27 00 00 00 00 6B 5C E9 26 D6 E8 4A 26 00 00 00 00 7F 34 04 27
00 00 00 00 00 00 00 00 7D 0F EE 28 00 00 00 00 88 58 C4 29 C0 D3 AA 2A 43 F9 61 2A 2B 39 31 29
00 00 00 00 6D 7C 47 26 00 00 00 00 00 00 00 00 00 00 00 00 A2 32 FE 27 00 00 00 00 78 78 B0 28
D8 96 1A 2A 8F 15 83 2A 93 39 83 2A 28 05 2F 2A AC 7E 9B 29 34 CA 10 29 8D 04 0D 29 C4 9E 93 29
E5 20 2D 2A DB 55 4F 2A 63 96 EB 29 0D BF 12 29 7F 7E 9F 27 00 00 00 00 EB D2 37 26 00 00 00 00
F6 7F 06 27 00 00 00 00 54 06 A3 28 6B 7B 2B 29 79 45 8F 27 00 00 00 00 09 3F 85 27 00 00 00 00
00 00 00 00 00 00 00 00 00 00 00 00 00 00 00 00 00 00 00 00 00 00 00 00 00 00 00 00 00 00 00 00
00 00 00 00 00 00 00 00 00 00 00 00 00 00 00 00 08 BB 92 27 00 00 00 00 C5 9B 73 29 43 AE A0 29
CC F2 A0 28 00 00 00 00 45 31 B0 27 00 00 00 00 00 00 00 00 00 00 00 00 00 00 00 00 00 00 00 00
00 00 00 00 00 00 00 00 00 00 00 00 00 00 00 00 00 00 00 00 00 00 00 00 00 00 00 00 00 00 00 00
76 0A 67 27 00 00 00 00 EB 91 6F 29 85 AE 0E 2A 40 B5 F1 29 08 26 8A 29 14 86 0B 29 76 72 4E 28
8E 86 35 27 CD 95 98 26 54 99 CF 26 05 E4 A7 27 9A ED 0E 28 DE 98 A8 27 B7 F2 E7 26 9F 75 C8 25
00 00 00 00 CB CF 90 26 00 00 00 00 00 00 00 00 B4 D0 8F 28 00 00 00 00 F3 13 D4 29 34 62 64 2A
4F 90 01 2A EE 15 CD 28 00 00 00 00 7F CC 9D 22 00 00 00 00 0A 0B BF 25 00 00 00 00 C3 FC 81 27
C6 A9 23 29 D0 5B 5B 26 00 00 00 00 50 4E 6D 26 00 00 00 00 00 00 00 00 00 00 00 00 00 00 00 00
00 00 00 00 00 00 00 00 7E D3 6A 26 00 00 00 00 0B 07 F5 25 56 E7 39 27 00 00 00 00 2A FD F2 25
00 00 00 00 28 68 A6 26 00 00 00 00 4D 31 76 28 60 06 2B 2A 72 3B 5D 2A 0E 7D 80 29 00 00 00 00
2B 9A DE 28 00 00 00 00 00 00 00 00 00 00 00 00 00 00 00 00 00 00 00 00 00 00 00 00 7D 2D 31 26
00 00 00 00 EC 20 E2 26 6E A0 41 27 00 00 00 00 09 2A 88 25 00 00 00 00 7C E8 1A 27 00 00 00 00
21 00 C4 28 0B 1A 23 2A CC 9C 33 2A FC EC A0 29 45 DA 6F 28 00 00 00 00 47 D3 BA 24 DB 25 0C 25
00 00 00 00 2B 51 7C 29 25 8D 7F 2A 5A 76 65 2A 96 7D AF 28 00 00 00 00 FF 2F 5B 28 00 00 00 00
00 00 00 00 00 00 00 00 00 00 00 00 24 2A 0A 28 00 00 00 00 51 72 01 29 1F 31 92 29 87 85 5D 29
A9 E2 19 28 00 00 00 00 00 00 00 00 00 00 00 00 23 25 E8 24 B4 C1 71 27 00 00 00 00 FA 13 D7 26
00 00 00 00 00 00 00 00 00 00 00 00 00 00 00 00 00 00 00 00 00 00 00 00 E5 10 A8 28 00 00 00 00
1E 2A 48 29 60 43 07 2A E1 70 40 29 00 00 00 00 5C C7 85 28 00 00 00 00 00 00 00 00 00 00 00 00
00 00 00 00 28 A7 E0 27 00 00 00 00 57 5D AF 28 42 7E 21 29 3C C2 21 29 72 7C 7D 28 00 00 00 00
E3 1D 96 27 00 00 00 00 3D 77 E5 27 00 00 00 00 00 82 8F 29 B7 65 70 29 0A AC 52 28 4A DF 25 27
93 20 24 25 00 00 00 00 2E EC 57 25 00 00 00 00 86 4E 8B 25 00 00 00 00 00 00 00 00 54 94 5B 25
00 00 00 00 00 00 00 00 00 00 00 00 00 00 00 00 00 00 00 00 FD 96 47 27 00 00 00 00 A0 C6 47 29
28 D2 47 2A 37 B3 5F 2A 20 57 E7 29 F8 C5 DC 28 00 00 00 00 77 A4 E9 25 00 00 00 00 00 00 00 00
52 36 87 27 00 00 00 00 DE 2B 6C 28 00 00 00 00 FF 86 0C 27 00 00 00 00 00 00 00 00 00 00 00 00
00 00 00 00 00 00 00 00 A3 B5 94 27 00 00 00 00 D0 C2 F5 26 A4 A7 88 28 FC 5A 1E 28 00 00 00 00
31 BC 64 24 00 00 00 00 00 00 00 00 F2 F7 A0 26 00 00 00 00 C0 96 11 28 AB ED C5 29 62 95 0B 2A
80 CB B4 29 38 A4 B8 28 00 00 00 00 05 8A 99 27 00 00 00 00 00 00 00 00 14 F9 3D 27 00 00 00 00
9B 8B 0F 29 4F 5A F0 28 00 00 00 00 04 0D 27 27 00 00 00 00 00 00 00 00 00 00 00 00 00 00 00 00
A9 0A 3A 28 00 00 00 00 C7 04 81 28 8D 79 2F 29 E5 A4 F8 28 49 29 BC 27 00 00 00 00 4B C1 80 27
00 00 00 00 00 00 00 00 CA 66 28 27 00 00 00 00 E8 29 12 29 94 57 E1 28 27 FC 2B 27 00 00 00 00
7A F5 C5 26 00 00 00 00 00 00 00 00 00 00 00 00 5D 3A 24 28 00 00 00 00 3A C5 82 28 31 5F 77 27
00 00 00 00 F8 AA 23 27 00 00 00 00 00 00 00 00 00 00 00 00 00 00 00 00 71 59 8B 25 00 00 00 00
43 69 0C 29 9A 39 C2 28 EF 2D F4 27 EE 2C 6D 26 00 00 00 00 46 18 A9 26 00 00 00 00 DF 8D EC 26
00 00 00 00 31 DF 32 26 00 00 00 00 C5 44 49 27 00 00 00 00 00 00 00 00 00 00 00 00 00 00 00 00
00 00 00 00 00 00 00 00 00 00 00 00 0E 70 32 28 00 00 00 00 E4 A2 7A 29 53 99 47 2A 5D 51 B8 2A
11 92 C0 2A 98 F5 79 2A BD C6 12 2A 9A D2 B5 29 98 B9 23 29 00 00 00 00 25 E6 B4 26 00 00 00 00
00 00 00 00 00 00 00 00 00 00 00 00 00 00 00 00 00 00 00 00 00 00 00 00 00 00 00 00 00 00 00 00
00 00 00 00 00 00 00 00 00 00 00 00 E1 9B 9E 2B 00 00 00 00 6A 33 19 2D 3F 1D 26 2E C1 3E 96 2E
FA CB BB 2E A4 22 AF 2E 9C D2 7A 2E 61 2C 0B 2E 71 C5 4D 2D F6 62 A9 2B 00 00 00 00 AA C2 BE 2A
00 00 00 00 00 00 00 00 00 00 00 00 00 00 00 00 00 00 00 00 00 00 00 00 00 00 00 00 00 00 00 00
00 00 00 00 00 00 00 00 00 00 00 00 00 00 00 00 2B 19 13 29 00 00 00 00 CE BE A6 28 C4 E9 11 29
EA AB 27 28 00 00 00 00 CF 46 F7 27 00 00 00 00 00 00 00 00 00 00 00 00 AA 54 89 28 00 00 00 00
E8 E8 F6 27 90 AC 81 27 9D 10 72 26 00 00 00 00 6F 34 4F 27 00 00 00 00 00 00 00 00 00 00 00 00
00 00 00 00 5B 07 9F 26 00 00 00 00 F9 B1 6D 23 00 00 00 00 62 7E 80 25 00 00 00 00 00 00 00 00
00 00 00 00 1D 9C 32 28 00 00 00 00 2B EF B9 28 40 DD 97 28 00 00 00 00 3C DB A9 27 00 00 00 00
00 00 00 00 00 00 00 00 00 00 00 00 CC 34 51 27 00 00 00 00 23 9A 81 29 E2 39 31 2A 72 99 2B 2A
6A E2 99 29 BD 4F 1A 28 00 00 00 00 69 CF 18 27 00 00 00 00 71 CF E9 26 00 00 00 00 20 E5 6A 27
2C 67 79 28 00 00 00 00 3F DE 54 28 00 00 00 00 00 00 00 00 00 00 00 00 00 00 00 00 00 00 00 00
00 00 00 00 33 D5 02 28 00 00 00 00 39 B8 85 27 7A 23 96 27 00 00 00 00 7F B7 F0 25 53 A9 55 24
00 00 00 00 D0 C9 D5 26 8E 6E EC 29 06 76 A9 2A EA 32 C9 2A 1F F0 6B 2A E6 CB C7 28 00 00 00 00
31 84 B3 28 00 00 00 00 00 00 00 00 00 00 00 00 00 00 00 00 00 00 00 00 00 00 00 00 00 00 00 00
00 00 00 00 00 00 00 00 00 00 00 00 00 00 00 00 00 00 00 00 00 00 00 00 37 1C D9 27 00 00 00 00
60 06 01 28 D4 9E 9E 27 82 B9 08 27 46 A2 A4 26 00 00 00 00 FE 51 35 24 4A 01 48 21 00 00 00 00
79 7D BE 25 61 58 19 2A AC 6F C4 2A 44 C7 BE 2A C4 E7 25 2A 46 78 1B 29 8F C6 17 28 75 59 BD 27
5C E1 54 28 CB 05 5B 29 3D AA 21 2A C0 7C 51 2A 77 17 DE 29 06 CB DD 27 00 00 00 00 F5 77 6F 27
00 00 00 00 00 00 00 00 00 00 00 00 74 E9 4F 28 00 00 00 00 58 84 CD 28 F0 11 4B 29 9F 14 2F 29
73 18 09 29 D5 BE CA 28 59 2B 8B 28 7F AC 93 28 2B 87 2A 29 D0 5A 24 2A 34 8F F3 2A F7 E0 35 2B
0F 73 07 2B C5 09 4F 2A 3E B4 CC 28 00 00 00 00 A7 00 A6 27 00 00 00 00 00 00 00 00 06 9C 4A 27
00 00 00 00 34 FC 94 28 10 EB A2 27 00 00 00 00 BE 35 1B 27 00 00 00 00 00 00 00 00 00 00 00 00
00 00 00 00 55 7C D4 27 00 00 00 00 4A 48 B8 25 00 00 00 00 EA 06 2D 27 00 00 00 00 00 00 00 00
00 00 00 00 00 00 00 00 00 00 00 00 37 81 7F 28 00 00 00 00 E4 CD 67 28 99 3E E8 28 07 15 CC 27
00 00 00 00 EF 03 BC 26 00 00 00 00 00 00 00 00 00 00 00 00 5A 35 0D 28 00 00 00 00 39 58 80 27
00 00 00 00 F2 F9 14 28 00 00 00 00 00 00 00 00 00 00 00 00 00 00 00 00 A7 5D B7 27 00 00 00 00
AB CC C2 27 57 3E AA 29 6E DD AD 29 BC 64 05 29 51 29 01 27 00 00 00 00 48 FB C6 26 00 00 00 00
00 00 00 00 71 90 E5 26 00 00 00 00 CA 4C BD 28 00 00 00 00 47 23 9E 25 00 00 00 00 00 00 00 00
00 00 00 00 00 00 00 00 00 00 00 00 00 00 00 00 00 00 00 00 00 00 00 00 2C 49 8B 24 00 00 00 00
BD 6C EC 24 E5 5C 1A 27 39 62 AE 26 F6 58 C5 26 12 88 D9 27 F2 37 A2 29 FE AA B0 2A D4 05 FE 2A
A7 AB A2 2A 68 5A D4 29 57 21 57 28 00 00 00 00 F2 A1 97 26 00 00 00 00 3C 96 03 27 00 00 00 00
EF F9 01 29 D1 1E 97 29 36 54 49 29 7C 6D 33 28 00 00 00 00 33 8C 88 26 00 00 00 00 00 00 00 00
64 EB 95 26 00 00 00 00 F1 16 B1 26 F2 A4 37 28 7D AC 3F 27 00 00 00 00 C0 9C 9F 26 00 00 00 00
00 00 00 00 00 00 00 00 00 00 00 00 1B 10 25 27 00 00 00 00 4E 49 C8 28 81 D7 BF 28 67 10 52 28
F6 F9 35 27 00 00 00 00 C2 C0 96 26 00 00 00 00 08 EA 2B 27 00 00 00 00 F5 0F 85 28 C5 9A F7 28
0A 2C 5E 28 0D EB EC 26 00 00 00 00 FF FD BB 25 00 00 00 00 00 00 00 00 20 A9 DC 27 00 00 00 00
23 B3 9E 28 1F E1 74 29 25 22 0B 29 B0 10 76 27 00 00 00 00 F4 AA E9 26 00 00 00 00 00 00 00 00
00 00 00 00 4E 5A A0 27 00 00 00 00 94 DE 35 26 00 00 00 00 58 25 BC 26 00 00 00 00 00 00 00 00
00 00 00 00 00 00 00 00 06 50 4E 27 00 00 00 00 12 76 59 29 5C EA 87 29 9C 4E 9E 28 00 00 00 00
99 07 A4 26 00 00 00 00 00 00 00 00 00 00 00 00 00 00 00 00 00 00 00 00 00 00 00 00 00 00 00 00
00 00 00 00 00 00 00 00 00 00 00 00 00 00 00 00 00 00 00 00 00 00 00 00 F1 E5 2D 29 00 00 00 00
C3 0E 4E 29 6B 04 95 2A D0 A9 96 2A 20 57 4A 2A 72 EB FC 29 44 9E 9A 29 75 5F 4F 29 42 92 63 29
6F 48 E7 29 F8 EB 99 2A 00 EF 0E 2B 6D 61 10 2B C4 4F A2 2A 8E A6 BB 29 69 04 F1 25 00 00 00 00
E6 CD 96 25 00 00 00 00 2C 13 A3 27 00 00 00 00 59 A9 CB 26 00 00 00 00 0D DD 8D 28 00 00 00 00
00 00 00 00 00 00 00 00 00 00 00 00 00 00 00 00 00 00 00 00 70 44 F6 26 00 00 00 00 E3 E4 EE 29
7D AB 05 2A EB 65 BE 29 E2 52 73 29 23 B8 0A 29 7B DF A1 28 68 6E AB 28 65 42 3E 29 C6 5F 05 2A
22 0F 41 2A 0C 98 D9 29 40 1C BE 28 00 00 00 00 F9 EF 00 26 00 00 00 00 00 00 00 00 00 00 00 00
F7 43 05 28 00 00 00 00 83 A6 39 28 C2 D0 58 28 00 00 00 00 B5 E0 47 28 00 00 00 00 00 00 00 00
00 00 00 00 00 00 00 00 00 00 00 00 00 00 00 00 00 00 00 00 C0 49 D4 25 00 00 00 00 C9 CD ED 26
5D 2A 4B 28 F9 6F 4D 28 DF 51 11 28 69 33 59 28 BB 10 41 29 FC 94 3E 2A 39 D7 AC 2A 81 32 92 2A
24 A4 07 2A 5C 6D D4 28 00 00 00 00 DD 7A 3D 28 00 00 00 00 00 00 00 00 00 00 00 00 00 00 00 00
00 00 00 00 00 00 00 00 00 00 00 00 00 00 00 00 00 00 00 00 00 00 00 00 00 00 00 00 C3 CA 67 27
00 00 00 00 DE 75 E1 27 5C 0F C9 29 6A 1A CD 29 72 47 34 29 33 B2 22 28 65 A5 99 24 00 00 00 00
00 00 00 00 00 00 00 00 3B 97 91 28 10 2E 5C 2A B1 24 E8 2A 91 25 C8 2A 26 96 36 2A 9B 73 43 29
AA D0 65 27 00 00 00 00 BD 49 04 26 CD 65 48 26 00 00 00 00 42 50 04 28 54 08 25 29 3B 4E A1 28
00 00 00 00 51 65 F3 26 00 00 00 00 00 00 00 00 00 00 00 00 00 00 00 00 AE 03 3B 28 00 00 00 00
6C DB E1 28 EB 62 03 29 D4 55 9D 27 00 00 00 00 DE F4 F2 26 00 00 00 00 00 00 00 00 9F 10 2C 27
00 00 00 00 91 AC 00 28 8A A3 37 28 00 00 00 00 95 84 31 26 00 00 00 00 00 00 00 00 00 00 00 00
00 00 00 00 00 00 00 00 2E 3E 6D 27 00 00 00 00 0B 10 CF 27 00 00 00 00 61 9F 18 28 00 00 00 00
00 00 00 00 00 00 00 00 00 00 00 00 00 00 00 00 00 00 00 00 00 00 00 00 00 00 00 00 00 00 00 00
00 00 00 00 00 00 00 00 00 00 00 00 00 00 00 00 00 00 00 00 00 00 00 00 00 00 00 00 00 00 00 00
00 00 00 00 00 00 00 00 FA E1 02 2B 00 00 00 00 BA A6 E0 2B 42 9C 0E 2E 3A AF A5 2E 32 0E DB 2E
52 E2 D7 2E 33 F7 A8 2E A0 44 4C 2E EB B8 A9 2D 81 46 80 2C 00 00 00 00 9C A3 99 2A 00 00 00 00
00 00 00 00 00 00 00 00 00 00 00 00 00 00 00 00 00 00 00 00 00 00 00 00 00 00 00 00 00 00 00 00
00 00 00 00 00 00 00 00 00 00 00 00 00 00 00 00 00 00 00 00 2B 3B 05 25 00 00 00 00 8B 33 4E 28
00 00 00 00 23 08 1C 27 00 00 00 00 00 00 00 00 00 00 00 00 00 00 00 00 00 00 00 00 3C 6B 79 26
00 00 00 00 87 99 8B 25 00 00 00 00 2E 05 0F 24 00 00 00 00 00 00 00 00 00 00 00 00 00 00 00 00
2E 1B 90 27 00 00 00 00 D6 EC B4 27 00 00 00 00 2C 2B 05 27 00 00 00 00 00 00 00 00 00 00 00 00
00 00 00 00 7F A7 7C 28 00 00 00 00 95 2A A4 29 19 B3 55 2A 3A 9D 09 2A D2 B0 07 29 00 00 00 00
0D D1 E0 27 00 00 00 00 00 00 00 00 00 00 00 00 BF 7E E6 28 00 00 00 00 0E EA D7 27 00 00 00 00
AB 77 46 28 00 00 00 00 00 00 00 00 00 00 00 00 00 00 00 00 00 00 00 00 00 00 00 00 9F AE E0 25
D8 10 AC 22 66 07 0D 22 00 00 00 00 09 01 CE 23 00 00 00 00 F5 F6 A0 1F 6B CC C9 21 6E DC 29 27
1E B0 D5 29 20 F1 E9 2A 97 E4 3E 2B 72 5E 22 2B 86 BE 90 2A 89 B7 F7 28 00 00 00 00 C5 9B BB 27
00 00 00 00 00 00 00 00 88 6F 45 25 00 00 00 00 BB AF 2F 28 C8 C2 BC 28 68 36 68 28 AC 32 B2 25
00 00 00 00 72 04 BD 25 00 00 00 00 CD 5D B8 27 00 00 00 00 9E F2 0E 29 6B 08 8A 29 E7 97 D6 28
00 00 00 00 F2 D2 22 26 00 00 00 00 00 00 00 00 00 00 00 00 49 54 07 28 00 00 00 00 40 06 00 29
56 B1 1F 29 EE 53 44 27 00 00 00 00 F9 E8 6D 26 00 00 00 00 00 00 00 00 00 00 00 00 00 00 00 00
21 06 4E 27 00 00 00 00 94 AB 36 27 90 FB 15 27 89 08 93 25 00 00 00 00 98 83 84 25 00 00 00 00
00 00 00 00 D2 F1 00 28 00 00 00 00 3D EB 82 29 B2 9C 5B 2A 17 57 41 2A E2 93 A3 29 B0 15 8B 28
00 00 00 00 F0 0F 43 23 41 4C 3D 23 00 00 00 00 24 ED F7 28 26 A4 09 2A D2 F4 E5 29 B6 B3 0E 28
00 00 00 00 6B 66 28 27 00 00 00 00 00 00 00 00 00 00 00 00 00 00 00 00 06 71 91 27 00 00 00 00
00 00 00 00 47 D4 20 25 00 00 00 00 00 00 00 00 00 00 00 00 00 00 00 00 00 00 00 00 A6 13 DD 27
00 00 00 00 3C A4 81 28 75 F2 BA 27 00 00 00 00 7F 03 EF 26 00 00 00 00 00 00 00 00 00 00 00 00
00 00 00 00 F3 9A E8 27 00 00 00 00 5C EB B1 27 05 D5 B6 27 00 00 00 00 A1 9A 1B 26 00 00 00 00
00 00 00 00 00 00 00 00 00 00 00 00 C4 2F C2 27 00 00 00 00 D8 34 AC 28 FD 3E 9F 28 CF 59 A5 26
00 00 00 00 EC 14 C9 26 00 00 00 00 00 00 00 00 00 00 00 00 0D 77 99 28 00 00 00 00 EC 23 F1 27
BE 67 72 27 00 00 00 00 A0 64 88 26 00 00 00 00 00 00 00 00 00 00 00 00 22 36 F5 27 00 00 00 00
DA E5 9B 28 55 09 A4 29 7B E8 80 29 95 E7 86 28 00 00 00 00 8D 55 6F 27 00 00 00 00 00 00 00 00
00 00 00 00 39 27 C7 27 00 00 00 00 91 64 A3 29 52 D7 C8 29 F3 87 B4 28 00 00 00 00 FF C0 70 28
00 00 00 00 00 00 00 00 00 00 00 00 00 00 00 00 00 00 00 00 00 00 00 00 00 00 00 00 00 00 00 00
00 00 00 00 00 00 00 00 00 00 00 00 00 00 00 00 06 A2 2B 27 00 00 00 00 2C D3 8A 2A 60 75 07 2B
CE C2 02 2B 0A 81 AE 2A 30 B5 09 2A 00 00 00 00 5B DE 14 28 00 00 00 00 00 00 00 00 00 00 00 00
00 00 00 00 00 00 00 00 00 00 00 00 00 00 00 00 00 00 00 00 00 00 00 00 00 00 00 00 00 00 00 00
05 4F 7B 27 00 00 00 00 6D C1 30 27 00 00 00 00 BD 37 33 26 00 00 00 00 00 00 00 00 44 C0 01 25
00 00 00 00 F9 4D E5 27 28 BA 0B 2A 5C C1 2F 2B D1 43 CB 2B AE FA FF 2B 38 16 C0 2B B1 BA 37 2B
38 EF 78 2A CC 0A 88 29 74 6C 8E 28 DE 48 12 28 F1 16 65 28 5B DD 43 29 5A 3B F2 29 97 E2 7D 29
00 00 00 00 CB 83 B5 28 00 00 00 00 00 00 00 00 00 00 00 00 00 00 00 00 00 00 00 00 64 30 06 29
00 00 00 00 74 13 AC 28 3E 05 40 29 7E 7A 1E 29 69 0E 99 28 5F 4C 44 26 00 00 00 00 84 61 9C 25
A8 AC B9 24 00 00 00 00 94 1D 30 25 49 1E DB 27 BE B4 36 25 00 00 00 00 FA 59 88 25 00 00 00 00
00 00 00 00 00 00 00 00 B0 40 21 27 00 00 00 00 C6 07 FE 26 4C 03 6C 28 8B C7 65 28 25 E0 14 28
6D E7 83 27 00 00 00 00 5E 9F 23 26 00 00 00 00 A6 49 7E 25 00 00 00 00 74 88 AA 28 CC 29 57 28
00 00 00 00 78 27 9F 27 00 00 00 00 00 00 00 00 00 00 00 00 00 00 00 00 00 00 00 00 00 00 00 00
00 00 00 00 00 00 00 00 D1 7C E0 25 00 00 00 00 65 B3 D8 25 74 DE 13 29 4D 96 AE 29 C3 A3 3F 2A
BF A4 FC 2A BC 55 93 2B AE 1D D2 2B 3B C5 AF 2B 52 77 4B 2B A7 14 BE 2A 7C ED 08 2A 08 60 D4 28
A1 C8 3F 27 CA 7D C1 26 35 01 79 27 82 D0 E8 28 19 F3 7E 29 11 4B 00 29 00 00 00 00 F9 85 8D 24
00 00 00 00 00 00 00 00 00 00 00 00 00 00 00 00 00 00 00 00 4B 08 51 27 00 00 00 00 BE 90 F1 26
98 49 90 25 00 00 00 00 E8 A5 B4 25 00 00 00 00 00 00 00 00 00 00 00 00 45 3E C1 27 00 00 00 00
EB 5E B4 27 CF 84 1B 28 00 00 00 00 99 E2 8D 26 00 00 00 00 00 00 00 00 00 00 00 00 00 00 00 00
00 00 00 00 88 79 82 27 00 00 00 00 10 45 0B 27 00 00 00 00 94 47 ED 25 00 00 00 00 00 00 00 00
00 00 00 00 00 00 00 00 4F D0 A7 26 00 00 00 00 1E 93 01 29 FD 87 F0 28 D6 56 DE 27 00 00 00 00
B9 14 99 26 00 00 00 00 00 00 00 00 00 00 00 00 00 00 00 00 85 6B E1 26 00 00 00 00 0A A1 9B 25
00 00 00 00 74 74 77 25 00 00 00 00 00 00 00 00 00 00 00 00 00 00 00 00 00 00 00 00 07 14 76 26
00 00 00 00 91 F0 75 25 BE 7A 1C 28 68 13 84 27 00 00 00 00 6B B0 84 26 00 00 00 00 00 00 00 00
00 00 00 00 56 25 21 26 00 00 00 00 0F 48 00 27 00 00 00 00 CC 4B A7 24 00 00 00 00 00 00 00 00
00 00 00 00 00 00 00 00 00 00 00 00 00 00 00 00 00 00 00 00 6F 9B 88 23 00 00 00 00 C6 F3 C9 22
F2 C7 2B 24 E0 FB E6 24 A9 28 6F 26 80 EC 90 28 EF A3 53 2A C8 62 43 2B 53 51 85 2B C4 A4 24 2B
1A 9C 5E 2A 58 61 2B 29 86 D4 C5 26 00 00 00 00 00 00 00 00 00 00 00 00 DF 87 A0 25 84 87 8F 29
87 37 1C 2A 24 58 CE 29 84 E5 94 28 00 00 00 00 13 48 41 27 00 00 00 00 00 00 00 00 00 00 00 00
8A B0 1D 28 00 00 00 00 11 74 91 28 B2 E8 8D 25 00 00 00 00 6F 83 EF 25 00 00 00 00 00 00 00 00
00 00 00 00 00 00 00 00 00 00 00 00 00 00 00 00 00 00 00 00 00 00 00 00 00 00 00 00 00 00 00 00
00 00 00 00 00 00 00 00 00 00 00 00 00 00 00 00 A1 7D 47 28 00 00 00 00 37 67 3F 28 02 B0 2B 28
A1 E5 A2 26 80 65 DC 25 D8 C2 12 26 A6 75 4F 27 3F 38 39 28 8F 3B 24 29 09 56 2F 2A F5 D6 F1 2A
CF 02 0D 2B AF D3 5E 2A 00 00 00 00 90 D4 BD 27 00 00 00 00 00 00 00 00 00 00 00 00 00 00 00 00
00 00 00 00 00 00 00 00 00 00 00 00 00 00 00 00 00 00 00 00 00 00 00 00 D0 27 72 2A 00 00 00 00
A3 F7 0F 2B 1E 6F 01 2E F5 A5 B4 2E 7E 6A FE 2E B3 F1 E5 2E D5 F7 94 2E E1 7F 13 2E 14 04 54 2D
1E AF 0B 2C 00 00 00 00 3F FE 49 2A 00 00 00 00 00 00 00 00 00 00 00 00 00 00 00 00 00 00 00 00
00 00 00 00 00 00 00 00 00 00 00 00 00 00 00 00 00 00 00 00 00 00 00 00 00 00 00 00 00 00 00 00
00 00 00 00 00 00 00 00 00 00 00 00 00 00 00 00 00 00 00 00 00 00 00 00 00 00 00 00 00 00 00 00
00 00 00 00 00 00 00 00 00 00 00 00 00 00 00 00 00 00 00 00 00 00 00 00 00 00 00 00 00 00 00 00
00 00 00 00 00 00 00 00 00 00 00 00 C0 5D 80 27 00 00 00 00 57 4C 44 29 99 30 23 2A A4 11 55 2A
EE 47 07 2A CA 27 6A 29 B3 66 0A 29 83 AC 1F 29 F0 F9 90 29 E5 74 D6 29 32 3A B5 29 CC C5 54 29
A8 58 FB 28 1C D6 90 28 73 13 54 27 00 00 00 00 00 00 00 00 00 00 00 00 F5 55 C3 27 DC 59 FA 29
6A A4 62 2A 9C 7D 11 2A E7 C0 88 28 00 00 00 00 AC 5A 07 28 00 00 00 00 00 00 00 00 00 00 00 00
94 18 46 26 FC 85 7E 24 1D 30 93 24 00 00 00 00 00 00 00 00 00 00 00 00 00 00 00 00 00 00 00 00
00 00 00 00 0B 30 03 28 00 00 00 00 41 2B 32 29 96 D6 F1 29 09 51 A8 29 BE 36 BF 28 00 00 00 00
14 E3 56 26 00 00 00 00 00 00 00 00 58 C9 E5 26 00 00 00 00 D6 42 13 27 22 E1 1A 29 2A 08 D2 28
00 00 00 00 9E E1 74 25 00 00 00 00 00 00 00 00 00 00 00 00 C9 38 93 27 00 00 00 00 45 6B C3 27
69 1B 8B 29 6B A4 4D 29 36 FD 0B 27 00 00 00 00 5B C1 0F 27 00 00 00 00 00 00 00 00 00 00 00 00
31 98 C3 27 00 00 00 00 19 B4 F9 26 00 00 00 00 06 79 29 26 00 00 00 00 00 00 00 00 00 00 00 00
00 00 00 00 00 00 00 00 45 1E 28 26 00 00 00 00 FB BB F0 26 00 00 00 00 EF 13 6D 23 00 00 00 00
00 00 00 00 00 00 00 00 00 00 00 00 E3 DD AD 28 00 00 00 00 5B 01 B5 28 C1 56 E0 29 CF 34 AA 29
D9 D0 1C 29 E7 54 4A 28 08 0B 44 26 00 00 00 00 04 93 83 25 00 00 00 00 83 EF D8 24 00 00 00 00
00 00 00 00 AC F9 7A 24 00 00 00 00 00 00 00 00 00 00 00 00 00 00 00 00 41 87 26 27 00 00 00 00
6C 99 A5 29 B1 FC 6A 2A AB 0D 99 29 00 00 00 00 02 B5 8B 28 00 00 00 00 00 00 00 00 00 00 00 00
00 00 00 00 00 00 00 00 41 A1 4B 27 00 00 00 00 20 8F 0D 29 9E B2 5A 29 BA 3C C8 28 12 2F 5A 27
00 00 00 00 1E 40 BC 25 00 00 00 00 0C 61 6C 25 00 00 00 00 00 00 00 00 BB 5C 7C 26 00 00 00 00
00 00 00 00 00 00 00 00 00 00 00 00 00 00 00 00 00 00 00 00 39 CE 85 29 00 00 00 00 BB E3 BF 29
65 F6 82 2A 91 55 35 2A 1A C8 A7 29 BF B5 D3 28 00 00 00 00 20 15 D1 22 9F 69 D1 21 00 00 00 00
EA 12 1A 28 A5 E4 00 2A FD E9 3A 2A 2E 58 F1 29 35 41 23 29 B1 B5 46 27 00 00 00 00 23 79 B4 25
57 99 07 26 00 00 00 00 3F FC C7 27 20 76 1E 29 AC C3 25 29 B5 A8 80 28 49 02 08 26 00 00 00 00
C9 0D 21 26 00 00 00 00 00 00 00 00 B5 8C 8E 27 00 00 00 00 AA 67 B0 27 E5 69 78 27 00 00 00 00
08 1E A9 26 00 00 00 00 00 00 00 00 00 00 00 00 00 00 00 00 9A 59 05 28 00 00 00 00 58 9D F1 27
00 00 00 00 8A 51 A2 27 00 00 00 00 00 00 00 00 00 00 00 00 00 00 00 00 00 00 00 00 40 4C 11 28
00 00 00 00 49 1F 18 28 C1 BB 36 28 51 F2 60 27 00 00 00 00 9E 53 14 26 00 00 00 00 00 00 00 00
B4 5E A7 27 00 00 00 00 5A F9 74 28 E4 55 8D 29 3C 26 84 29 AB AF E6 28 52 05 75 27 00 00 00 00
30 F6 AF 26 00 00 00 00 27 CD 22 27 00 00 00 00 BB 23 26 28 91 F0 74 29 81 6F 3F 29 22 04 11 28
00 00 00 00 9A D8 0A 27 00 00 00 00 00 00 00 00 00 00 00 00 89 62 02 27 00 00 00 00 96 F4 00 28
00 00 00 00 82 A2 FB 25 00 00 00 00 00 00 00 00 00 00 00 00 00 00 00 00 00 00 00 00 00 00 00 00
00 00 00 00 00 00 00 00 00 00 00 00 00 00 00 00 00 00 00 00 00 00 00 00 75 3C F4 21 00 00 00 00
8C 4F AE 27 4B 2B BA 29 14 4A A8 2A 52 52 E1 2A 5B 50 8E 2A 69 79 B8 29 24 7D F8 27 00 00 00 00
8A 4A 7E 27 00 00 00 00 00 00 00 00 1A 64 10 28 00 00 00 00 3F 99 8A 28 F3 FC 27 27 00 00 00 00
B8 C0 EB 26 00 00 00 00 00 00 00 00 2B 70 F7 26 00 00 00 00 0F 5C F6 27 89 E8 B0 29 50 B6 EE 29
AD 7C 84 29 2E 4F 97 28 72 37 B8 26 00 00 00 00 C1 75 61 26 00 00 00 00 C5 E0 B3 26 00 00 00 00
65 3F 2B 27 BF 5E AF 28 5A 9F 23 28 00 00 00 00 82 68 9F 26 00 00 00 00 00 00 00 00 00 00 00 00
7D 4E 97 26 00 00 00 00 54 DA 0F 26 EF 67 C6 27 BF 09 1F 27 00 00 00 00 F2 38 69 25 00 00 00 00
00 00 00 00 00 00 00 00 DB F2 13 27 00 00 00 00 9C 0F 3C 28 F7 29 55 28 00 00 00 00 1D 80 2F 26
00 00 00 00 00 00 00 00 00 00 00 00 00 00 00 00 7D 55 68 27 00 00 00 00 5D DF C2 27 19 83 4A 28
1F 4D AF 27 00 00 00 00 F5 BE C8 26 00 00 00 00 00 00 00 00 00 00 00 00 00 00 00 00 20 87 85 27
00 00 00 00 7A 3E 8E 28 30 26 E0 27 00 00 00 00 A0 3B 08 27 00 00 00 00 00 00 00 00 00 00 00 00
38 ED 22 28 00 00 00 00 E0 2A 3C 28 00 00 00 00 DD E3 16 27 00 00 00 00 00 00 00 00 00 00 00 00
00 00 00 00 00 00 00 00 B4 CD E4 28 00 00 00 00 4B 77 33 29 46 7C 12 2A 1A 12 08 2A D8 F1 16 29
00 00 00 00 B4 72 0C 28 00 00 00 00 00 00 00 00 00 00 00 00 00 00 00 00 00 00 00 00 00 00 00 00
00 00 00 00 00 00 00 00 00 00 00 00 00 00 00 00 00 00 00 00 00 00 00 00 3A 79 BB 27 00 00 00 00
67 D7 57 29 11 81 2E 2A 34 B0 41 2A E9 5A 09 2A 7B 27 95 29 53 8C F7 28 F7 02 6F 28 D6 DE 92 28
4B 5F 65 29 79 9A 62 2A 42 E5 E0 2A AB 9C D1 2A 98 4D 42 2A 3D A4 A5 28 00 00 00 00 03 E0 69 27
00 00 00 00 C3 11 B7 24 00 00 00 00 C7 80 1F 25 1C 6E FA 28 82 14 01 29 4A 8B 3D 28 4C EA 60 26
00 00 00 00 6B AE D1 25 00 00 00 00 00 00 00 00 83 D4 12 27 00 00 00 00 8E 93 8D 27 74 EE 30 27
00 00 00 00 32 4B 97 26 00 00 00 00 00 00 00 00 00 00 00 00 00 00 00 00 A4 30 50 27 00 00 00 00
9D 0A DC 25 F2 07 E4 25 00 00 00 00 17 6A F9 25 00 00 00 00 00 00 00 00 00 00 00 00 00 00 00 00
00 00 00 00 68 52 85 25 BC 9A 3B 24 7E 41 80 25 00 00 00 00 00 00 00 00 00 00 00 00 00 00 00 00
00 00 00 00 00 00 00 00 00 00 00 00 00 00 00 00 9D 7A 28 26 00 00 00 00 E0 89 21 28 6B D5 4C 29
A3 41 A4 29 D0 14 82 29 DE DB 1F 29 F5 BA E4 28 BB 0A AF 28 A9 1C CD 27 00 00 00 00 64 6A 5A 28
00 00 00 00 00 00 00 00 00 00 00 00 00 00 00 00 00 00 00 00 00 00 00 00 00 00 00 00 00 00 00 00
4E EB DD 2A 00 00 00 00 32 77 6D 2B 6E 76 26 2E 9B 19 DC 2E B7 46 19 2F 03 32 11 2F 9F 58 D8 2E
CC 50 8D 2E 58 D7 1E 2E 91 DE 70 2D 2B 1D C9 2B 00 00 00 00 AB 23 99 2A 00 00 00 00 00 00 00 00
00 00 00 00 00 00 00 00 00 00 00 00 00 00 00 00 00 00 00 00 00 00 00 00 00 00 00 00 00 00 00 00
00 00 00 00 00 00 00 00 00 00 00 00 00 00 00 00 73 59 A5 28 00 00 00 00 4D EF 7E 27 00 00 00 00
0F 36 20 24 00 00 00 00 00 00 00 00 00 00 00 00 00 00 00 00 00 00 00 00 E5 01 04 28 00 00 00 00
8E 85 5E 26 00 00 00 00 27 26 94 28 00 00 00 00 00 00 00 00 00 00 00 00 00 00 00 00 00 00 00 00
B3 F3 1B 28 00 00 00 00 8D FC 65 2A A7 95 85 2A 3D 3B D0 29 B5 40 C9 27 00 00 00 00 AB 12 4F 26
C5 A3 87 26 00 00 00 00 AB FA 79 28 C9 4B 43 2A C8 6B 85 2A 3C A9 0B 2A 33 9A BA 28 00 00 00 00
FC BF D1 26 00 00 00 00 00 00 00 00 82 88 06 26 00 00 00 00 D7 A3 45 29 71 14 8E 29 E7 27 C4 28
00 00 00 00 C5 BE 39 26 00 00 00 00 00 00 00 00 00 00 00 00 00 00 00 00 CB 99 17 27 00 00 00 00
4B 8F 27 28 00 00 00 00 3B 05 E8 25 00 00 00 00 00 00 00 00 00 00 00 00 00 00 00 00 00 00 00 00
D5 84 7C 28 00 00 00 00 92 4E 60 27 F7 6A 8F 28 F4 57 28 28 8C C6 66 26 00 00 00 00 FE 24 3C 26
00 00 00 00 36 05 58 27 00 00 00 00 C3 CF AF 28 DE 8F D8 28 6A CB D3 26 00 00 00 00 94 FB 49 26
00 00 00 00 00 00 00 00 00 00 00 00 6B 66 02 28 00 00 00 00 E1 8C C4 28 B4 21 43 29 DD 4B 3B 28
00 00 00 00 AE 2D 4D 27 00 00 00 00 00 00 00 00 00 00 00 00 9E D4 5E 27 00 00 00 00 CF A8 E9 28
BA D9 32 29 97 E5 56 28 00 00 00 00 F2 05 F7 27 00 00 00 00 00 00 00 00 00 00 00 00 00 00 00 00
00 00 00 00 04 DC 9C 25 00 00 00 00 E3 95 19 26 D8 8B F2 24 00 00 00 00 6D 28 C8 24 3B E2 3F 26
00 00 00 00 81 4D 11 29 03 DF B8 2A 25 F3 52 2B 66 D0 3C 2B 25 C5 8A 2A D5 DB E5 28 00 00 00 00
E2 88 88 27 00 00 00 00 00 00 00 00 00 00 00 00 EA 62 10 27 00 00 00 00 C1 8C B3 27 CB 9F 7D 27
4E C8 28 27 AA D5 25 27 82 18 9D 26 00 00 00 00 00 00 00 00 00 00 00 00 4B D8 5E 26 91 9D D1 27
9A 96 CB 27 82 E1 94 27 47 F9 3F 27 78 93 00 26 00 00 00 00 55 BB 4C 25 C8 20 2A 26 00 00 00 00
39 97 4F 28 CB C1 58 29 7F 83 F8 28 00 00 00 00 DB 4A 38 26 00 00 00 00 00 00 00 00 00 00 00 00
00 00 00 00 B1 6B 51 27 00 00 00 00 64 7B 89 29 3F 83 BC 29 20 AC 0B 29 3C 05 65 26 00 00 00 00
F9 45 26 26 00 00 00 00 00 00 00 00 07 84 B0 27 00 00 00 00 9B 25 C5 27 A7 0C 10 28 00 00 00 00
29 61 3C 27 00 00 00 00 00 00 00 00 00 00 00 00 00 00 00 00 00 00 00 00 D2 FA 53 26 00 00 00 00
FF A5 AA 24 00 00 00 00 E3 55 82 25 00 00 00 00 00 00 00 00 00 00 00 00 00 00 00 00 00 00 00 00
EC 42 2F 27 00 00 00 00 51 37 6C 28 B2 5D 7A 26 00 00 00 00 30 82 AD 26 00 00 00 00 00 00 00 00
00 00 00 00 00 00 00 00 EA 75 E5 26 00 00 00 00 28 EA 07 28 E5 FB 1B 27 00 00 00 00 A9 07 DB 26
00 00 00 00 00 00 00 00 00 00 00 00 3C B4 90 28 00 00 00 00 20 F6 F8 28 FE A4 91 28 BA 85 7C 27
CE 07 E1 26 E7 DB F0 26 B8 A6 EC 26 0E AA F3 25 FF B9 92 25 FA C5 41 26 2D 36 F9 27 05 14 18 29
08 EF 97 29 82 85 9C 29 58 DA 30 29 A5 F9 45 28 14 7E 1B 26 20 EF 4F 24 19 CE 91 24 11 DB B2 26
3D 58 DD 28 96 75 56 29 91 1F D9 28 00 00 00 00 D5 B9 F0 25 00 00 00 00 00 00 00 00 00 00 00 00
00 00 00 00 00 00 00 00 00 00 00 00 00 00 00 00 00 00 00 00 00 00 00 00 00 00 00 00 00 00 00 00
00 00 00 00 00 00 00 00 2F 58 EB 25 00 00 00 00 5C 18 CC 29 32 42 84 2A 45 95 40 2A B6 A1 65 29
75 24 E1 27 00 00 00 00 9C 78 2C 27 00 00 00 00 00 00 00 00 9F 60 94 27 00 00 00 00 47 75 E1 26
78 2D A0 27 00 00 00 00 5A 57 36 25 00 00 00 00 00 00 00 00 00 00 00 00 00 00 00 00 10 48 27 28
00 00 00 00 3C 33 90 27 91 16 56 28 77 DF EB 26 00 00 00 00 63 B0 A4 26 00 00 00 00 00 00 00 00
00 00 00 00 A2 D7 C3 26 00 00 00 00 00 00 00 00 BA BF 36 26 00 00 00 00 00 00 00 00 00 00 00 00
00 00 00 00 00 00 00 00 00 00 00 00 C2 4D 36 27 00 00 00 00 13 C1 0E 28 8D 9B 54 28 07 F4 EB 27
00 00 00 00 69 B7 77 27 00 00 00 00 00 00 00 00 00 00 00 00 ED D5 4A 26 00 00 00 00 3A 54 24 27
00 00 00 00 D6 E5 31 24 00 00 00 00 00 00 00 00 00 00 00 00 AD 0C 57 27 00 00 00 00 54 8C 89 28
BF BD 2F 2A 0C 0F 11 2A B8 0D 4D 29 F2 98 59 28 24 3C E1 26 00 00 00 00 B8 D1 0C 27 00 00 00 00
00 00 00 00 A0 E1 74 27 00 00 00 00 0F 9A A2 28 74 9D 00 29 85 C5 46 28 CD 10 14 26 00 00 00 00
0D DD 40 26 00 00 00 00 00 00 00 00 EA 10 2E 27 00 00 00 00 39 78 95 26 6B 13 55 27 00 00 00 00
E4 7B 9E 26 00 00 00 00 00 00 00 00 00 00 00 00 00 00 00 00 6B 5B B8 27 00 00 00 00 5B C8 C0 27
00 00 00 00 B8 DD 56 27 00 00 00 00 00 00 00 00 15 4E 84 27 00 00 00 00 A9 E9 B8 28 33 D2 93 2A
59 7D 22 2B D0 49 0F 2B 5D 3E 75 2A 18 CB 85 29 B9 C0 30 28 00 00 00 00 AC B6 24 27 00 00 00 00
A9 F3 AA 26 00 00 00 00 B8 74 0B 25 00 00 00 00 E1 84 31 26 00 00 00 00 00 00 00 00 00 00 00 00
00 00 00 00 00 00 00 00 00 00 00 00 47 CA C4 28 00 00 00 00 90 25 EF 28 F1 10 72 29 2A E8 0E 29
41 8C 2B 28 00 00 00 00 67 FB 7B 27 00 00 00 00 00 00 00 00 A3 C9 1F 27 00 00 00 00 05 95 1B 25
00 00 00 00 AD 8F F7 25 00 00 00 00 00 00 00 00 00 00 00 00 00 00 00 00 B3 62 CE 27 00 00 00 00
89 3E F5 27 DE BB 36 29 DC C6 64 28 00 00 00 00 9D 9F E9 27 00 00 00 00 00 00 00 00 5E 85 7A 28
00 00 00 00 B8 E9 2E 29 B1 7D 9C 2A 75 43 C9 2A 09 48 91 2A B6 1D F2 29 90 D3 2C 26 00 00 00 00
B9 4D 9B 25 00 00 00 00 17 39 0D 27 00 00 00 00 49 42 36 29 45 41 16 28 00 00 00 00 29 7A F1 26
00 00 00 00 00 00 00 00 00 00 00 00 00 00 00 00 00 00 00 00 D8 CF 7F 26 00 00 00 00 B9 2D 63 26
13 27 8F 26 59 22 8E 26 43 F4 06 27 B7 41 8F 27 16 B9 42 27 F2 13 21 27 D4 42 BD 27 2F E8 13 29
1D F9 08 2A EB A7 28 2A 54 46 73 29 00 00 00 00 6D 0D 69 28 00 00 00 00 00 00 00 00 00 00 00 00
00 00 00 00 00 00 00 00 00 00 00 00 00 00 00 00 00 00 00 00 00 00 00 00 00 00 00 00 00 00 00 00
01 C5 67 2B 00 00 00 00 B2 9E 1B 2C FB 4A 53 2E 2E 05 FA 2E 51 3D 18 2F 37 3C F7 2E 59 7B 97 2E
E3 5A 11 2E 48 92 3B 2D 53 67 91 2B 00 00 00 00 31 64 2F 2A 00 00 00 00 00 00 00 00 00 00 00 00
00 00 00 00 00 00 00 00 00 00 00 00 00 00 00 00 00 00 00 00 00 00 00 00 00 00 00 00 00 00 00 00
00 00 00 00 00 00 00 00 00 00 00 00 00 00 00 00 00 00 00 00 00 00 00 00 00 00 00 00 00 00 00 00
FD 54 B1 27 00 00 00 00 32 C9 30 27 98 31 2C 28 7A 6F 00 29 9C 60 BC 29 98 FC 0B 2A A8 7B 8B 29
AD 9B 6C 28 B9 EF 09 28 69 D4 91 28 BB B5 B8 29 7A CE 39 2A 1A C7 17 2A 61 30 77 29 78 E8 33 28
00 00 00 00 0C 48 C3 26 00 00 00 00 00 00 00 00 00 00 00 00 00 00 00 00 00 00 00 00 00 00 00 00
00 00 00 00 00 00 00 00 00 00 00 00 00 00 00 00 00 00 00 00 84 0B 0E 26 00 00 00 00 CA C9 0A 29
7D DD 7D 29 83 18 AA 28 00 00 00 00 5B 93 93 27 00 00 00 00 00 00 00 00 00 00 00 00 00 00 00 00
00 00 00 00 63 A5 DA 26 00 00 00 00 00 00 00 00 0B C7 6D 26 00 00 00 00 00 00 00 00 00 00 00 00
00 00 00 00 00 00 00 00 00 00 00 00 00 00 00 00 00 00 00 00 3D 4B EF 24 00 00 00 00 A7 48 B3 25
00 00 00 00 47 6D 19 23 CC 33 DF 23 00 00 00 00 10 14 E7 28 C3 30 03 2A 1E 04 19 2A F7 85 96 29
21 FA 66 28 1F E0 AB 26 F9 5D 07 25 00 00 00 00 E1 52 B8 23 00 00 00 00 05 17 CF 24 00 00 00 00
46 84 19 28 6B F2 D4 28 E9 5D 80 26 00 00 00 00 1A C6 C5 26 00 00 00 00 00 00 00 00 00 00 00 00
00 00 00 00 00 00 00 00 00 00 00 00 00 00 00 00 CD 24 0D 26 00 00 00 00 16 1B 18 28 F5 70 A0 28
35 2A BD 28 56 50 26 29 8F 29 EB 29 BD 56 98 2A 75 77 E4 2A A1 92 CA 2A 7B 89 5D 2A 71 B7 79 29
B7 3D 84 25 00 00 00 00 00 83 D1 22 7B 8F E6 25 00 00 00 00 18 0B 61 28 14 0A 97 27 17 56 46 25
EB B4 51 24 57 4C B3 23 00 00 00 00 CC 8D F7 26 00 00 00 00 00 00 00 00 96 7B 39 28 00 00 00 00
16 D6 64 29 3E EF 57 29 E7 97 5E 28 00 00 00 00 2E 97 46 26 00 00 00 00 00 00 00 00 E1 4E 8F 27
00 00 00 00 9C EE 42 28 54 C6 3D 28 00 00 00 00 37 82 96 28 00 00 00 00 00 00 00 00 00 00 00 00
00 00 00 00 00 00 00 00 00 00 00 00 00 00 00 00 00 00 00 00 00 00 00 00 00 00 00 00 00 00 00 00
00 00 00 00 00 00 00 00 00 00 00 00 00 00 00 00 C2 FC 35 27 00 00 00 00 2D 4D 49 2A AA 6C 92 2A
10 D8 48 2A 1A 6F 9F 29 63 AD 45 26 00 00 00 00 CA 02 CA 25 00 00 00 00 77 27 07 27 00 00 00 00
70 35 44 27 0A 06 94 27 52 66 26 26 FC 7B 59 24 00 00 00 00 B7 68 3A 25 00 00 00 00 AE 16 5C 24
00 00 00 00 72 D3 DB 24 A0 F6 A8 28 6D 4A 96 28 BC 43 5C 28 DC 86 31 28 8C 25 B3 27 A8 B9 87 26
E7 6C 8A 25 75 C9 53 25 AE 1E C2 25 EA 4D 79 24 00 00 00 00 D8 59 7A 25 00 00 00 00 00 00 00 00
00 00 00 00 00 00 00 00 00 00 00 00 D6 91 9C 26 00 00 00 00 02 08 8F 28 00 00 00 00 39 A9 64 27
00 00 00 00 00 00 00 00 00 00 00 00 00 00 00 00 00 00 00 00 77 A8 0B 29 00 00 00 00 71 5C 51 29
0B 7B B3 2A 8E A6 D8 2A 44 B7 AA 2A B6 4B 4C 2A 24 50 95 29 45 1A 88 28 AC 03 E7 27 39 11 14 28
45 EF EC 28 D1 00 93 29 D1 1F 8B 29 00 00 00 00 8A 7F 83 27 00 00 00 00 00 00 00 00 00 00 00 00
00 00 00 00 00 00 00 00 65 7A DE 26 00 00 00 00 00 00 00 00 BE 99 DF 25 00 00 00 00 00 00 00 00
00 00 00 00 00 00 00 00 00 00 00 00 F5 F1 90 27 00 00 00 00 10 41 F8 26 F8 A7 FD 27 00 00 00 00
74 69 32 25 00 00 00 00 00 00 00 00 00 00 00 00 00 00 00 00 C9 B5 ED 26 00 00 00 00 2E D8 49 27
23 3D CE 27 77 3B 0B 27 00 00 00 00 6C 21 01 26 00 00 00 00 00 00 00 00 00 00 00 00 75 30 21 28
00 00 00 00 59 55 A7 29 AB F5 51 2A 16 9E 4F 2A 57 C7 01 2A DC F2 53 29 66 8C 29 28 73 D8 DE 26
6E BE C3 26 43 63 BD 27 D0 FC 06 29 E2 51 BB 28 00 00 00 00 02 75 49 27 00 00 00 00 00 00 00 00
00 00 00 00 00 00 00 00 00 00 00 00 00 00 00 00 3B 6D E8 26 00 00 00 00 46 33 9B 23 00 00 00 00
18 0E 94 25 00 00 00 00 00 00 00 00 00 00 00 00 00 00 00 00 C5 B0 CF 27 00 00 00 00 FA 22 CE 28
4C 69 42 29 D5 75 2B 29 44 EF DC 28 89 09 29 28 63 D6 48 26 73 DD CF 22 3A 32 A8 22 76 22 64 24
A1 97 06 28 09 79 85 28 FC A7 6E 27 00 00 00 00 3A 26 87 26 00 00 00 00 00 00 00 00 00 00 00 00
00 00 00 00 DD FA 06 28 00 00 00 00 70 C0 0B 28 E7 D0 AF 28 4B 2E 5F 28 02 3F 42 27 00 00 00 00
6F 9D F9 26 00 00 00 00 00 00 00 00 22 6F 11 28 00 00 00 00 D4 A3 C3 28 9D C0 E2 28 2D 6F BA 27
00 00 00 00 67 BA E2 25 00 00 00 00 00 00 00 00 90 99 66 28 00 00 00 00 BB 43 70 29 E6 6F 35 2A
58 EE DD 29 C0 26 E0 27 00 00 00 00 EF 35 38 27 00 00 00 00 00 00 00 00 00 00 00 00 03 BB 98 27
00 00 00 00 79 43 94 27 09 E6 08 28 E5 43 C1 27 C8 D2 50 27 34 9B BF 25 00 00 00 00 00 00 00 00
00 00 00 00 71 BD 52 27 02 EC EB 29 BB E7 64 2A 90 DB FE 29 D5 5E 50 28 00 00 00 00 62 C5 A1 27
00 00 00 00 00 00 00 00 00 00 00 00 00 00 00 00 D2 08 BC 27 00 00 00 00 A1 C3 D5 26 AB 20 81 27
E9 5E D3 24 00 00 00 00 FD 39 34 24 BF 69 C6 25 00 00 00 00 51 64 B3 27 DD DD 66 29 D5 3B 7C 29
15 FA 85 28 00 00 00 00 9E 7A 38 26 00 00 00 00 00 00 00 00 00 00 00 00 0C D6 FB 26 00 00 00 00
6E 03 45 27 70 01 C6 28 AB 2B 5F 28 FD 81 2C 26 00 00 00 00 CB E5 6C 26 00 00 00 00 00 00 00 00
00 00 00 00 00 00 00 00 72 01 C1 25 00 00 00 00 D5 21 9B 23 00 00 00 00 1E 16 C6 24 00 00 00 00
00 00 00 00 00 00 00 00 D8 79 B3 27 00 00 00 00 8C C7 06 29 E7 2B BC 29 34 61 64 29 00 00 00 00
D8 11 00 27 00 00 00 00 00 00 00 00 00 00 00 00 00 00 00 00 00 00 00 00 00 00 00 00 00 00 00 00
00 00 00 00 00 00 00 00 00 00 00 00 00 00 00 00 00 00 00 00 43 FB 6B 27 00 00 00 00 13 CF 4F 28
3D 05 33 29 94 CA 90 29 F5 60 B4 29 F9 49 85 29 1B 9D C6 28 FC 1A B2 27 07 A7 4A 26 8A B9 1C 26
DE 11 21 27 86 72 17 29 59 A4 45 2A 3A 5D 98 2A 9E CE 61 2A 65 2F D1 29 FE 73 E8 28 00 00 00 00
94 CC 8D 25 00 00 00 00 00 00 00 00 00 00 00 00 00 00 00 00 00 00 00 00 00 00 00 00 00 00 00 00
00 00 00 00 00 00 00 00 00 00 00 00 00 00 00 00 00 00 00 00 00 00 00 00 00 00 00 00 00 00 00 00
FC 45 12 2B 00 00 00 00 B2 BB F4 2B 73 C6 08 2E 73 09 98 2E FE EE B9 2E FF 87 AA 2E 60 59 83 2E
03 0B 2B 2E DB B7 AD 2D C9 00 D7 2C C0 FB 4E 2A 00 00 00 00 92 E9 D4 29 00 00 00 00 00 00 00 00
00 00 00 00 00 00 00 00 00 00 00 00 00 00 00 00 00 00 00 00 00 00 00 00 00 00 00 00 00 00 00 00
00 00 00 00 00 00 00 00 00 00 00 00 00 00 00 00 72 10 0D 27 C0 B3 11 25 FE B0 72 25 00 00 00 00
00 00 00 00 00 00 00 00 00 00 00 00 00 00 00 00 C2 F8 81 28 00 00 00 00 DF 4A 07 28 92 23 6B 29
3D 53 31 28 00 00 00 00 2F 30 BC 27 00 00 00 00 00 00 00 00 00 00 00 00 00 00 00 00 71 E6 67 27
00 00 00 00 9F 76 05 28 00 00 00 00 3A AC 58 27 00 00 00 00 00 00 00 00 00 00 00 00 00 00 00 00
95 5E 8F 28 00 00 00 00 13 FC D2 28 22 0B A4 29 B2 81 5A 29 E6 BF 18 28 00 00 00 00 30 B9 F4 26
00 00 00 00 00 00 00 00 C5 86 0E 27 00 00 00 00 D6 07 7D 27 00 00 00 00 A5 96 0F 27 00 00 00 00
00 00 00 00 00 00 00 00 00 00 00 00 00 00 00 00 00 00 00 00 76 73 5F 28 00 00 00 00 0E 1E C9 28
36 29 04 2A 6C 7B 5A 2A F9 47 46 2A 68 C5 ED 29 D3 A2 95 29 6A BD A9 29 D5 48 35 2A AE C4 DC 2A
EB DC 27 2B CE A5 07 2B DF DE 65 2A 88 A9 09 29 00 00 00 00 64 8F A4 27 00 00 00 00 00 00 00 00
AD 29 73 27 00 00 00 00 23 09 5E 27 8F FD A2 26 00 00 00 00 F6 C2 89 26 00 00 00 00 00 00 00 00
00 00 00 00 00 00 00 00 00 00 00 00 9E A8 65 27 00 00 00 00 F6 20 B7 26 00 00 00 00 8D 9E 6F 26
00 00 00 00 00 00 00 00 00 00 00 00 00 00 00 00 FC CE CC 27 00 00 00 00 63 66 19 28 F4 95 1D 29
36 7F D0 28 00 00 00 00 15 63 15 28 00 00 00 00 00 00 00 00 00 00 00 00 65 34 11 28 00 00 00 00
DE C2 20 29 53 5A 0E 29 C3 C5 5D 26 00 00 00 00 86 15 81 26 00 00 00 00 00 00 00 00 D2 40 47 28
00 00 00 00 8B 20 A0 28 C5 F5 8D 29 20 2A 8D 29 6F 87 13 29 00 00 00 00 CF 35 28 27 00 00 00 00
00 00 00 00 00 00 00 00 00 00 00 00 33 E9 EF 27 00 00 00 00 36 53 03 29 FE 34 AF 28 00 00 00 00
96 1D 83 27 00 00 00 00 00 00 00 00 00 00 00 00 CA 46 59 24 00 00 00 00 45 3C E5 29 0B 22 B9 29
45 6E A6 28 D4 71 1F 26 00 00 00 00 F2 D5 31 24 00 00 00 00 10 B0 CD 24 00 00 00 00 F6 B7 88 28
BB 1F F0 28 FD 21 35 28 00 00 00 00 FF 43 E0 26 00 00 00 00 00 00 00 00 00 00 00 00 00 00 00 00
44 04 AF 27 00 00 00 00 98 02 AA 26 00 00 00 00 C7 E6 10 24 00 00 00 00 00 00 00 00 00 00 00 00
00 00 00 00 E4 53 B7 26 00 00 00 00 4D F4 FD 27 72 D8 18 27 00 00 00 00 AF AB 3A 27 00 00 00 00
00 00 00 00 00 00 00 00 00 00 00 00 00 00 00 00 00 00 00 00 8F E0 C0 26 00 00 00 00 8A F1 33 29
43 EE 33 29 8C BC 99 28 1D 63 53 27 00 00 00 00 00 00 00 00 00 00 00 00 B0 E1 F1 25 A1 7D 3B 28
2C 25 28 28 FB 31 91 27 83 F5 2E 27 9D A4 37 27 11 26 1B 27 34 1C 8E 25 7A 71 65 24 4C 0B B5 24
11 0B 9B 26 3E C1 9C 27 00 00 00 00 06 35 43 26 00 00 00 00 00 00 00 00 00 00 00 00 00 00 00 00
00 00 00 00 00 00 00 00 83 3A D0 28 00 00 00 00 B7 DB 1D 28 C0 2E 9B 28 22 69 94 27 00 00 00 00
29 DA 86 27 00 00 00 00 00 00 00 00 BE 9A 6B 28 00 00 00 00 99 9D D8 28 8D 51 AF 29 10 70 8E 29
A3 9A C8 28 00 00 00 00 79 94 6B 27 00 00 00 00 8D C5 6F 26 00 00 00 00 69 D2 5D 27 A8 40 67 2A
9E 25 B9 2A 2B F8 8A 2A B3 46 0E 2A 2E 4D 28 29 00 00 00 00 77 23 B3 26 00 00 00 00 A4 3D 30 26
00 00 00 00 00 66 3F 26 2F 86 51 27 06 F0 59 26 00 00 00 00 3A 94 CB 24 00 00 00 00 00 00 00 00
00 00 00 00 00 00 00 00 28 96 2E 26 00 00 00 00 4D EA 49 26 60 49 05 26 00 00 00 00 46 37 0C 26
00 00 00 00 00 00 00 00 00 00 00 00 00 00 00 00 00 00 00 00 00 00 00 00 00 00 00 00 00 00 00 00
00 00 00 00 00 00 00 00 00 00 00 00 00 00 00 00 0B D0 EC 25 00 00 00 00 A8 F7 45 27 37 AA 8F 29
A9 E7 85 29 0D CE 38 28 00 00 00 00 23 4C 92 27 00 00 00 00 00 00 00 00 00 00 00 00 A0 C4 22 28
